9.298245614035087758e-01 0.000000000000000000e+00 0.000000000000000000e+00 0.000000000000000000e+00 0.000000000000000000e+00 1.000000000000000000e+00 0.000000000000000000e+00 1.754385964912280604e-02 7.894736842105263275e-01 0.000000000000000000e+00 0.000000000000000000e+00 0.000000000000000000e+00 1.228070175438596423e-01
0.000000000000000000e+00 3.604651162790697416e-01 1.279069767441860517e-01 0.000000000000000000e+00 1.046511627906976799e-01 0.000000000000000000e+00 0.000000000000000000e+00 1.000000000000000000e+00 0.000000000000000000e+00 3.488372093023255766e-02 1.162790697674418589e-02 0.000000000000000000e+00 0.000000000000000000e+00
0.000000000000000000e+00 0.000000000000000000e+00 0.000000000000000000e+00 0.000000000000000000e+00 0.000000000000000000e+00 0.000000000000000000e+00 0.000000000000000000e+00 0.000000000000000000e+00 0.000000000000000000e+00 0.000000000000000000e+00 0.000000000000000000e+00 1.000000000000000000e+00 0.000000000000000000e+00
6.883116883116883189e-01 1.298701298701298787e-02 0.000000000000000000e+00 0.000000000000000000e+00 0.000000000000000000e+00 2.727272727272727071e-01 0.000000000000000000e+00 2.597402597402597574e-02 1.000000000000000000e+00 0.000000000000000000e+00 0.000000000000000000e+00 0.000000000000000000e+00 5.194805194805195148e-02
0.000000000000000000e+00 1.428571428571428492e-01 0.000000000000000000e+00 0.000000000000000000e+00 0.000000000000000000e+00 0.000000000000000000e+00 0.000000000000000000e+00 1.000000000000000000e+00 0.000000000000000000e+00 4.000000000000000222e-01 7.428571428571428825e-01 0.000000000000000000e+00 0.000000000000000000e+00
0.000000000000000000e+00 8.771929824561403022e-03 0.000000000000000000e+00 8.771929824561403022e-02 0.000000000000000000e+00 0.000000000000000000e+00 0.000000000000000000e+00 5.263157894736841813e-02 1.000000000000000000e+00 0.000000000000000000e+00 0.000000000000000000e+00 0.000000000000000000e+00 1.315789473684210453e-01
0.000000000000000000e+00 0.000000000000000000e+00 0.000000000000000000e+00 0.000000000000000000e+00 0.000000000000000000e+00 0.000000000000000000e+00 0.000000000000000000e+00 0.000000000000000000e+00 0.000000000000000000e+00 0.000000000000000000e+00 0.000000000000000000e+00 0.000000000000000000e+00 0.000000000000000000e+00
0.000000000000000000e+00 7.809523809523809534e-01 1.000000000000000000e+00 0.000000000000000000e+00 5.523809523809524169e-01 0.000000000000000000e+00 0.000000000000000000e+00 0.000000000000000000e+00 0.000000000000000000e+00 3.809523809523809312e-01 3.333333333333333148e-01 0.000000000000000000e+00 0.000000000000000000e+00
4.153846153846154077e-01 6.923076923076923461e-02 0.000000000000000000e+00 1.000000000000000000e+00 3.846153846153846367e-02 4.538461538461538436e-01 0.000000000000000000e+00 6.615384615384615197e-01 0.000000000000000000e+00 1.538461538461538547e-02 0.000000000000000000e+00 0.000000000000000000e+00 9.461538461538461231e-01
0.000000000000000000e+00 9.333333333333333759e-02 8.000000000000000167e-02 0.000000000000000000e+00 9.333333333333333759e-02 0.000000000000000000e+00 0.000000000000000000e+00 1.000000000000000000e+00 0.000000000000000000e+00 0.000000000000000000e+00 0.000000000000000000e+00 0.000000000000000000e+00 0.000000000000000000e+00
0.000000000000000000e+00 5.555555555555555247e-02 0.000000000000000000e+00 0.000000000000000000e+00 0.000000000000000000e+00 0.000000000000000000e+00 0.000000000000000000e+00 6.666666666666666297e-01 0.000000000000000000e+00 1.000000000000000000e+00 5.000000000000000000e-01 0.000000000000000000e+00 0.000000000000000000e+00
0.000000000000000000e+00 0.000000000000000000e+00 0.000000000000000000e+00 1.020408163265306145e-01 1.020408163265306041e-02 0.000000000000000000e+00 0.000000000000000000e+00 0.000000000000000000e+00 1.000000000000000000e+00 0.000000000000000000e+00 0.000000000000000000e+00 0.000000000000000000e+00 1.326530612244898044e-01
2.238805970149253602e-02 2.238805970149253602e-02 0.000000000000000000e+00 5.970149253731343170e-02 0.000000000000000000e+00 6.716417910447761153e-02 0.000000000000000000e+00 3.731343283582089221e-02 1.000000000000000000e+00 0.000000000000000000e+00 0.000000000000000000e+00 0.000000000000000000e+00 3.507462686567164312e-01
