0.000000000000000000e+00 0.000000000000000000e+00 0.000000000000000000e+00 0.000000000000000000e+00 6.060606060606060774e-02 7.575757575757575968e-03 1.000000000000000000e+00 3.939393939393939226e-01 0.000000000000000000e+00 9.090909090909091161e-02
1.000000000000000000e+00 0.000000000000000000e+00 0.000000000000000000e+00 0.000000000000000000e+00 0.000000000000000000e+00 0.000000000000000000e+00 0.000000000000000000e+00 0.000000000000000000e+00 4.852941176470588203e-01 0.000000000000000000e+00
0.000000000000000000e+00 8.366533864541832177e-02 2.669322709163346463e-01 0.000000000000000000e+00 0.000000000000000000e+00 1.000000000000000000e+00 0.000000000000000000e+00 0.000000000000000000e+00 0.000000000000000000e+00 0.000000000000000000e+00
0.000000000000000000e+00 0.000000000000000000e+00 0.000000000000000000e+00 0.000000000000000000e+00 0.000000000000000000e+00 0.000000000000000000e+00 0.000000000000000000e+00 0.000000000000000000e+00 0.000000000000000000e+00 0.000000000000000000e+00
0.000000000000000000e+00 0.000000000000000000e+00 0.000000000000000000e+00 0.000000000000000000e+00 1.000000000000000000e+00 0.000000000000000000e+00 7.500000000000000000e-01 1.000000000000000000e+00 0.000000000000000000e+00 7.500000000000000000e-01
0.000000000000000000e+00 1.000000000000000000e+00 8.932384341637010783e-01 0.000000000000000000e+00 0.000000000000000000e+00 0.000000000000000000e+00 0.000000000000000000e+00 0.000000000000000000e+00 0.000000000000000000e+00 0.000000000000000000e+00
0.000000000000000000e+00 2.695417789757412544e-03 4.851752021563342232e-02 0.000000000000000000e+00 0.000000000000000000e+00 7.088948787061994938e-01 0.000000000000000000e+00 0.000000000000000000e+00 0.000000000000000000e+00 1.000000000000000000e+00
0.000000000000000000e+00 0.000000000000000000e+00 0.000000000000000000e+00 0.000000000000000000e+00 4.166666666666666435e-02 0.000000000000000000e+00 1.000000000000000000e+00 0.000000000000000000e+00 0.000000000000000000e+00 1.250000000000000000e-01
0.000000000000000000e+00 0.000000000000000000e+00 0.000000000000000000e+00 0.000000000000000000e+00 0.000000000000000000e+00 0.000000000000000000e+00 1.000000000000000000e+00 0.000000000000000000e+00 0.000000000000000000e+00 4.210526315789473589e-02
0.000000000000000000e+00 2.666666666666666578e-03 8.000000000000000167e-03 0.000000000000000000e+00 0.000000000000000000e+00 4.533333333333333659e-02 1.000000000000000000e+00 0.000000000000000000e+00 0.000000000000000000e+00 3.439999999999999725e-01
