6.837438423645320063e-01 2.955665024630541732e-02 0.000000000000000000e+00 2.463054187192118341e-02 0.000000000000000000e+00 0.000000000000000000e+00 0.000000000000000000e+00 1.000000000000000000e+00 0.000000000000000000e+00 0.000000000000000000e+00 1.477832512315270866e-02 9.852216748768473017e-03 0.000000000000000000e+00 0.000000000000000000e+00
2.845528455284552713e-02 0.000000000000000000e+00 0.000000000000000000e+00 4.065040650406504495e-03 0.000000000000000000e+00 0.000000000000000000e+00 0.000000000000000000e+00 2.276422764227642170e-01 0.000000000000000000e+00 1.000000000000000000e+00 0.000000000000000000e+00 0.000000000000000000e+00 0.000000000000000000e+00 0.000000000000000000e+00
0.000000000000000000e+00 0.000000000000000000e+00 0.000000000000000000e+00 0.000000000000000000e+00 0.000000000000000000e+00 9.248554913294797231e-02 0.000000000000000000e+00 1.156069364161849654e-02 1.000000000000000000e+00 0.000000000000000000e+00 0.000000000000000000e+00 0.000000000000000000e+00 2.312138728323699377e-01 6.936416184971097576e-02
9.326424870466321071e-02 0.000000000000000000e+00 0.000000000000000000e+00 0.000000000000000000e+00 0.000000000000000000e+00 0.000000000000000000e+00 0.000000000000000000e+00 1.000000000000000000e+00 0.000000000000000000e+00 0.000000000000000000e+00 6.217616580310880714e-02 1.813471502590673634e-01 0.000000000000000000e+00 0.000000000000000000e+00
2.025316455696202500e-01 0.000000000000000000e+00 0.000000000000000000e+00 6.329113924050633333e-02 0.000000000000000000e+00 0.000000000000000000e+00 0.000000000000000000e+00 1.000000000000000000e+00 3.544303797468354444e-01 0.000000000000000000e+00 0.000000000000000000e+00 0.000000000000000000e+00 0.000000000000000000e+00 6.329113924050633333e-02
4.784688995215310818e-03 0.000000000000000000e+00 2.392344497607655496e-02 0.000000000000000000e+00 1.435406698564593332e-02 0.000000000000000000e+00 0.000000000000000000e+00 0.000000000000000000e+00 1.000000000000000000e+00 0.000000000000000000e+00 0.000000000000000000e+00 0.000000000000000000e+00 0.000000000000000000e+00 7.177033492822966487e-02
0.000000000000000000e+00 0.000000000000000000e+00 0.000000000000000000e+00 0.000000000000000000e+00 0.000000000000000000e+00 0.000000000000000000e+00 0.000000000000000000e+00 0.000000000000000000e+00 0.000000000000000000e+00 0.000000000000000000e+00 0.000000000000000000e+00 0.000000000000000000e+00 0.000000000000000000e+00 0.000000000000000000e+00
1.000000000000000000e+00 2.537165510406342861e-01 0.000000000000000000e+00 2.160555004955401481e-01 0.000000000000000000e+00 0.000000000000000000e+00 0.000000000000000000e+00 0.000000000000000000e+00 0.000000000000000000e+00 0.000000000000000000e+00 1.992071357779980068e-01 1.506442021803766074e-01 0.000000000000000000e+00 0.000000000000000000e+00
1.043841336116910212e-02 9.394572025052191563e-03 2.212943632567849761e-01 4.175365344467640502e-03 1.158663883089770391e-01 1.743215031315240027e-01 0.000000000000000000e+00 1.106471816283924881e-01 0.000000000000000000e+00 0.000000000000000000e+00 4.175365344467640502e-03 2.087682672233820251e-03 1.242171189979123236e-01 1.000000000000000000e+00
0.000000000000000000e+00 0.000000000000000000e+00 3.381642512077294438e-02 0.000000000000000000e+00 0.000000000000000000e+00 0.000000000000000000e+00 0.000000000000000000e+00 0.000000000000000000e+00 1.000000000000000000e+00 0.000000000000000000e+00 0.000000000000000000e+00 0.000000000000000000e+00 0.000000000000000000e+00 1.594202898550724501e-01
5.485232067510548842e-02 6.329113924050633333e-02 0.000000000000000000e+00 2.109704641350210880e-02 0.000000000000000000e+00 0.000000000000000000e+00 0.000000000000000000e+00 1.000000000000000000e+00 0.000000000000000000e+00 0.000000000000000000e+00 0.000000000000000000e+00 0.000000000000000000e+00 0.000000000000000000e+00 0.000000000000000000e+00
1.258741258741258862e-01 0.000000000000000000e+00 0.000000000000000000e+00 0.000000000000000000e+00 0.000000000000000000e+00 0.000000000000000000e+00 0.000000000000000000e+00 1.000000000000000000e+00 0.000000000000000000e+00 0.000000000000000000e+00 2.657342657342657288e-01 4.755244755244755206e-01 0.000000000000000000e+00 0.000000000000000000e+00
0.000000000000000000e+00 0.000000000000000000e+00 0.000000000000000000e+00 0.000000000000000000e+00 0.000000000000000000e+00 3.474576271186440857e-01 0.000000000000000000e+00 0.000000000000000000e+00 1.000000000000000000e+00 0.000000000000000000e+00 0.000000000000000000e+00 0.000000000000000000e+00 2.966101694915254106e-01 5.932203389830508627e-02
3.102378490175801244e-03 1.034126163391933893e-03 1.964839710444674092e-02 0.000000000000000000e+00 1.964839710444674092e-02 9.307135470527404600e-03 0.000000000000000000e+00 5.170630816959669029e-03 1.000000000000000000e+00 0.000000000000000000e+00 0.000000000000000000e+00 0.000000000000000000e+00 7.238883143743536815e-03 6.887280248190279508e-01
