3.773584905660377388e-03 0.000000000000000000e+00 0.000000000000000000e+00 3.773584905660377388e-03 0.000000000000000000e+00 8.679245283018867385e-02 0.000000000000000000e+00 5.660377358490566169e-02 1.000000000000000000e+00 0.000000000000000000e+00 0.000000000000000000e+00 0.000000000000000000e+00 3.773584905660377388e-03
1.000000000000000000e+00 6.600660066006600740e-03 3.300330033003300370e-03 0.000000000000000000e+00 0.000000000000000000e+00 0.000000000000000000e+00 1.518151815181518205e-01 0.000000000000000000e+00 0.000000000000000000e+00 3.300330033003300370e-03 0.000000000000000000e+00 0.000000000000000000e+00 0.000000000000000000e+00
0.000000000000000000e+00 2.926829268292682751e-01 0.000000000000000000e+00 0.000000000000000000e+00 0.000000000000000000e+00 0.000000000000000000e+00 1.000000000000000000e+00 0.000000000000000000e+00 0.000000000000000000e+00 0.000000000000000000e+00 0.000000000000000000e+00 0.000000000000000000e+00 0.000000000000000000e+00
0.000000000000000000e+00 1.459854014598540098e-02 7.299270072992700142e-02 0.000000000000000000e+00 0.000000000000000000e+00 0.000000000000000000e+00 1.000000000000000000e+00 3.284671532846715203e-01 0.000000000000000000e+00 0.000000000000000000e+00 0.000000000000000000e+00 7.299270072992700489e-03 3.649635036496350071e-02
0.000000000000000000e+00 0.000000000000000000e+00 0.000000000000000000e+00 0.000000000000000000e+00 0.000000000000000000e+00 0.000000000000000000e+00 0.000000000000000000e+00 0.000000000000000000e+00 0.000000000000000000e+00 0.000000000000000000e+00 0.000000000000000000e+00 0.000000000000000000e+00 0.000000000000000000e+00
3.571428571428571230e-02 0.000000000000000000e+00 0.000000000000000000e+00 0.000000000000000000e+00 0.000000000000000000e+00 0.000000000000000000e+00 0.000000000000000000e+00 5.714285714285713969e-01 1.000000000000000000e+00 0.000000000000000000e+00 0.000000000000000000e+00 0.000000000000000000e+00 0.000000000000000000e+00
0.000000000000000000e+00 1.000000000000000000e+00 2.935153583617747253e-01 0.000000000000000000e+00 0.000000000000000000e+00 0.000000000000000000e+00 0.000000000000000000e+00 0.000000000000000000e+00 0.000000000000000000e+00 2.047781569965870241e-02 0.000000000000000000e+00 0.000000000000000000e+00 0.000000000000000000e+00
0.000000000000000000e+00 1.264367816091954144e-01 5.172413793103448204e-02 1.000000000000000000e+00 0.000000000000000000e+00 0.000000000000000000e+00 5.804597701149425415e-01 0.000000000000000000e+00 0.000000000000000000e+00 2.298850574712643646e-02 0.000000000000000000e+00 4.597701149425287293e-02 6.379310344827586743e-01
0.000000000000000000e+00 0.000000000000000000e+00 0.000000000000000000e+00 4.184100418410041482e-03 0.000000000000000000e+00 9.205020920502092474e-02 0.000000000000000000e+00 1.000000000000000000e+00 0.000000000000000000e+00 0.000000000000000000e+00 4.184100418410041482e-03 0.000000000000000000e+00 1.297071129707113024e-01
0.000000000000000000e+00 1.000000000000000000e+00 0.000000000000000000e+00 0.000000000000000000e+00 0.000000000000000000e+00 0.000000000000000000e+00 3.333333333333333148e-01 0.000000000000000000e+00 0.000000000000000000e+00 0.000000000000000000e+00 0.000000000000000000e+00 0.000000000000000000e+00 0.000000000000000000e+00
0.000000000000000000e+00 0.000000000000000000e+00 0.000000000000000000e+00 0.000000000000000000e+00 0.000000000000000000e+00 0.000000000000000000e+00 0.000000000000000000e+00 0.000000000000000000e+00 1.000000000000000000e+00 0.000000000000000000e+00 0.000000000000000000e+00 0.000000000000000000e+00 0.000000000000000000e+00
0.000000000000000000e+00 2.500000000000000000e-01 0.000000000000000000e+00 7.500000000000000000e-01 0.000000000000000000e+00 0.000000000000000000e+00 2.500000000000000000e-01 1.000000000000000000e+00 0.000000000000000000e+00 0.000000000000000000e+00 0.000000000000000000e+00 0.000000000000000000e+00 0.000000000000000000e+00
0.000000000000000000e+00 9.090909090909090468e-03 0.000000000000000000e+00 1.909090909090909172e-01 0.000000000000000000e+00 0.000000000000000000e+00 1.363636363636363535e-01 1.000000000000000000e+00 0.000000000000000000e+00 9.090909090909090468e-03 0.000000000000000000e+00 0.000000000000000000e+00 0.000000000000000000e+00
