3.038674033149171144e-02 0.000000000000000000e+00 0.000000000000000000e+00 8.287292817679557666e-03 0.000000000000000000e+00 0.000000000000000000e+00 0.000000000000000000e+00 0.000000000000000000e+00 0.000000000000000000e+00 1.000000000000000000e+00 0.000000000000000000e+00 0.000000000000000000e+00 0.000000000000000000e+00
0.000000000000000000e+00 6.449275362318840354e-01 3.894927536231884008e-02 0.000000000000000000e+00 0.000000000000000000e+00 0.000000000000000000e+00 1.000000000000000000e+00 0.000000000000000000e+00 0.000000000000000000e+00 0.000000000000000000e+00 3.623188405797101493e-03 0.000000000000000000e+00 0.000000000000000000e+00
2.745098039215686514e-01 2.941176470588235253e-02 3.921568627450980338e-02 0.000000000000000000e+00 0.000000000000000000e+00 1.000000000000000000e+00 2.598039215686274717e-01 0.000000000000000000e+00 0.000000000000000000e+00 0.000000000000000000e+00 3.774509803921568540e-01 1.813725490196078372e-01 0.000000000000000000e+00
0.000000000000000000e+00 4.545454545454545581e-02 0.000000000000000000e+00 0.000000000000000000e+00 0.000000000000000000e+00 0.000000000000000000e+00 2.272727272727272790e-02 0.000000000000000000e+00 7.954545454545454142e-01 0.000000000000000000e+00 0.000000000000000000e+00 1.000000000000000000e+00 2.272727272727272790e-02
0.000000000000000000e+00 0.000000000000000000e+00 0.000000000000000000e+00 0.000000000000000000e+00 0.000000000000000000e+00 0.000000000000000000e+00 0.000000000000000000e+00 0.000000000000000000e+00 0.000000000000000000e+00 0.000000000000000000e+00 0.000000000000000000e+00 0.000000000000000000e+00 0.000000000000000000e+00
0.000000000000000000e+00 0.000000000000000000e+00 0.000000000000000000e+00 0.000000000000000000e+00 0.000000000000000000e+00 1.355932203389830469e-02 0.000000000000000000e+00 1.000000000000000000e+00 0.000000000000000000e+00 0.000000000000000000e+00 0.000000000000000000e+00 0.000000000000000000e+00 0.000000000000000000e+00
0.000000000000000000e+00 1.000000000000000000e+00 2.709270927092709003e-01 0.000000000000000000e+00 0.000000000000000000e+00 0.000000000000000000e+00 0.000000000000000000e+00 0.000000000000000000e+00 0.000000000000000000e+00 0.000000000000000000e+00 4.950495049504950729e-02 0.000000000000000000e+00 0.000000000000000000e+00
1.000000000000000000e+00 0.000000000000000000e+00 0.000000000000000000e+00 0.000000000000000000e+00 0.000000000000000000e+00 5.870967741935483319e-01 0.000000000000000000e+00 2.580645161290322578e-02 0.000000000000000000e+00 0.000000000000000000e+00 0.000000000000000000e+00 3.548387096774193727e-01 0.000000000000000000e+00
0.000000000000000000e+00 3.151515151515151686e-02 3.636363636363636360e-03 3.515151515151514888e-02 0.000000000000000000e+00 0.000000000000000000e+00 2.969696969696969946e-01 0.000000000000000000e+00 0.000000000000000000e+00 0.000000000000000000e+00 3.636363636363636360e-03 4.848484848484848481e-02 1.000000000000000000e+00
7.320574162679426289e-01 0.000000000000000000e+00 0.000000000000000000e+00 0.000000000000000000e+00 0.000000000000000000e+00 0.000000000000000000e+00 0.000000000000000000e+00 0.000000000000000000e+00 0.000000000000000000e+00 5.263157894736841813e-02 0.000000000000000000e+00 1.000000000000000000e+00 0.000000000000000000e+00
0.000000000000000000e+00 4.761904761904761640e-02 1.000000000000000000e+00 0.000000000000000000e+00 0.000000000000000000e+00 0.000000000000000000e+00 5.238095238095238360e-01 8.333333333333332871e-02 0.000000000000000000e+00 0.000000000000000000e+00 1.190476190476190410e-02 0.000000000000000000e+00 0.000000000000000000e+00
0.000000000000000000e+00 0.000000000000000000e+00 6.779661016949152345e-03 1.728813559322033844e-01 0.000000000000000000e+00 0.000000000000000000e+00 0.000000000000000000e+00 0.000000000000000000e+00 1.000000000000000000e+00 0.000000000000000000e+00 0.000000000000000000e+00 0.000000000000000000e+00 1.355932203389830504e-01
0.000000000000000000e+00 2.378121284185493248e-03 0.000000000000000000e+00 0.000000000000000000e+00 0.000000000000000000e+00 0.000000000000000000e+00 2.378121284185493595e-02 0.000000000000000000e+00 1.000000000000000000e+00 0.000000000000000000e+00 0.000000000000000000e+00 3.567181926278240305e-03 5.838287752675386244e-01
