2.875399361022364098e-02 0.000000000000000000e+00 0.000000000000000000e+00 0.000000000000000000e+00 0.000000000000000000e+00 7.028753993610223350e-02 0.000000000000000000e+00 0.000000000000000000e+00 0.000000000000000000e+00 3.194888178913737886e-03 1.000000000000000000e+00 0.000000000000000000e+00 8.945686900958466081e-02 0.000000000000000000e+00 0.000000000000000000e+00
0.000000000000000000e+00 6.004514672686229737e-01 6.094808126410835442e-02 0.000000000000000000e+00 0.000000000000000000e+00 0.000000000000000000e+00 0.000000000000000000e+00 1.000000000000000000e+00 0.000000000000000000e+00 0.000000000000000000e+00 0.000000000000000000e+00 0.000000000000000000e+00 0.000000000000000000e+00 0.000000000000000000e+00 0.000000000000000000e+00
1.000000000000000000e+00 7.968127490039840499e-03 3.984063745019920250e-03 0.000000000000000000e+00 0.000000000000000000e+00 0.000000000000000000e+00 1.195219123505976144e-01 1.354581673306772815e-01 0.000000000000000000e+00 0.000000000000000000e+00 0.000000000000000000e+00 1.115537848605577670e-01 0.000000000000000000e+00 0.000000000000000000e+00 0.000000000000000000e+00
0.000000000000000000e+00 9.375000000000000000e-02 1.041666666666666609e-02 0.000000000000000000e+00 0.000000000000000000e+00 0.000000000000000000e+00 0.000000000000000000e+00 9.583333333333333703e-01 0.000000000000000000e+00 1.000000000000000000e+00 0.000000000000000000e+00 2.083333333333333218e-02 0.000000000000000000e+00 0.000000000000000000e+00 8.333333333333332871e-02
0.000000000000000000e+00 0.000000000000000000e+00 0.000000000000000000e+00 0.000000000000000000e+00 0.000000000000000000e+00 0.000000000000000000e+00 0.000000000000000000e+00 0.000000000000000000e+00 0.000000000000000000e+00 0.000000000000000000e+00 0.000000000000000000e+00 0.000000000000000000e+00 0.000000000000000000e+00 0.000000000000000000e+00 0.000000000000000000e+00
1.078167115902965018e-02 0.000000000000000000e+00 0.000000000000000000e+00 2.695417789757412544e-03 0.000000000000000000e+00 7.088948787061994938e-01 0.000000000000000000e+00 0.000000000000000000e+00 0.000000000000000000e+00 4.851752021563342232e-02 1.000000000000000000e+00 0.000000000000000000e+00 1.078167115902965018e-02 0.000000000000000000e+00 1.886792452830188607e-02
0.000000000000000000e+00 0.000000000000000000e+00 0.000000000000000000e+00 0.000000000000000000e+00 0.000000000000000000e+00 1.499999999999999944e-01 0.000000000000000000e+00 0.000000000000000000e+00 1.000000000000000000e+00 0.000000000000000000e+00 2.999999999999999889e-01 0.000000000000000000e+00 5.000000000000000278e-02 0.000000000000000000e+00 0.000000000000000000e+00
0.000000000000000000e+00 1.000000000000000000e+00 6.762749445676274895e-01 0.000000000000000000e+00 0.000000000000000000e+00 0.000000000000000000e+00 0.000000000000000000e+00 0.000000000000000000e+00 0.000000000000000000e+00 0.000000000000000000e+00 0.000000000000000000e+00 6.651884700665188464e-03 0.000000000000000000e+00 0.000000000000000000e+00 0.000000000000000000e+00
1.000000000000000000e+00 0.000000000000000000e+00 0.000000000000000000e+00 0.000000000000000000e+00 0.000000000000000000e+00 0.000000000000000000e+00 0.000000000000000000e+00 0.000000000000000000e+00 0.000000000000000000e+00 0.000000000000000000e+00 0.000000000000000000e+00 0.000000000000000000e+00 0.000000000000000000e+00 0.000000000000000000e+00 0.000000000000000000e+00
0.000000000000000000e+00 8.253094910591471031e-03 1.375515818431911983e-03 2.503438789546079679e-01 0.000000000000000000e+00 0.000000000000000000e+00 0.000000000000000000e+00 2.475928473177441413e-01 0.000000000000000000e+00 0.000000000000000000e+00 0.000000000000000000e+00 0.000000000000000000e+00 0.000000000000000000e+00 1.237964236588720741e-02 1.000000000000000000e+00
1.447721179624665011e-01 0.000000000000000000e+00 0.000000000000000000e+00 0.000000000000000000e+00 0.000000000000000000e+00 1.000000000000000000e+00 0.000000000000000000e+00 0.000000000000000000e+00 0.000000000000000000e+00 6.782841823056300345e-01 0.000000000000000000e+00 0.000000000000000000e+00 1.260053619302949068e-01 8.042895442359249483e-03 5.093833780160857833e-02
0.000000000000000000e+00 0.000000000000000000e+00 5.789473684210526550e-01 0.000000000000000000e+00 0.000000000000000000e+00 0.000000000000000000e+00 0.000000000000000000e+00 5.263157894736841813e-02 1.000000000000000000e+00 0.000000000000000000e+00 1.578947368421052544e-01 0.000000000000000000e+00 0.000000000000000000e+00 0.000000000000000000e+00 0.000000000000000000e+00
2.678571428571428492e-01 0.000000000000000000e+00 0.000000000000000000e+00 0.000000000000000000e+00 0.000000000000000000e+00 1.250000000000000000e-01 0.000000000000000000e+00 0.000000000000000000e+00 0.000000000000000000e+00 3.571428571428571230e-02 1.000000000000000000e+00 0.000000000000000000e+00 0.000000000000000000e+00 0.000000000000000000e+00 0.000000000000000000e+00
0.000000000000000000e+00 0.000000000000000000e+00 0.000000000000000000e+00 1.000000000000000000e+00 0.000000000000000000e+00 0.000000000000000000e+00 0.000000000000000000e+00 0.000000000000000000e+00 0.000000000000000000e+00 5.714285714285713969e-01 0.000000000000000000e+00 0.000000000000000000e+00 0.000000000000000000e+00 0.000000000000000000e+00 1.428571428571428492e-01
0.000000000000000000e+00 2.735978112175102561e-03 1.367989056087551281e-03 2.462380300957592305e-02 0.000000000000000000e+00 0.000000000000000000e+00 0.000000000000000000e+00 1.231190150478796153e-02 0.000000000000000000e+00 1.000000000000000000e+00 0.000000000000000000e+00 1.367989056087551281e-03 0.000000000000000000e+00 0.000000000000000000e+00 6.689466484268126178e-01
