0.000000000000000000e+00 0.000000000000000000e+00 0.000000000000000000e+00 0.000000000000000000e+00 0.000000000000000000e+00 1.029411764705882304e-01 0.000000000000000000e+00 1.102941176470588307e-02 1.000000000000000000e+00 3.676470588235294067e-03
1.000000000000000000e+00 0.000000000000000000e+00 2.310231023102310086e-02 0.000000000000000000e+00 0.000000000000000000e+00 0.000000000000000000e+00 2.145214521452145084e-01 0.000000000000000000e+00 0.000000000000000000e+00 0.000000000000000000e+00
0.000000000000000000e+00 4.700162074554294772e-02 6.385737439222042289e-01 0.000000000000000000e+00 0.000000000000000000e+00 0.000000000000000000e+00 1.000000000000000000e+00 0.000000000000000000e+00 0.000000000000000000e+00 0.000000000000000000e+00
0.000000000000000000e+00 0.000000000000000000e+00 1.359223300970873738e-01 0.000000000000000000e+00 0.000000000000000000e+00 0.000000000000000000e+00 1.000000000000000000e+00 4.757281553398058360e-01 0.000000000000000000e+00 3.883495145631067624e-02
0.000000000000000000e+00 0.000000000000000000e+00 0.000000000000000000e+00 0.000000000000000000e+00 0.000000000000000000e+00 0.000000000000000000e+00 0.000000000000000000e+00 0.000000000000000000e+00 0.000000000000000000e+00 0.000000000000000000e+00
0.000000000000000000e+00 0.000000000000000000e+00 0.000000000000000000e+00 0.000000000000000000e+00 0.000000000000000000e+00 6.457142857142856851e-01 0.000000000000000000e+00 8.571428571428571508e-02 1.000000000000000000e+00 2.285714285714285712e-02
0.000000000000000000e+00 5.372168284789643478e-01 1.000000000000000000e+00 0.000000000000000000e+00 0.000000000000000000e+00 0.000000000000000000e+00 0.000000000000000000e+00 0.000000000000000000e+00 0.000000000000000000e+00 0.000000000000000000e+00
0.000000000000000000e+00 1.591187270501836018e-02 7.343941248470012458e-03 1.835985312117502932e-01 0.000000000000000000e+00 0.000000000000000000e+00 1.835985312117502932e-01 0.000000000000000000e+00 0.000000000000000000e+00 1.000000000000000000e+00
0.000000000000000000e+00 0.000000000000000000e+00 0.000000000000000000e+00 0.000000000000000000e+00 0.000000000000000000e+00 6.171003717472118844e-01 0.000000000000000000e+00 1.000000000000000000e+00 0.000000000000000000e+00 4.460966542750929159e-02
0.000000000000000000e+00 2.500000000000000052e-03 1.250000000000000026e-03 2.500000000000000139e-02 0.000000000000000000e+00 0.000000000000000000e+00 1.874999999999999931e-02 1.000000000000000000e+00 0.000000000000000000e+00 5.987500000000000044e-01
