0.000000000000000000e+00 0.000000000000000000e+00 0.000000000000000000e+00 0.000000000000000000e+00 0.000000000000000000e+00 0.000000000000000000e+00 0.000000000000000000e+00 0.000000000000000000e+00 0.000000000000000000e+00 0.000000000000000000e+00 0.000000000000000000e+00 0.000000000000000000e+00 0.000000000000000000e+00 0.000000000000000000e+00 0.000000000000000000e+00 0.000000000000000000e+00 0.000000000000000000e+00 0.000000000000000000e+00 0.000000000000000000e+00 0.000000000000000000e+00
0.000000000000000000e+00 3.409090909090908839e-02 0.000000000000000000e+00 1.136363636363636395e-02 0.000000000000000000e+00 3.409090909090908839e-02 1.136363636363636395e-02 1.136363636363636395e-02 0.000000000000000000e+00 1.136363636363636326e-01 2.272727272727272790e-02 0.000000000000000000e+00 9.886363636363636465e-01 5.681818181818181629e-02 0.000000000000000000e+00 1.000000000000000000e+00 0.000000000000000000e+00 0.000000000000000000e+00 0.000000000000000000e+00 9.090909090909091161e-02
0.000000000000000000e+00 0.000000000000000000e+00 5.819032761310451995e-01 0.000000000000000000e+00 4.836193447737909684e-02 0.000000000000000000e+00 1.560062402496099898e-02 0.000000000000000000e+00 0.000000000000000000e+00 0.000000000000000000e+00 0.000000000000000000e+00 1.000000000000000000e+00 0.000000000000000000e+00 0.000000000000000000e+00 1.560062402496099898e-02 0.000000000000000000e+00 1.560062402496099898e-03 2.964118564742589806e-02 0.000000000000000000e+00 0.000000000000000000e+00
0.000000000000000000e+00 0.000000000000000000e+00 0.000000000000000000e+00 0.000000000000000000e+00 0.000000000000000000e+00 0.000000000000000000e+00 0.000000000000000000e+00 0.000000000000000000e+00 0.000000000000000000e+00 0.000000000000000000e+00 0.000000000000000000e+00 0.000000000000000000e+00 1.000000000000000000e+00 0.000000000000000000e+00 0.000000000000000000e+00 0.000000000000000000e+00 0.000000000000000000e+00 0.000000000000000000e+00 0.000000000000000000e+00 0.000000000000000000e+00
0.000000000000000000e+00 1.000000000000000000e+00 6.435643564356435808e-02 0.000000000000000000e+00 1.980198019801980222e-02 0.000000000000000000e+00 0.000000000000000000e+00 0.000000000000000000e+00 0.000000000000000000e+00 0.000000000000000000e+00 0.000000000000000000e+00 3.910891089108911034e-01 0.000000000000000000e+00 5.297029702970297294e-01 0.000000000000000000e+00 0.000000000000000000e+00 0.000000000000000000e+00 0.000000000000000000e+00 0.000000000000000000e+00 0.000000000000000000e+00
0.000000000000000000e+00 0.000000000000000000e+00 0.000000000000000000e+00 0.000000000000000000e+00 0.000000000000000000e+00 0.000000000000000000e+00 0.000000000000000000e+00 8.620689655172413673e-03 1.724137931034482735e-02 0.000000000000000000e+00 0.000000000000000000e+00 0.000000000000000000e+00 6.810344827586206629e-01 0.000000000000000000e+00 0.000000000000000000e+00 0.000000000000000000e+00 0.000000000000000000e+00 0.000000000000000000e+00 1.000000000000000000e+00 6.034482758620689918e-02
0.000000000000000000e+00 0.000000000000000000e+00 2.666666666666666838e-02 0.000000000000000000e+00 0.000000000000000000e+00 0.000000000000000000e+00 0.000000000000000000e+00 0.000000000000000000e+00 0.000000000000000000e+00 0.000000000000000000e+00 0.000000000000000000e+00 5.600000000000000533e-01 0.000000000000000000e+00 0.000000000000000000e+00 4.000000000000000083e-02 0.000000000000000000e+00 1.333333333333333419e-02 1.000000000000000000e+00 0.000000000000000000e+00 0.000000000000000000e+00
0.000000000000000000e+00 0.000000000000000000e+00 1.443298969072164817e-01 0.000000000000000000e+00 1.030927835051546372e-02 1.030927835051546372e-02 1.030927835051546372e-02 0.000000000000000000e+00 1.030927835051546372e-02 0.000000000000000000e+00 0.000000000000000000e+00 1.000000000000000000e+00 9.587628865979381798e-01 1.030927835051546372e-02 0.000000000000000000e+00 0.000000000000000000e+00 1.030927835051546372e-02 0.000000000000000000e+00 2.061855670103092744e-02 1.340206185567010266e-01
0.000000000000000000e+00 0.000000000000000000e+00 0.000000000000000000e+00 0.000000000000000000e+00 0.000000000000000000e+00 1.111111111111111154e-02 0.000000000000000000e+00 1.111111111111111154e-02 0.000000000000000000e+00 0.000000000000000000e+00 0.000000000000000000e+00 5.555555555555555768e-03 1.000000000000000000e+00 0.000000000000000000e+00 0.000000000000000000e+00 0.000000000000000000e+00 0.000000000000000000e+00 0.000000000000000000e+00 0.000000000000000000e+00 7.777777777777777901e-02
0.000000000000000000e+00 5.000000000000000278e-02 0.000000000000000000e+00 0.000000000000000000e+00 0.000000000000000000e+00 0.000000000000000000e+00 0.000000000000000000e+00 0.000000000000000000e+00 0.000000000000000000e+00 1.000000000000000000e+00 0.000000000000000000e+00 0.000000000000000000e+00 2.500000000000000000e-01 5.000000000000000278e-02 0.000000000000000000e+00 6.999999999999999556e-01 0.000000000000000000e+00 0.000000000000000000e+00 0.000000000000000000e+00 4.000000000000000222e-01
0.000000000000000000e+00 0.000000000000000000e+00 0.000000000000000000e+00 0.000000000000000000e+00 0.000000000000000000e+00 0.000000000000000000e+00 0.000000000000000000e+00 0.000000000000000000e+00 0.000000000000000000e+00 0.000000000000000000e+00 0.000000000000000000e+00 0.000000000000000000e+00 5.000000000000000000e-01 0.000000000000000000e+00 0.000000000000000000e+00 1.000000000000000000e+00 0.000000000000000000e+00 0.000000000000000000e+00 0.000000000000000000e+00 0.000000000000000000e+00
0.000000000000000000e+00 0.000000000000000000e+00 1.000000000000000000e+00 0.000000000000000000e+00 5.124610591900311540e-01 0.000000000000000000e+00 1.651090342679127632e-01 0.000000000000000000e+00 0.000000000000000000e+00 0.000000000000000000e+00 0.000000000000000000e+00 0.000000000000000000e+00 0.000000000000000000e+00 0.000000000000000000e+00 5.140186915887850344e-02 0.000000000000000000e+00 4.361370716510903217e-02 3.598130841121495171e-01 0.000000000000000000e+00 0.000000000000000000e+00
0.000000000000000000e+00 0.000000000000000000e+00 1.103752759381898541e-02 0.000000000000000000e+00 1.103752759381898541e-02 1.942604856512141209e-01 3.311258278145695361e-03 1.843267108167770396e-01 8.057395143487858236e-02 0.000000000000000000e+00 0.000000000000000000e+00 1.677704194260485615e-01 0.000000000000000000e+00 3.973509933774834607e-02 1.103752759381898454e-03 0.000000000000000000e+00 1.103752759381898454e-03 1.103752759381898454e-03 3.796909492273730646e-01 1.000000000000000000e+00
0.000000000000000000e+00 0.000000000000000000e+00 0.000000000000000000e+00 0.000000000000000000e+00 8.620689655172413673e-03 1.724137931034482735e-02 0.000000000000000000e+00 2.500000000000000000e-01 0.000000000000000000e+00 0.000000000000000000e+00 0.000000000000000000e+00 0.000000000000000000e+00 1.000000000000000000e+00 1.724137931034482735e-02 0.000000000000000000e+00 0.000000000000000000e+00 0.000000000000000000e+00 0.000000000000000000e+00 0.000000000000000000e+00 6.896551724137930939e-02
0.000000000000000000e+00 0.000000000000000000e+00 8.547008547008547175e-02 0.000000000000000000e+00 7.692307692307692735e-02 0.000000000000000000e+00 8.547008547008547868e-03 0.000000000000000000e+00 0.000000000000000000e+00 0.000000000000000000e+00 0.000000000000000000e+00 1.000000000000000000e+00 0.000000000000000000e+00 0.000000000000000000e+00 0.000000000000000000e+00 0.000000000000000000e+00 1.709401709401709574e-02 0.000000000000000000e+00 0.000000000000000000e+00 0.000000000000000000e+00
0.000000000000000000e+00 2.564102564102564014e-02 0.000000000000000000e+00 1.282051282051282007e-02 0.000000000000000000e+00 1.282051282051282007e-02 0.000000000000000000e+00 0.000000000000000000e+00 0.000000000000000000e+00 2.435897435897435848e-01 1.282051282051282007e-02 0.000000000000000000e+00 1.000000000000000000e+00 1.282051282051282007e-02 0.000000000000000000e+00 0.000000000000000000e+00 0.000000000000000000e+00 0.000000000000000000e+00 0.000000000000000000e+00 1.282051282051282007e-02
0.000000000000000000e+00 0.000000000000000000e+00 5.000000000000000278e-02 0.000000000000000000e+00 1.000000000000000000e+00 0.000000000000000000e+00 0.000000000000000000e+00 0.000000000000000000e+00 0.000000000000000000e+00 0.000000000000000000e+00 0.000000000000000000e+00 6.500000000000000222e-01 0.000000000000000000e+00 0.000000000000000000e+00 0.000000000000000000e+00 0.000000000000000000e+00 0.000000000000000000e+00 0.000000000000000000e+00 0.000000000000000000e+00 0.000000000000000000e+00
0.000000000000000000e+00 0.000000000000000000e+00 4.000000000000000083e-02 0.000000000000000000e+00 2.352941176470588029e-03 0.000000000000000000e+00 0.000000000000000000e+00 0.000000000000000000e+00 0.000000000000000000e+00 0.000000000000000000e+00 0.000000000000000000e+00 5.105882352941176761e-01 0.000000000000000000e+00 0.000000000000000000e+00 2.141176470588235237e-01 0.000000000000000000e+00 0.000000000000000000e+00 1.000000000000000000e+00 0.000000000000000000e+00 0.000000000000000000e+00
0.000000000000000000e+00 0.000000000000000000e+00 0.000000000000000000e+00 0.000000000000000000e+00 0.000000000000000000e+00 0.000000000000000000e+00 0.000000000000000000e+00 0.000000000000000000e+00 1.826771653543307061e-01 0.000000000000000000e+00 0.000000000000000000e+00 3.149606299212598381e-03 5.464566929133858331e-01 1.574803149606299191e-03 1.574803149606299191e-03 0.000000000000000000e+00 0.000000000000000000e+00 0.000000000000000000e+00 1.000000000000000000e+00 4.094488188976377896e-02
0.000000000000000000e+00 0.000000000000000000e+00 3.363228699551569674e-03 0.000000000000000000e+00 0.000000000000000000e+00 2.242152466367712885e-02 1.121076233183856486e-03 2.802690582959641366e-02 7.847533632286995617e-03 0.000000000000000000e+00 0.000000000000000000e+00 8.968609865470851886e-03 1.000000000000000000e+00 4.484304932735425943e-03 0.000000000000000000e+00 0.000000000000000000e+00 0.000000000000000000e+00 0.000000000000000000e+00 3.475336322869955474e-02 6.367713004484304440e-01
