3.995433789954337955e-01 2.283105022831050102e-03 0.000000000000000000e+00 0.000000000000000000e+00 2.283105022831050102e-03 1.000000000000000000e+00 0.000000000000000000e+00 6.849315068493150305e-03 2.123287671232876594e-01 4.566210045662100203e-03 1.598173515981735071e-02 0.000000000000000000e+00 2.283105022831050102e-03 0.000000000000000000e+00 1.598173515981735071e-02
0.000000000000000000e+00 0.000000000000000000e+00 5.416666666666666297e-01 0.000000000000000000e+00 0.000000000000000000e+00 0.000000000000000000e+00 0.000000000000000000e+00 1.000000000000000000e+00 0.000000000000000000e+00 0.000000000000000000e+00 4.166666666666666852e-01 4.166666666666666435e-02 2.291666666666666574e-01 8.125000000000000000e-01 0.000000000000000000e+00
0.000000000000000000e+00 4.290429042904290308e-02 9.570957095709571594e-02 0.000000000000000000e+00 0.000000000000000000e+00 0.000000000000000000e+00 0.000000000000000000e+00 2.838283828382838214e-01 0.000000000000000000e+00 1.000000000000000000e+00 3.300330033003300023e-02 9.900990099009901110e-03 9.900990099009901110e-03 1.848184818481848068e-01 0.000000000000000000e+00
7.129337539432176740e-01 1.577287066246056734e-03 0.000000000000000000e+00 3.154574132492113468e-03 7.886435331230283452e-03 1.000000000000000000e+00 0.000000000000000000e+00 6.309148264984226935e-03 3.328075709779179658e-01 3.154574132492113468e-03 1.892744479495268167e-02 0.000000000000000000e+00 4.731861198738170418e-03 0.000000000000000000e+00 2.996845425867507989e-02
0.000000000000000000e+00 1.166666666666666685e-01 0.000000000000000000e+00 1.166666666666666685e-01 0.000000000000000000e+00 1.166666666666666685e-01 0.000000000000000000e+00 9.333333333333333481e-01 1.333333333333333315e-01 0.000000000000000000e+00 0.000000000000000000e+00 0.000000000000000000e+00 0.000000000000000000e+00 1.000000000000000000e+00 0.000000000000000000e+00
3.021148036253776432e-03 3.021148036253776432e-03 1.510574018126888303e-02 1.000000000000000000e+00 9.214501510574017729e-02 3.021148036253776432e-03 0.000000000000000000e+00 3.625377643504532066e-02 6.812688821752266310e-01 1.359516616314199351e-02 0.000000000000000000e+00 1.510574018126888216e-03 1.510574018126888216e-03 6.344410876132930421e-02 5.891238670694864260e-02
0.000000000000000000e+00 0.000000000000000000e+00 0.000000000000000000e+00 0.000000000000000000e+00 0.000000000000000000e+00 0.000000000000000000e+00 0.000000000000000000e+00 0.000000000000000000e+00 0.000000000000000000e+00 0.000000000000000000e+00 0.000000000000000000e+00 0.000000000000000000e+00 0.000000000000000000e+00 0.000000000000000000e+00 0.000000000000000000e+00
0.000000000000000000e+00 1.379310344827586188e-01 5.080459770114942319e-01 0.000000000000000000e+00 0.000000000000000000e+00 0.000000000000000000e+00 0.000000000000000000e+00 0.000000000000000000e+00 0.000000000000000000e+00 0.000000000000000000e+00 5.126436781609194915e-01 9.195402298850574585e-02 1.655172413793103425e-01 1.000000000000000000e+00 0.000000000000000000e+00
1.859999999999999987e-01 4.000000000000000083e-03 2.800000000000000058e-02 1.000000000000000000e+00 1.079999999999999988e-01 4.119999999999999774e-01 0.000000000000000000e+00 3.599999999999999728e-02 0.000000000000000000e+00 1.200000000000000025e-02 1.200000000000000025e-02 2.000000000000000042e-03 6.000000000000000125e-03 4.000000000000000083e-02 1.300000000000000044e-01
5.681818181818181976e-03 0.000000000000000000e+00 0.000000000000000000e+00 6.647727272727272929e-01 7.954545454545454419e-02 1.704545454545454419e-02 0.000000000000000000e+00 0.000000000000000000e+00 1.000000000000000000e+00 1.704545454545454419e-02 0.000000000000000000e+00 0.000000000000000000e+00 0.000000000000000000e+00 0.000000000000000000e+00 6.818181818181817677e-02
0.000000000000000000e+00 5.351170568561872815e-02 2.307692307692307820e-01 0.000000000000000000e+00 0.000000000000000000e+00 0.000000000000000000e+00 0.000000000000000000e+00 8.478260869565217295e-01 0.000000000000000000e+00 0.000000000000000000e+00 5.016722408026755980e-03 5.016722408026755980e-02 5.016722408026755980e-03 1.000000000000000000e+00 0.000000000000000000e+00
0.000000000000000000e+00 0.000000000000000000e+00 1.000000000000000000e+00 0.000000000000000000e+00 0.000000000000000000e+00 0.000000000000000000e+00 0.000000000000000000e+00 2.280701754385964786e-01 0.000000000000000000e+00 0.000000000000000000e+00 8.771929824561403022e-02 0.000000000000000000e+00 1.754385964912280604e-02 1.578947368421052544e-01 0.000000000000000000e+00
0.000000000000000000e+00 1.210653753026634354e-02 2.421307506053268881e-03 0.000000000000000000e+00 0.000000000000000000e+00 0.000000000000000000e+00 0.000000000000000000e+00 2.251815980629539860e-01 0.000000000000000000e+00 0.000000000000000000e+00 1.000000000000000000e+00 2.421307506053268881e-03 4.794188861985472228e-01 9.685230024213075523e-03 0.000000000000000000e+00
0.000000000000000000e+00 3.758169934640522708e-02 1.143790849673202541e-02 0.000000000000000000e+00 0.000000000000000000e+00 0.000000000000000000e+00 0.000000000000000000e+00 3.202614379084967045e-01 0.000000000000000000e+00 0.000000000000000000e+00 1.000000000000000000e+00 1.143790849673202541e-02 6.846405228758170036e-01 1.633986928104575213e-03 0.000000000000000000e+00
8.771929824561403022e-02 0.000000000000000000e+00 1.754385964912280604e-02 1.000000000000000000e+00 1.754385964912280604e-01 2.807017543859648967e-01 0.000000000000000000e+00 5.263157894736841813e-02 8.596491228070175517e-01 0.000000000000000000e+00 0.000000000000000000e+00 0.000000000000000000e+00 0.000000000000000000e+00 1.754385964912280604e-02 0.000000000000000000e+00
