0.000000000000000000e+00 0.000000000000000000e+00 0.000000000000000000e+00 0.000000000000000000e+00 0.000000000000000000e+00 0.000000000000000000e+00 0.000000000000000000e+00 0.000000000000000000e+00 0.000000000000000000e+00 0.000000000000000000e+00 1.000000000000000000e+00 0.000000000000000000e+00 0.000000000000000000e+00 0.000000000000000000e+00 0.000000000000000000e+00 0.000000000000000000e+00
0.000000000000000000e+00 6.130319148936169693e-01 5.585106382978723139e-02 0.000000000000000000e+00 5.319148936170212637e-03 0.000000000000000000e+00 0.000000000000000000e+00 0.000000000000000000e+00 1.000000000000000000e+00 1.063829787234042527e-02 0.000000000000000000e+00 0.000000000000000000e+00 0.000000000000000000e+00 7.047872340425531679e-02 0.000000000000000000e+00 0.000000000000000000e+00
2.364864864864864996e-02 2.364864864864864996e-02 0.000000000000000000e+00 0.000000000000000000e+00 0.000000000000000000e+00 0.000000000000000000e+00 0.000000000000000000e+00 0.000000000000000000e+00 2.466216216216216284e-01 3.378378378378378566e-03 0.000000000000000000e+00 0.000000000000000000e+00 0.000000000000000000e+00 0.000000000000000000e+00 1.000000000000000000e+00 0.000000000000000000e+00
0.000000000000000000e+00 0.000000000000000000e+00 0.000000000000000000e+00 0.000000000000000000e+00 0.000000000000000000e+00 0.000000000000000000e+00 1.459854014598540098e-02 0.000000000000000000e+00 0.000000000000000000e+00 0.000000000000000000e+00 2.773722627737226221e-01 1.000000000000000000e+00 0.000000000000000000e+00 0.000000000000000000e+00 0.000000000000000000e+00 1.459854014598540098e-02
0.000000000000000000e+00 8.130081300813007950e-02 6.504065040650407192e-02 0.000000000000000000e+00 0.000000000000000000e+00 0.000000000000000000e+00 0.000000000000000000e+00 0.000000000000000000e+00 1.000000000000000000e+00 0.000000000000000000e+00 0.000000000000000000e+00 0.000000000000000000e+00 8.130081300813008990e-03 0.000000000000000000e+00 0.000000000000000000e+00 0.000000000000000000e+00
0.000000000000000000e+00 1.346153846153846090e-01 0.000000000000000000e+00 0.000000000000000000e+00 0.000000000000000000e+00 0.000000000000000000e+00 0.000000000000000000e+00 0.000000000000000000e+00 1.000000000000000000e+00 2.884615384615384776e-02 4.230769230769230727e-01 0.000000000000000000e+00 1.923076923076923184e-02 0.000000000000000000e+00 0.000000000000000000e+00 6.730769230769230449e-02
0.000000000000000000e+00 0.000000000000000000e+00 0.000000000000000000e+00 1.840490797546012400e-02 0.000000000000000000e+00 6.134969325153374377e-03 0.000000000000000000e+00 0.000000000000000000e+00 1.840490797546012400e-02 0.000000000000000000e+00 1.000000000000000000e+00 0.000000000000000000e+00 0.000000000000000000e+00 0.000000000000000000e+00 0.000000000000000000e+00 5.521472392638036852e-02
0.000000000000000000e+00 0.000000000000000000e+00 0.000000000000000000e+00 0.000000000000000000e+00 0.000000000000000000e+00 0.000000000000000000e+00 0.000000000000000000e+00 0.000000000000000000e+00 0.000000000000000000e+00 0.000000000000000000e+00 0.000000000000000000e+00 0.000000000000000000e+00 0.000000000000000000e+00 0.000000000000000000e+00 0.000000000000000000e+00 0.000000000000000000e+00
0.000000000000000000e+00 1.000000000000000000e+00 4.281914893617021489e-01 0.000000000000000000e+00 5.053191489361701788e-02 0.000000000000000000e+00 0.000000000000000000e+00 0.000000000000000000e+00 0.000000000000000000e+00 1.569148936170212671e-01 0.000000000000000000e+00 0.000000000000000000e+00 7.978723404255318521e-03 6.449468085106383475e-01 0.000000000000000000e+00 0.000000000000000000e+00
0.000000000000000000e+00 4.210526315789473589e-02 0.000000000000000000e+00 0.000000000000000000e+00 1.052631578947368397e-02 0.000000000000000000e+00 0.000000000000000000e+00 0.000000000000000000e+00 3.473684210526316041e-01 0.000000000000000000e+00 0.000000000000000000e+00 0.000000000000000000e+00 0.000000000000000000e+00 1.000000000000000000e+00 0.000000000000000000e+00 0.000000000000000000e+00
0.000000000000000000e+00 1.214128035320088256e-02 5.518763796909492703e-03 1.743929359823399583e-01 0.000000000000000000e+00 1.721854304635761501e-01 4.083885209713024322e-02 0.000000000000000000e+00 1.545253863134657957e-01 3.311258278145695361e-03 0.000000000000000000e+00 5.805739514348785546e-01 0.000000000000000000e+00 1.103752759381898454e-03 6.622516556291390723e-03 1.000000000000000000e+00
0.000000000000000000e+00 0.000000000000000000e+00 0.000000000000000000e+00 0.000000000000000000e+00 0.000000000000000000e+00 0.000000000000000000e+00 5.856643356643356779e-02 0.000000000000000000e+00 4.370629370629370626e-04 0.000000000000000000e+00 2.277097902097902082e-01 1.000000000000000000e+00 0.000000000000000000e+00 1.311188811188811242e-03 0.000000000000000000e+00 2.534965034965034822e-02
0.000000000000000000e+00 0.000000000000000000e+00 1.000000000000000000e+00 0.000000000000000000e+00 0.000000000000000000e+00 0.000000000000000000e+00 0.000000000000000000e+00 0.000000000000000000e+00 8.000000000000000444e-01 0.000000000000000000e+00 0.000000000000000000e+00 0.000000000000000000e+00 0.000000000000000000e+00 0.000000000000000000e+00 0.000000000000000000e+00 0.000000000000000000e+00
0.000000000000000000e+00 3.427895981087470539e-02 0.000000000000000000e+00 0.000000000000000000e+00 5.851063829787234161e-02 0.000000000000000000e+00 0.000000000000000000e+00 0.000000000000000000e+00 2.836879432624113684e-01 0.000000000000000000e+00 0.000000000000000000e+00 0.000000000000000000e+00 0.000000000000000000e+00 1.000000000000000000e+00 0.000000000000000000e+00 0.000000000000000000e+00
0.000000000000000000e+00 0.000000000000000000e+00 3.831417624521072599e-03 1.149425287356321823e-02 0.000000000000000000e+00 1.915708812260536256e-02 0.000000000000000000e+00 0.000000000000000000e+00 0.000000000000000000e+00 0.000000000000000000e+00 1.000000000000000000e+00 0.000000000000000000e+00 0.000000000000000000e+00 0.000000000000000000e+00 3.831417624521072599e-03 1.264367816091954144e-01
0.000000000000000000e+00 3.278688524590163932e-03 2.185792349726775954e-03 1.639344262295082053e-02 0.000000000000000000e+00 1.311475409836065573e-02 6.557377049180327863e-03 0.000000000000000000e+00 8.743169398907103818e-03 0.000000000000000000e+00 1.000000000000000000e+00 5.901639344262295250e-02 0.000000000000000000e+00 0.000000000000000000e+00 0.000000000000000000e+00 6.284153005464481190e-01
