5.782122905027933246e-01 4.469273743016759920e-02 0.000000000000000000e+00 3.724394785847299789e-03 0.000000000000000000e+00 0.000000000000000000e+00 0.000000000000000000e+00 1.000000000000000000e+00 4.655493482309125061e-03 0.000000000000000000e+00 0.000000000000000000e+00 2.793296089385474950e-03 6.517690875232774739e-03 0.000000000000000000e+00 0.000000000000000000e+00
7.079646017699114946e-02 1.769911504424778736e-02 0.000000000000000000e+00 0.000000000000000000e+00 0.000000000000000000e+00 0.000000000000000000e+00 0.000000000000000000e+00 4.365781710914454217e-01 0.000000000000000000e+00 0.000000000000000000e+00 0.000000000000000000e+00 2.949852507374631227e-03 0.000000000000000000e+00 1.000000000000000000e+00 0.000000000000000000e+00
0.000000000000000000e+00 0.000000000000000000e+00 0.000000000000000000e+00 0.000000000000000000e+00 0.000000000000000000e+00 1.052631578947368363e-01 0.000000000000000000e+00 0.000000000000000000e+00 0.000000000000000000e+00 1.000000000000000000e+00 7.894736842105263275e-01 0.000000000000000000e+00 0.000000000000000000e+00 0.000000000000000000e+00 5.263157894736841813e-02
1.111111111111111049e-01 6.666666666666666574e-02 0.000000000000000000e+00 0.000000000000000000e+00 0.000000000000000000e+00 0.000000000000000000e+00 0.000000000000000000e+00 1.000000000000000000e+00 2.222222222222222307e-02 0.000000000000000000e+00 0.000000000000000000e+00 0.000000000000000000e+00 0.000000000000000000e+00 0.000000000000000000e+00 0.000000000000000000e+00
1.274509803921568540e-01 9.803921568627450844e-03 0.000000000000000000e+00 0.000000000000000000e+00 0.000000000000000000e+00 0.000000000000000000e+00 0.000000000000000000e+00 1.000000000000000000e+00 0.000000000000000000e+00 2.156862745098039325e-01 0.000000000000000000e+00 9.803921568627450844e-03 0.000000000000000000e+00 9.803921568627450844e-03 2.941176470588235253e-02
0.000000000000000000e+00 0.000000000000000000e+00 3.225806451612903136e-02 0.000000000000000000e+00 0.000000000000000000e+00 0.000000000000000000e+00 0.000000000000000000e+00 3.225806451612903136e-02 0.000000000000000000e+00 1.000000000000000000e+00 0.000000000000000000e+00 0.000000000000000000e+00 0.000000000000000000e+00 0.000000000000000000e+00 6.451612903225806273e-02
0.000000000000000000e+00 0.000000000000000000e+00 0.000000000000000000e+00 0.000000000000000000e+00 0.000000000000000000e+00 0.000000000000000000e+00 0.000000000000000000e+00 0.000000000000000000e+00 0.000000000000000000e+00 0.000000000000000000e+00 0.000000000000000000e+00 0.000000000000000000e+00 0.000000000000000000e+00 0.000000000000000000e+00 0.000000000000000000e+00
1.000000000000000000e+00 4.044943820224718989e-01 0.000000000000000000e+00 2.621722846441947724e-02 0.000000000000000000e+00 0.000000000000000000e+00 0.000000000000000000e+00 0.000000000000000000e+00 3.464419475655430847e-02 0.000000000000000000e+00 0.000000000000000000e+00 2.528089887640449368e-02 6.647940074906366625e-02 9.363295880149812836e-04 0.000000000000000000e+00
4.761904761904761640e-02 0.000000000000000000e+00 0.000000000000000000e+00 4.761904761904761640e-02 0.000000000000000000e+00 0.000000000000000000e+00 0.000000000000000000e+00 1.000000000000000000e+00 0.000000000000000000e+00 0.000000000000000000e+00 0.000000000000000000e+00 0.000000000000000000e+00 1.000000000000000000e+00 0.000000000000000000e+00 0.000000000000000000e+00
1.578947368421052683e-02 1.473684210526315756e-02 7.052631578947368696e-02 0.000000000000000000e+00 1.284210526315789358e-01 3.684210526315789130e-02 0.000000000000000000e+00 1.821052631578947423e-01 1.052631578947368397e-03 0.000000000000000000e+00 1.199999999999999956e-01 0.000000000000000000e+00 1.052631578947368397e-03 2.000000000000000042e-02 1.000000000000000000e+00
8.000000000000000167e-03 0.000000000000000000e+00 0.000000000000000000e+00 0.000000000000000000e+00 0.000000000000000000e+00 2.159999999999999976e-01 0.000000000000000000e+00 8.000000000000000167e-03 0.000000000000000000e+00 9.360000000000000542e-01 1.000000000000000000e+00 8.000000000000000167e-03 0.000000000000000000e+00 0.000000000000000000e+00 7.199999999999999456e-02
2.500000000000000000e-01 8.125000000000000000e-01 0.000000000000000000e+00 0.000000000000000000e+00 0.000000000000000000e+00 0.000000000000000000e+00 0.000000000000000000e+00 1.000000000000000000e+00 0.000000000000000000e+00 0.000000000000000000e+00 0.000000000000000000e+00 0.000000000000000000e+00 0.000000000000000000e+00 0.000000000000000000e+00 0.000000000000000000e+00
1.126760563380281716e-01 0.000000000000000000e+00 0.000000000000000000e+00 2.957746478873239382e-01 0.000000000000000000e+00 0.000000000000000000e+00 0.000000000000000000e+00 1.000000000000000000e+00 0.000000000000000000e+00 0.000000000000000000e+00 0.000000000000000000e+00 0.000000000000000000e+00 7.183098591549296197e-01 0.000000000000000000e+00 0.000000000000000000e+00
0.000000000000000000e+00 3.174603174603174600e-03 9.523809523809524669e-03 0.000000000000000000e+00 2.539682539682539680e-02 0.000000000000000000e+00 0.000000000000000000e+00 0.000000000000000000e+00 0.000000000000000000e+00 1.000000000000000000e+00 0.000000000000000000e+00 0.000000000000000000e+00 0.000000000000000000e+00 6.349206349206349201e-03 1.206349206349206366e-01
2.089864158829676279e-03 1.044932079414838139e-03 2.089864158829676279e-03 0.000000000000000000e+00 1.358411703239289364e-02 4.179728317659352557e-03 0.000000000000000000e+00 1.149425287356321823e-02 0.000000000000000000e+00 1.000000000000000000e+00 1.253918495297805594e-02 0.000000000000000000e+00 0.000000000000000000e+00 4.179728317659352557e-03 5.715778474399163533e-01
