4.752475247524752255e-01 0.000000000000000000e+00 0.000000000000000000e+00 0.000000000000000000e+00 0.000000000000000000e+00 4.257425742574257321e-01 0.000000000000000000e+00 1.980198019801980222e-02 1.000000000000000000e+00 9.900990099009901110e-03 4.950495049504950555e-03 0.000000000000000000e+00 0.000000000000000000e+00 0.000000000000000000e+00 7.920792079207920888e-02
0.000000000000000000e+00 6.986425339366515441e-01 3.710407239819004527e-02 0.000000000000000000e+00 0.000000000000000000e+00 0.000000000000000000e+00 0.000000000000000000e+00 1.000000000000000000e+00 0.000000000000000000e+00 0.000000000000000000e+00 1.538461538461538547e-02 0.000000000000000000e+00 1.085972850678732990e-02 2.624434389140271537e-02 0.000000000000000000e+00
0.000000000000000000e+00 4.290429042904290308e-02 0.000000000000000000e+00 0.000000000000000000e+00 0.000000000000000000e+00 0.000000000000000000e+00 0.000000000000000000e+00 2.937293729372937312e-01 0.000000000000000000e+00 1.000000000000000000e+00 9.900990099009901110e-03 0.000000000000000000e+00 0.000000000000000000e+00 9.900990099009901110e-03 0.000000000000000000e+00
2.399999999999999911e-01 2.857142857142857140e-03 0.000000000000000000e+00 0.000000000000000000e+00 0.000000000000000000e+00 1.457142857142857129e-01 0.000000000000000000e+00 5.714285714285714281e-03 1.000000000000000000e+00 2.857142857142857140e-03 2.857142857142857140e-03 0.000000000000000000e+00 2.857142857142857140e-03 0.000000000000000000e+00 7.714285714285713802e-02
1.041666666666666609e-02 1.458333333333333426e-01 0.000000000000000000e+00 6.250000000000000000e-02 1.041666666666666609e-02 1.041666666666666609e-02 0.000000000000000000e+00 8.645833333333333703e-01 1.000000000000000000e+00 4.166666666666666435e-02 1.041666666666666609e-02 4.166666666666666435e-02 0.000000000000000000e+00 4.166666666666666435e-02 1.041666666666666713e-01
0.000000000000000000e+00 0.000000000000000000e+00 0.000000000000000000e+00 4.265402843601896060e-02 2.369668246445497464e-02 0.000000000000000000e+00 0.000000000000000000e+00 9.478672985781991245e-03 1.000000000000000000e+00 0.000000000000000000e+00 0.000000000000000000e+00 0.000000000000000000e+00 0.000000000000000000e+00 0.000000000000000000e+00 8.056872037914691864e-02
0.000000000000000000e+00 0.000000000000000000e+00 0.000000000000000000e+00 0.000000000000000000e+00 0.000000000000000000e+00 0.000000000000000000e+00 0.000000000000000000e+00 0.000000000000000000e+00 0.000000000000000000e+00 0.000000000000000000e+00 0.000000000000000000e+00 0.000000000000000000e+00 0.000000000000000000e+00 0.000000000000000000e+00 0.000000000000000000e+00
0.000000000000000000e+00 1.000000000000000000e+00 2.990990990990990972e-01 0.000000000000000000e+00 0.000000000000000000e+00 0.000000000000000000e+00 0.000000000000000000e+00 0.000000000000000000e+00 0.000000000000000000e+00 0.000000000000000000e+00 2.504504504504504458e-01 3.423423423423423151e-02 1.567567567567567655e-01 2.900900900900900692e-01 0.000000000000000000e+00
1.610894941634241351e-01 4.669260700389104950e-03 5.447470817120622297e-03 3.478599221789883122e-01 1.385214007782101242e-01 2.552529182879377245e-01 0.000000000000000000e+00 1.081712062256809381e-01 0.000000000000000000e+00 3.190661478599221557e-02 2.334630350194552475e-03 7.782101167315175639e-04 1.556420233463035128e-03 4.669260700389104950e-03 1.000000000000000000e+00
3.424657534246575152e-03 3.424657534246575152e-03 0.000000000000000000e+00 6.164383561643835274e-02 3.767123287671232668e-02 0.000000000000000000e+00 0.000000000000000000e+00 0.000000000000000000e+00 1.000000000000000000e+00 1.027397260273972546e-02 0.000000000000000000e+00 0.000000000000000000e+00 0.000000000000000000e+00 0.000000000000000000e+00 1.198630136986301303e-01
0.000000000000000000e+00 7.932011331444759061e-02 5.099150141643059297e-02 0.000000000000000000e+00 0.000000000000000000e+00 0.000000000000000000e+00 0.000000000000000000e+00 1.000000000000000000e+00 0.000000000000000000e+00 0.000000000000000000e+00 0.000000000000000000e+00 0.000000000000000000e+00 0.000000000000000000e+00 3.116147308781869532e-02 0.000000000000000000e+00
0.000000000000000000e+00 6.896551724137930939e-02 4.137931034482758563e-01 0.000000000000000000e+00 0.000000000000000000e+00 0.000000000000000000e+00 0.000000000000000000e+00 1.000000000000000000e+00 0.000000000000000000e+00 0.000000000000000000e+00 3.448275862068965469e-02 0.000000000000000000e+00 0.000000000000000000e+00 0.000000000000000000e+00 0.000000000000000000e+00
0.000000000000000000e+00 4.790419161676646997e-02 0.000000000000000000e+00 0.000000000000000000e+00 0.000000000000000000e+00 0.000000000000000000e+00 0.000000000000000000e+00 1.000000000000000000e+00 0.000000000000000000e+00 0.000000000000000000e+00 4.311377245508982159e-01 5.988023952095808747e-03 2.874251497005987921e-01 0.000000000000000000e+00 0.000000000000000000e+00
0.000000000000000000e+00 5.576208178438661622e-02 0.000000000000000000e+00 0.000000000000000000e+00 0.000000000000000000e+00 0.000000000000000000e+00 0.000000000000000000e+00 1.000000000000000000e+00 0.000000000000000000e+00 0.000000000000000000e+00 1.226765799256505640e-01 0.000000000000000000e+00 2.193308550185873729e-01 0.000000000000000000e+00 0.000000000000000000e+00
1.397515527950310595e-02 4.658385093167701982e-03 1.552795031055900516e-03 2.251552795031055987e-02 1.940993788819875623e-02 1.708074534161490785e-02 0.000000000000000000e+00 7.763975155279503014e-03 1.000000000000000000e+00 4.658385093167701982e-03 0.000000000000000000e+00 0.000000000000000000e+00 0.000000000000000000e+00 7.763975155279502580e-04 7.655279503105589800e-01
