0.000000000000000000e+00 0.000000000000000000e+00 1.351351351351351426e-02 0.000000000000000000e+00 1.351351351351351426e-01 0.000000000000000000e+00 9.459459459459459429e-01 1.000000000000000000e+00 0.000000000000000000e+00 8.108108108108108558e-02
0.000000000000000000e+00 6.748466257668711554e-01 4.447852760736196315e-02 0.000000000000000000e+00 0.000000000000000000e+00 1.000000000000000000e+00 0.000000000000000000e+00 0.000000000000000000e+00 0.000000000000000000e+00 0.000000000000000000e+00
1.000000000000000000e+00 0.000000000000000000e+00 0.000000000000000000e+00 0.000000000000000000e+00 0.000000000000000000e+00 0.000000000000000000e+00 0.000000000000000000e+00 0.000000000000000000e+00 8.819875776397515521e-01 0.000000000000000000e+00
0.000000000000000000e+00 0.000000000000000000e+00 0.000000000000000000e+00 0.000000000000000000e+00 0.000000000000000000e+00 0.000000000000000000e+00 0.000000000000000000e+00 0.000000000000000000e+00 0.000000000000000000e+00 0.000000000000000000e+00
0.000000000000000000e+00 0.000000000000000000e+00 0.000000000000000000e+00 0.000000000000000000e+00 1.000000000000000000e+00 0.000000000000000000e+00 3.181818181818181768e-01 8.181818181818182323e-01 0.000000000000000000e+00 9.090909090909091161e-02
0.000000000000000000e+00 1.000000000000000000e+00 4.140030441400304184e-01 0.000000000000000000e+00 0.000000000000000000e+00 0.000000000000000000e+00 0.000000000000000000e+00 0.000000000000000000e+00 0.000000000000000000e+00 0.000000000000000000e+00
0.000000000000000000e+00 1.779755283648498318e-02 1.112347052280311449e-03 0.000000000000000000e+00 0.000000000000000000e+00 2.858731924360400356e-01 0.000000000000000000e+00 0.000000000000000000e+00 0.000000000000000000e+00 1.000000000000000000e+00
0.000000000000000000e+00 0.000000000000000000e+00 0.000000000000000000e+00 0.000000000000000000e+00 2.394366197183098455e-01 0.000000000000000000e+00 1.000000000000000000e+00 0.000000000000000000e+00 0.000000000000000000e+00 5.633802816901408578e-02
0.000000000000000000e+00 0.000000000000000000e+00 0.000000000000000000e+00 0.000000000000000000e+00 0.000000000000000000e+00 0.000000000000000000e+00 1.000000000000000000e+00 0.000000000000000000e+00 0.000000000000000000e+00 8.333333333333332871e-02
0.000000000000000000e+00 8.958566629339305767e-03 1.119820828667413221e-03 0.000000000000000000e+00 0.000000000000000000e+00 2.239641657334826355e-02 1.000000000000000000e+00 0.000000000000000000e+00 0.000000000000000000e+00 5.442329227323627894e-01
