0.000000000000000000e+00 0.000000000000000000e+00 0.000000000000000000e+00 0.000000000000000000e+00 0.000000000000000000e+00 1.246376811594202966e-01 0.000000000000000000e+00 1.739130434782608717e-02 1.000000000000000000e+00 0.000000000000000000e+00
0.000000000000000000e+00 6.324675324675325117e-01 7.272727272727272374e-02 0.000000000000000000e+00 0.000000000000000000e+00 0.000000000000000000e+00 1.000000000000000000e+00 0.000000000000000000e+00 0.000000000000000000e+00 0.000000000000000000e+00
1.000000000000000000e+00 2.290076335877862593e-02 2.544529262086514185e-03 0.000000000000000000e+00 0.000000000000000000e+00 0.000000000000000000e+00 1.933842239185750711e-01 0.000000000000000000e+00 0.000000000000000000e+00 0.000000000000000000e+00
0.000000000000000000e+00 1.858407079646017812e-01 0.000000000000000000e+00 0.000000000000000000e+00 0.000000000000000000e+00 0.000000000000000000e+00 1.000000000000000000e+00 7.433628318584071248e-01 0.000000000000000000e+00 3.539823008849557473e-02
0.000000000000000000e+00 0.000000000000000000e+00 0.000000000000000000e+00 0.000000000000000000e+00 0.000000000000000000e+00 0.000000000000000000e+00 0.000000000000000000e+00 0.000000000000000000e+00 0.000000000000000000e+00 0.000000000000000000e+00
0.000000000000000000e+00 0.000000000000000000e+00 0.000000000000000000e+00 0.000000000000000000e+00 0.000000000000000000e+00 6.950354609929078054e-01 0.000000000000000000e+00 7.092198581560284210e-02 1.000000000000000000e+00 3.191489361702127409e-02
0.000000000000000000e+00 1.000000000000000000e+00 5.303225806451612456e-01 0.000000000000000000e+00 0.000000000000000000e+00 0.000000000000000000e+00 0.000000000000000000e+00 0.000000000000000000e+00 0.000000000000000000e+00 0.000000000000000000e+00
0.000000000000000000e+00 1.430030643513789668e-02 1.225740551583248163e-02 2.032686414708886613e-01 0.000000000000000000e+00 0.000000000000000000e+00 2.124616956077630125e-01 0.000000000000000000e+00 0.000000000000000000e+00 1.000000000000000000e+00
0.000000000000000000e+00 0.000000000000000000e+00 0.000000000000000000e+00 0.000000000000000000e+00 0.000000000000000000e+00 8.000000000000000444e-01 0.000000000000000000e+00 1.000000000000000000e+00 0.000000000000000000e+00 7.164179104477612359e-02
0.000000000000000000e+00 7.238883143743536815e-03 0.000000000000000000e+00 2.378490175801447823e-02 0.000000000000000000e+00 0.000000000000000000e+00 1.964839710444674092e-02 1.000000000000000000e+00 0.000000000000000000e+00 6.473629782833505431e-01
