0.000000000000000000e+00 0.000000000000000000e+00 0.000000000000000000e+00 0.000000000000000000e+00 1.097560975609756101e-01 0.000000000000000000e+00 1.000000000000000000e+00 8.658536585365853577e-01 0.000000000000000000e+00 1.219512195121951192e-01
1.000000000000000000e+00 0.000000000000000000e+00 0.000000000000000000e+00 0.000000000000000000e+00 0.000000000000000000e+00 0.000000000000000000e+00 0.000000000000000000e+00 0.000000000000000000e+00 7.616279069767442067e-01 0.000000000000000000e+00
0.000000000000000000e+00 4.612850082372323135e-02 5.848434925864909317e-01 0.000000000000000000e+00 0.000000000000000000e+00 1.000000000000000000e+00 0.000000000000000000e+00 0.000000000000000000e+00 0.000000000000000000e+00 0.000000000000000000e+00
0.000000000000000000e+00 0.000000000000000000e+00 0.000000000000000000e+00 0.000000000000000000e+00 0.000000000000000000e+00 0.000000000000000000e+00 0.000000000000000000e+00 0.000000000000000000e+00 0.000000000000000000e+00 0.000000000000000000e+00
0.000000000000000000e+00 0.000000000000000000e+00 0.000000000000000000e+00 0.000000000000000000e+00 1.000000000000000000e+00 0.000000000000000000e+00 1.875000000000000000e-01 9.375000000000000000e-01 0.000000000000000000e+00 1.875000000000000000e-01
0.000000000000000000e+00 4.517184942716857554e-01 1.000000000000000000e+00 0.000000000000000000e+00 0.000000000000000000e+00 0.000000000000000000e+00 0.000000000000000000e+00 0.000000000000000000e+00 0.000000000000000000e+00 0.000000000000000000e+00
0.000000000000000000e+00 0.000000000000000000e+00 2.036659877800407401e-02 0.000000000000000000e+00 0.000000000000000000e+00 2.708757637474542013e-01 0.000000000000000000e+00 0.000000000000000000e+00 0.000000000000000000e+00 1.000000000000000000e+00
0.000000000000000000e+00 0.000000000000000000e+00 0.000000000000000000e+00 0.000000000000000000e+00 1.739130434782608647e-01 0.000000000000000000e+00 1.000000000000000000e+00 0.000000000000000000e+00 0.000000000000000000e+00 7.246376811594203160e-02
0.000000000000000000e+00 0.000000000000000000e+00 0.000000000000000000e+00 0.000000000000000000e+00 0.000000000000000000e+00 0.000000000000000000e+00 1.000000000000000000e+00 0.000000000000000000e+00 0.000000000000000000e+00 1.186440677966101725e-01
0.000000000000000000e+00 0.000000000000000000e+00 4.016064257028112081e-03 0.000000000000000000e+00 0.000000000000000000e+00 1.405622489959839315e-02 1.000000000000000000e+00 0.000000000000000000e+00 0.000000000000000000e+00 5.873493975903614217e-01
