0.000000000000000000e+00 0.000000000000000000e+00 0.000000000000000000e+00 0.000000000000000000e+00 9.876543209876542662e-02 0.000000000000000000e+00 1.000000000000000000e+00 8.641975308641974829e-01 0.000000000000000000e+00 4.938271604938271331e-02
1.000000000000000000e+00 0.000000000000000000e+00 0.000000000000000000e+00 0.000000000000000000e+00 0.000000000000000000e+00 0.000000000000000000e+00 0.000000000000000000e+00 0.000000000000000000e+00 8.588957055214724301e-01 0.000000000000000000e+00
0.000000000000000000e+00 4.773561811505507707e-02 6.829865361077110952e-01 0.000000000000000000e+00 0.000000000000000000e+00 1.000000000000000000e+00 0.000000000000000000e+00 0.000000000000000000e+00 0.000000000000000000e+00 0.000000000000000000e+00
0.000000000000000000e+00 0.000000000000000000e+00 0.000000000000000000e+00 0.000000000000000000e+00 0.000000000000000000e+00 0.000000000000000000e+00 0.000000000000000000e+00 0.000000000000000000e+00 0.000000000000000000e+00 0.000000000000000000e+00
0.000000000000000000e+00 0.000000000000000000e+00 0.000000000000000000e+00 0.000000000000000000e+00 5.714285714285713969e-01 0.000000000000000000e+00 1.428571428571428492e-01 1.000000000000000000e+00 0.000000000000000000e+00 1.428571428571428492e-01
0.000000000000000000e+00 3.200483091787439394e-01 1.000000000000000000e+00 0.000000000000000000e+00 0.000000000000000000e+00 0.000000000000000000e+00 0.000000000000000000e+00 0.000000000000000000e+00 0.000000000000000000e+00 0.000000000000000000e+00
0.000000000000000000e+00 0.000000000000000000e+00 1.730769230769230865e-02 0.000000000000000000e+00 0.000000000000000000e+00 2.528846153846153744e-01 0.000000000000000000e+00 0.000000000000000000e+00 0.000000000000000000e+00 1.000000000000000000e+00
0.000000000000000000e+00 0.000000000000000000e+00 0.000000000000000000e+00 0.000000000000000000e+00 2.878787878787879007e-01 0.000000000000000000e+00 1.000000000000000000e+00 0.000000000000000000e+00 0.000000000000000000e+00 9.090909090909091161e-02
0.000000000000000000e+00 0.000000000000000000e+00 0.000000000000000000e+00 0.000000000000000000e+00 0.000000000000000000e+00 0.000000000000000000e+00 1.000000000000000000e+00 0.000000000000000000e+00 0.000000000000000000e+00 8.461538461538462008e-02
0.000000000000000000e+00 0.000000000000000000e+00 9.606147934678194861e-03 0.000000000000000000e+00 0.000000000000000000e+00 1.248799231508165158e-02 1.000000000000000000e+00 0.000000000000000000e+00 0.000000000000000000e+00 6.484149855907781479e-01
