0.000000000000000000e+00 0.000000000000000000e+00 2.061855670103092744e-02 5.154639175257731860e-03 0.000000000000000000e+00 7.731958762886598224e-02 0.000000000000000000e+00 4.639175257731958935e-01 1.000000000000000000e+00 0.000000000000000000e+00
1.000000000000000000e+00 0.000000000000000000e+00 0.000000000000000000e+00 0.000000000000000000e+00 0.000000000000000000e+00 0.000000000000000000e+00 9.900990099009901457e-02 0.000000000000000000e+00 0.000000000000000000e+00 6.600660066006600740e-03
0.000000000000000000e+00 3.333333333333333287e-02 0.000000000000000000e+00 1.749999999999999889e-01 0.000000000000000000e+00 0.000000000000000000e+00 8.333333333333332871e-02 1.000000000000000000e+00 0.000000000000000000e+00 0.000000000000000000e+00
0.000000000000000000e+00 7.692307692307692735e-03 3.076923076923077094e-02 0.000000000000000000e+00 0.000000000000000000e+00 0.000000000000000000e+00 1.000000000000000000e+00 4.461538461538461786e-01 0.000000000000000000e+00 1.230769230769230838e-01
0.000000000000000000e+00 0.000000000000000000e+00 0.000000000000000000e+00 0.000000000000000000e+00 0.000000000000000000e+00 0.000000000000000000e+00 0.000000000000000000e+00 0.000000000000000000e+00 0.000000000000000000e+00 0.000000000000000000e+00
0.000000000000000000e+00 0.000000000000000000e+00 0.000000000000000000e+00 0.000000000000000000e+00 0.000000000000000000e+00 0.000000000000000000e+00 0.000000000000000000e+00 1.000000000000000000e+00 7.692307692307692735e-01 0.000000000000000000e+00
0.000000000000000000e+00 1.000000000000000000e+00 0.000000000000000000e+00 0.000000000000000000e+00 0.000000000000000000e+00 0.000000000000000000e+00 0.000000000000000000e+00 0.000000000000000000e+00 0.000000000000000000e+00 2.861952861952861693e-01
0.000000000000000000e+00 7.486631016042780140e-02 7.005347593582887944e-01 1.000000000000000000e+00 0.000000000000000000e+00 0.000000000000000000e+00 6.470588235294117974e-01 0.000000000000000000e+00 0.000000000000000000e+00 4.278074866310160179e-02
0.000000000000000000e+00 0.000000000000000000e+00 8.888888888888889228e-02 0.000000000000000000e+00 0.000000000000000000e+00 4.444444444444444614e-02 0.000000000000000000e+00 1.000000000000000000e+00 0.000000000000000000e+00 0.000000000000000000e+00
0.000000000000000000e+00 2.197802197802197766e-01 0.000000000000000000e+00 0.000000000000000000e+00 0.000000000000000000e+00 0.000000000000000000e+00 1.000000000000000000e+00 0.000000000000000000e+00 0.000000000000000000e+00 0.000000000000000000e+00
