0.000000000000000000e+00 2.545454545454545192e-01 0.000000000000000000e+00 0.000000000000000000e+00 0.000000000000000000e+00 0.000000000000000000e+00 0.000000000000000000e+00 1.000000000000000000e+00 0.000000000000000000e+00 0.000000000000000000e+00 2.545454545454545192e-01 5.454545454545454281e-02 4.727272727272727182e-01 9.090909090909090606e-01 0.000000000000000000e+00
0.000000000000000000e+00 2.310231023102310086e-02 0.000000000000000000e+00 0.000000000000000000e+00 0.000000000000000000e+00 0.000000000000000000e+00 0.000000000000000000e+00 2.310231023102310086e-02 0.000000000000000000e+00 1.000000000000000000e+00 6.600660066006600740e-03 0.000000000000000000e+00 9.900990099009901110e-03 1.650165016501650012e-02 0.000000000000000000e+00
0.000000000000000000e+00 0.000000000000000000e+00 0.000000000000000000e+00 1.253918495297805594e-02 0.000000000000000000e+00 1.943573667711598618e-01 0.000000000000000000e+00 2.089864158829676279e-03 1.000000000000000000e+00 0.000000000000000000e+00 3.134796238244513984e-03 1.044932079414838139e-03 1.776384535005224793e-02 0.000000000000000000e+00 9.822361546499477902e-02
0.000000000000000000e+00 0.000000000000000000e+00 9.130434782608695121e-01 0.000000000000000000e+00 0.000000000000000000e+00 2.173913043478260809e-01 0.000000000000000000e+00 2.173913043478260809e-02 6.956521739130434590e-01 2.173913043478260809e-02 0.000000000000000000e+00 0.000000000000000000e+00 0.000000000000000000e+00 4.347826086956521618e-02 1.000000000000000000e+00
0.000000000000000000e+00 0.000000000000000000e+00 0.000000000000000000e+00 0.000000000000000000e+00 0.000000000000000000e+00 0.000000000000000000e+00 0.000000000000000000e+00 0.000000000000000000e+00 0.000000000000000000e+00 0.000000000000000000e+00 0.000000000000000000e+00 0.000000000000000000e+00 0.000000000000000000e+00 0.000000000000000000e+00 1.000000000000000000e+00
6.400000000000000307e-03 0.000000000000000000e+00 1.000000000000000000e+00 5.279999999999999971e-02 0.000000000000000000e+00 0.000000000000000000e+00 0.000000000000000000e+00 7.839999999999999747e-02 8.000000000000000167e-03 1.600000000000000077e-03 0.000000000000000000e+00 0.000000000000000000e+00 1.600000000000000077e-03 1.055999999999999994e-01 6.495999999999999552e-01
0.000000000000000000e+00 0.000000000000000000e+00 0.000000000000000000e+00 0.000000000000000000e+00 0.000000000000000000e+00 0.000000000000000000e+00 0.000000000000000000e+00 0.000000000000000000e+00 0.000000000000000000e+00 0.000000000000000000e+00 0.000000000000000000e+00 0.000000000000000000e+00 0.000000000000000000e+00 0.000000000000000000e+00 0.000000000000000000e+00
1.428571428571428492e-01 4.142857142857143127e-01 0.000000000000000000e+00 0.000000000000000000e+00 0.000000000000000000e+00 0.000000000000000000e+00 0.000000000000000000e+00 0.000000000000000000e+00 0.000000000000000000e+00 0.000000000000000000e+00 2.380952380952380820e-01 2.380952380952380820e-02 4.928571428571428825e-01 1.000000000000000000e+00 0.000000000000000000e+00
4.923682914820285902e-04 0.000000000000000000e+00 2.954209748892171541e-03 1.427868045297882825e-02 0.000000000000000000e+00 4.495322501230920587e-01 0.000000000000000000e+00 1.969473165928114361e-03 1.000000000000000000e+00 0.000000000000000000e+00 9.354997538158542347e-03 0.000000000000000000e+00 1.674052191038897033e-02 0.000000000000000000e+00 9.650418513047759328e-02
0.000000000000000000e+00 5.405405405405405705e-03 5.405405405405405705e-01 9.189189189189189699e-02 5.405405405405405705e-03 5.405405405405405705e-03 0.000000000000000000e+00 0.000000000000000000e+00 5.405405405405405705e-03 5.405405405405405705e-03 0.000000000000000000e+00 0.000000000000000000e+00 0.000000000000000000e+00 0.000000000000000000e+00 1.000000000000000000e+00
7.588075880758807235e-02 1.544715447154471621e-01 0.000000000000000000e+00 0.000000000000000000e+00 0.000000000000000000e+00 0.000000000000000000e+00 0.000000000000000000e+00 6.829268292682927344e-01 0.000000000000000000e+00 0.000000000000000000e+00 1.355013550135501354e-03 8.130081300813008990e-03 5.420054200542005415e-03 1.000000000000000000e+00 0.000000000000000000e+00
0.000000000000000000e+00 1.000000000000000000e+00 0.000000000000000000e+00 0.000000000000000000e+00 0.000000000000000000e+00 0.000000000000000000e+00 0.000000000000000000e+00 2.857142857142856984e-01 0.000000000000000000e+00 0.000000000000000000e+00 0.000000000000000000e+00 0.000000000000000000e+00 2.142857142857142738e-01 1.428571428571428492e-01 0.000000000000000000e+00
1.211556383970177099e-02 1.863932898415656975e-03 0.000000000000000000e+00 0.000000000000000000e+00 0.000000000000000000e+00 0.000000000000000000e+00 0.000000000000000000e+00 1.001863932898415660e-01 0.000000000000000000e+00 0.000000000000000000e+00 4.972041006523765239e-01 9.319664492078284877e-04 1.000000000000000000e+00 1.863932898415656975e-03 0.000000000000000000e+00
7.843137254901960675e-03 0.000000000000000000e+00 0.000000000000000000e+00 0.000000000000000000e+00 0.000000000000000000e+00 0.000000000000000000e+00 0.000000000000000000e+00 8.823529411764706454e-02 0.000000000000000000e+00 0.000000000000000000e+00 2.117647058823529382e-01 9.803921568627450844e-04 1.000000000000000000e+00 0.000000000000000000e+00 0.000000000000000000e+00
1.402805611222444904e-02 0.000000000000000000e+00 1.000000000000000000e+00 8.617234468937876035e-02 2.004008016032063962e-03 1.603206412825651239e-01 0.000000000000000000e+00 8.016032064128256196e-02 4.148296593186373005e-01 0.000000000000000000e+00 2.004008016032063962e-03 0.000000000000000000e+00 6.012024048096192320e-03 9.619238476953907713e-02 0.000000000000000000e+00
