6.538461538461538547e-01 0.000000000000000000e+00 0.000000000000000000e+00 0.000000000000000000e+00 0.000000000000000000e+00 2.948717948717948789e-01 0.000000000000000000e+00 2.564102564102564014e-02 1.000000000000000000e+00 0.000000000000000000e+00 0.000000000000000000e+00 0.000000000000000000e+00 0.000000000000000000e+00 0.000000000000000000e+00 1.025641025641025605e-01
0.000000000000000000e+00 6.995377503852080459e-01 3.081664098613251176e-02 0.000000000000000000e+00 0.000000000000000000e+00 0.000000000000000000e+00 0.000000000000000000e+00 1.000000000000000000e+00 0.000000000000000000e+00 0.000000000000000000e+00 9.244992295839754223e-03 7.704160246533128158e-04 7.704160246533127941e-03 7.704160246533127941e-03 0.000000000000000000e+00
0.000000000000000000e+00 4.950495049504950729e-02 9.900990099009901110e-03 0.000000000000000000e+00 0.000000000000000000e+00 0.000000000000000000e+00 0.000000000000000000e+00 2.211221122112211335e-01 0.000000000000000000e+00 1.000000000000000000e+00 0.000000000000000000e+00 0.000000000000000000e+00 0.000000000000000000e+00 3.300330033003300370e-03 0.000000000000000000e+00
1.680672268907563160e-01 0.000000000000000000e+00 0.000000000000000000e+00 0.000000000000000000e+00 0.000000000000000000e+00 1.260504201680672232e-01 0.000000000000000000e+00 8.403361344537814762e-03 1.000000000000000000e+00 0.000000000000000000e+00 0.000000000000000000e+00 0.000000000000000000e+00 0.000000000000000000e+00 0.000000000000000000e+00 9.243697478991597105e-02
0.000000000000000000e+00 1.545454545454545414e-01 0.000000000000000000e+00 9.090909090909090468e-03 0.000000000000000000e+00 0.000000000000000000e+00 0.000000000000000000e+00 1.000000000000000000e+00 3.727272727272727404e-01 9.090909090909090468e-03 0.000000000000000000e+00 0.000000000000000000e+00 0.000000000000000000e+00 9.090909090909090468e-03 4.545454545454545581e-02
0.000000000000000000e+00 7.812500000000000000e-03 0.000000000000000000e+00 1.562500000000000000e-02 4.687500000000000000e-02 0.000000000000000000e+00 0.000000000000000000e+00 7.812500000000000000e-03 1.000000000000000000e+00 0.000000000000000000e+00 0.000000000000000000e+00 0.000000000000000000e+00 0.000000000000000000e+00 0.000000000000000000e+00 1.015625000000000000e-01
0.000000000000000000e+00 0.000000000000000000e+00 0.000000000000000000e+00 0.000000000000000000e+00 0.000000000000000000e+00 0.000000000000000000e+00 0.000000000000000000e+00 0.000000000000000000e+00 0.000000000000000000e+00 0.000000000000000000e+00 0.000000000000000000e+00 0.000000000000000000e+00 0.000000000000000000e+00 0.000000000000000000e+00 0.000000000000000000e+00
0.000000000000000000e+00 1.000000000000000000e+00 2.519440124416796323e-01 0.000000000000000000e+00 0.000000000000000000e+00 0.000000000000000000e+00 0.000000000000000000e+00 0.000000000000000000e+00 0.000000000000000000e+00 0.000000000000000000e+00 9.875583203732503368e-02 9.331259720062209245e-03 5.365474339035769535e-02 9.953343701399688936e-02 0.000000000000000000e+00
6.533864541832669348e-02 8.764940239043825243e-03 5.577689243027888870e-03 1.083665338645418280e-01 1.171314741035856533e-01 8.127490039840637448e-02 0.000000000000000000e+00 1.075697211155378502e-01 0.000000000000000000e+00 3.187250996015936373e-03 1.593625498007968187e-03 0.000000000000000000e+00 0.000000000000000000e+00 2.390438247011952063e-03 1.000000000000000000e+00
0.000000000000000000e+00 0.000000000000000000e+00 0.000000000000000000e+00 3.187250996015936200e-02 1.195219123505976075e-02 0.000000000000000000e+00 0.000000000000000000e+00 0.000000000000000000e+00 1.000000000000000000e+00 3.984063745019920250e-03 0.000000000000000000e+00 0.000000000000000000e+00 0.000000000000000000e+00 0.000000000000000000e+00 1.912350597609561720e-01
0.000000000000000000e+00 1.397058823529411797e-01 6.617647058823529493e-02 0.000000000000000000e+00 0.000000000000000000e+00 0.000000000000000000e+00 0.000000000000000000e+00 1.000000000000000000e+00 0.000000000000000000e+00 0.000000000000000000e+00 0.000000000000000000e+00 0.000000000000000000e+00 0.000000000000000000e+00 1.470588235294117627e-02 0.000000000000000000e+00
0.000000000000000000e+00 1.428571428571428492e-01 1.000000000000000000e+00 0.000000000000000000e+00 0.000000000000000000e+00 0.000000000000000000e+00 0.000000000000000000e+00 7.142857142857143016e-01 0.000000000000000000e+00 0.000000000000000000e+00 0.000000000000000000e+00 0.000000000000000000e+00 0.000000000000000000e+00 0.000000000000000000e+00 0.000000000000000000e+00
0.000000000000000000e+00 1.111111111111111049e-01 0.000000000000000000e+00 0.000000000000000000e+00 0.000000000000000000e+00 0.000000000000000000e+00 0.000000000000000000e+00 1.000000000000000000e+00 0.000000000000000000e+00 0.000000000000000000e+00 2.857142857142856984e-01 0.000000000000000000e+00 4.603174603174602919e-01 0.000000000000000000e+00 0.000000000000000000e+00
0.000000000000000000e+00 1.016949152542372947e-01 0.000000000000000000e+00 0.000000000000000000e+00 0.000000000000000000e+00 0.000000000000000000e+00 0.000000000000000000e+00 1.000000000000000000e+00 0.000000000000000000e+00 0.000000000000000000e+00 5.084745762711864736e-02 0.000000000000000000e+00 7.627118644067797104e-02 0.000000000000000000e+00 0.000000000000000000e+00
7.103393843725335638e-03 1.578531965272296760e-03 0.000000000000000000e+00 1.499605367008681987e-02 1.578531965272296847e-02 8.681925808997632832e-03 0.000000000000000000e+00 7.892659826361484235e-03 1.000000000000000000e+00 7.892659826361483801e-04 7.892659826361483801e-04 0.000000000000000000e+00 0.000000000000000000e+00 0.000000000000000000e+00 6.211523283346487290e-01
