3.649635036496350071e-02 0.000000000000000000e+00 0.000000000000000000e+00 0.000000000000000000e+00 0.000000000000000000e+00 0.000000000000000000e+00 0.000000000000000000e+00 0.000000000000000000e+00 0.000000000000000000e+00 1.000000000000000000e+00 0.000000000000000000e+00 0.000000000000000000e+00 0.000000000000000000e+00
3.076923076923077094e-01 5.128205128205128027e-02 2.564102564102564014e-02 0.000000000000000000e+00 0.000000000000000000e+00 1.000000000000000000e+00 2.051282051282051211e-01 1.282051282051282007e-02 0.000000000000000000e+00 0.000000000000000000e+00 3.974358974358974117e-01 6.410256410256409687e-02 0.000000000000000000e+00
0.000000000000000000e+00 2.743142144638403834e-02 6.807980049875311801e-01 0.000000000000000000e+00 0.000000000000000000e+00 0.000000000000000000e+00 1.000000000000000000e+00 0.000000000000000000e+00 0.000000000000000000e+00 0.000000000000000000e+00 0.000000000000000000e+00 0.000000000000000000e+00 0.000000000000000000e+00
0.000000000000000000e+00 0.000000000000000000e+00 0.000000000000000000e+00 0.000000000000000000e+00 0.000000000000000000e+00 0.000000000000000000e+00 0.000000000000000000e+00 0.000000000000000000e+00 1.000000000000000000e+00 0.000000000000000000e+00 0.000000000000000000e+00 7.777777777777777901e-01 0.000000000000000000e+00
0.000000000000000000e+00 0.000000000000000000e+00 0.000000000000000000e+00 0.000000000000000000e+00 0.000000000000000000e+00 0.000000000000000000e+00 0.000000000000000000e+00 0.000000000000000000e+00 0.000000000000000000e+00 0.000000000000000000e+00 0.000000000000000000e+00 0.000000000000000000e+00 0.000000000000000000e+00
0.000000000000000000e+00 0.000000000000000000e+00 0.000000000000000000e+00 0.000000000000000000e+00 0.000000000000000000e+00 1.492537313432835792e-02 0.000000000000000000e+00 1.000000000000000000e+00 0.000000000000000000e+00 0.000000000000000000e+00 0.000000000000000000e+00 0.000000000000000000e+00 0.000000000000000000e+00
0.000000000000000000e+00 2.761194029850746468e-01 1.000000000000000000e+00 0.000000000000000000e+00 0.000000000000000000e+00 0.000000000000000000e+00 0.000000000000000000e+00 0.000000000000000000e+00 0.000000000000000000e+00 0.000000000000000000e+00 4.975124378109452988e-02 0.000000000000000000e+00 0.000000000000000000e+00
1.000000000000000000e+00 0.000000000000000000e+00 0.000000000000000000e+00 0.000000000000000000e+00 0.000000000000000000e+00 9.032258064516128782e-01 0.000000000000000000e+00 3.225806451612903136e-02 0.000000000000000000e+00 0.000000000000000000e+00 0.000000000000000000e+00 3.387096774193548154e-01 0.000000000000000000e+00
0.000000000000000000e+00 6.329113924050632813e-03 6.329113924050632813e-03 2.848101265822784722e-02 0.000000000000000000e+00 0.000000000000000000e+00 2.943037974683544444e-01 0.000000000000000000e+00 0.000000000000000000e+00 0.000000000000000000e+00 3.164556962025316406e-03 6.012658227848101389e-02 1.000000000000000000e+00
5.747126436781608838e-01 0.000000000000000000e+00 0.000000000000000000e+00 0.000000000000000000e+00 0.000000000000000000e+00 0.000000000000000000e+00 0.000000000000000000e+00 0.000000000000000000e+00 0.000000000000000000e+00 5.747126436781609116e-02 0.000000000000000000e+00 1.000000000000000000e+00 0.000000000000000000e+00
0.000000000000000000e+00 1.000000000000000000e+00 2.941176470588235253e-02 0.000000000000000000e+00 0.000000000000000000e+00 0.000000000000000000e+00 3.823529411764705621e-01 1.176470588235294101e-01 0.000000000000000000e+00 0.000000000000000000e+00 2.941176470588235253e-02 0.000000000000000000e+00 0.000000000000000000e+00
0.000000000000000000e+00 0.000000000000000000e+00 0.000000000000000000e+00 1.982758620689655249e-01 0.000000000000000000e+00 0.000000000000000000e+00 0.000000000000000000e+00 0.000000000000000000e+00 1.000000000000000000e+00 0.000000000000000000e+00 0.000000000000000000e+00 0.000000000000000000e+00 6.034482758620689918e-02
0.000000000000000000e+00 0.000000000000000000e+00 1.623376623376623223e-02 0.000000000000000000e+00 0.000000000000000000e+00 0.000000000000000000e+00 3.246753246753246447e-02 0.000000000000000000e+00 1.000000000000000000e+00 0.000000000000000000e+00 0.000000000000000000e+00 0.000000000000000000e+00 6.461038961038960693e-01
