0.000000000000000000e+00 2.474226804123711432e-01 0.000000000000000000e+00 0.000000000000000000e+00 0.000000000000000000e+00 0.000000000000000000e+00 1.000000000000000000e+00 0.000000000000000000e+00 0.000000000000000000e+00 2.061855670103092744e-02 0.000000000000000000e+00 0.000000000000000000e+00 0.000000000000000000e+00
1.650165016501650012e-02 1.980198019801980222e-02 0.000000000000000000e+00 0.000000000000000000e+00 0.000000000000000000e+00 0.000000000000000000e+00 1.287128712871287162e-01 0.000000000000000000e+00 0.000000000000000000e+00 0.000000000000000000e+00 0.000000000000000000e+00 0.000000000000000000e+00 1.000000000000000000e+00
0.000000000000000000e+00 9.174311926605505096e-03 0.000000000000000000e+00 1.376146788990825764e-01 0.000000000000000000e+00 0.000000000000000000e+00 1.559633027522935866e-01 1.000000000000000000e+00 0.000000000000000000e+00 0.000000000000000000e+00 0.000000000000000000e+00 0.000000000000000000e+00 0.000000000000000000e+00
1.596638655462184753e-01 0.000000000000000000e+00 6.722689075630251809e-02 0.000000000000000000e+00 0.000000000000000000e+00 0.000000000000000000e+00 1.000000000000000000e+00 6.890756302521008347e-01 0.000000000000000000e+00 1.680672268907562952e-02 0.000000000000000000e+00 1.680672268907562952e-02 0.000000000000000000e+00
0.000000000000000000e+00 0.000000000000000000e+00 0.000000000000000000e+00 0.000000000000000000e+00 0.000000000000000000e+00 0.000000000000000000e+00 0.000000000000000000e+00 0.000000000000000000e+00 0.000000000000000000e+00 0.000000000000000000e+00 0.000000000000000000e+00 0.000000000000000000e+00 0.000000000000000000e+00
0.000000000000000000e+00 0.000000000000000000e+00 0.000000000000000000e+00 0.000000000000000000e+00 0.000000000000000000e+00 0.000000000000000000e+00 0.000000000000000000e+00 5.000000000000000000e-01 1.000000000000000000e+00 0.000000000000000000e+00 6.250000000000000000e-02 0.000000000000000000e+00 0.000000000000000000e+00
2.773972602739726012e-01 1.000000000000000000e+00 0.000000000000000000e+00 0.000000000000000000e+00 0.000000000000000000e+00 0.000000000000000000e+00 0.000000000000000000e+00 0.000000000000000000e+00 0.000000000000000000e+00 3.082191780821917637e-02 0.000000000000000000e+00 0.000000000000000000e+00 0.000000000000000000e+00
9.278350515463917869e-02 8.762886597938143729e-02 6.030927835051546060e-01 1.000000000000000000e+00 0.000000000000000000e+00 0.000000000000000000e+00 5.618556701030927858e-01 0.000000000000000000e+00 0.000000000000000000e+00 5.154639175257731860e-03 0.000000000000000000e+00 6.701030927835051332e-02 0.000000000000000000e+00
0.000000000000000000e+00 0.000000000000000000e+00 7.594936708860759722e-02 6.329113924050632813e-03 0.000000000000000000e+00 5.063291139240506250e-02 0.000000000000000000e+00 1.000000000000000000e+00 0.000000000000000000e+00 0.000000000000000000e+00 2.531645569620253125e-02 5.063291139240506250e-02 6.329113924050633333e-02
0.000000000000000000e+00 1.000000000000000000e+00 0.000000000000000000e+00 0.000000000000000000e+00 0.000000000000000000e+00 0.000000000000000000e+00 7.692307692307692735e-02 0.000000000000000000e+00 0.000000000000000000e+00 0.000000000000000000e+00 0.000000000000000000e+00 0.000000000000000000e+00 0.000000000000000000e+00
0.000000000000000000e+00 0.000000000000000000e+00 7.692307692307692735e-02 0.000000000000000000e+00 0.000000000000000000e+00 1.538461538461538547e-01 0.000000000000000000e+00 1.000000000000000000e+00 3.846153846153846367e-01 0.000000000000000000e+00 0.000000000000000000e+00 0.000000000000000000e+00 0.000000000000000000e+00
0.000000000000000000e+00 5.263157894736841813e-02 0.000000000000000000e+00 1.000000000000000000e+00 0.000000000000000000e+00 0.000000000000000000e+00 0.000000000000000000e+00 2.631578947368420907e-01 0.000000000000000000e+00 0.000000000000000000e+00 0.000000000000000000e+00 0.000000000000000000e+00 0.000000000000000000e+00
0.000000000000000000e+00 0.000000000000000000e+00 2.222222222222222307e-02 1.666666666666666644e-02 0.000000000000000000e+00 8.333333333333332871e-02 0.000000000000000000e+00 5.222222222222222543e-01 1.000000000000000000e+00 0.000000000000000000e+00 8.888888888888889228e-02 1.111111111111111154e-02 8.333333333333332871e-02
