1.000000000000000000e+00 0.000000000000000000e+00 0.000000000000000000e+00 1.466275659824046920e-03 0.000000000000000000e+00 1.466275659824046920e-03 3.870967741935483764e-01 0.000000000000000000e+00 1.466275659824046920e-03 3.958944281524926501e-01 4.398826979472141192e-03 0.000000000000000000e+00 1.466275659824046920e-03 0.000000000000000000e+00 3.665689149560117516e-02
0.000000000000000000e+00 2.836879432624113684e-01 1.170212765957446832e-01 0.000000000000000000e+00 6.028368794326240815e-02 0.000000000000000000e+00 0.000000000000000000e+00 0.000000000000000000e+00 1.000000000000000000e+00 0.000000000000000000e+00 2.836879432624113406e-02 1.063829787234042527e-02 3.900709219858156107e-02 0.000000000000000000e+00 0.000000000000000000e+00
0.000000000000000000e+00 1.269035532994923846e-02 1.015228426395939007e-02 0.000000000000000000e+00 2.538071065989847518e-03 0.000000000000000000e+00 0.000000000000000000e+00 0.000000000000000000e+00 1.345177664974619158e-01 0.000000000000000000e+00 0.000000000000000000e+00 0.000000000000000000e+00 0.000000000000000000e+00 1.000000000000000000e+00 0.000000000000000000e+00
1.000000000000000000e+00 0.000000000000000000e+00 0.000000000000000000e+00 0.000000000000000000e+00 0.000000000000000000e+00 0.000000000000000000e+00 1.178707224334600706e-01 0.000000000000000000e+00 2.281368821292775739e-02 6.311787072243345564e-01 3.802281368821292754e-03 0.000000000000000000e+00 1.140684410646387870e-02 0.000000000000000000e+00 5.323193916349809596e-02
0.000000000000000000e+00 2.040816326530612082e-02 0.000000000000000000e+00 0.000000000000000000e+00 0.000000000000000000e+00 0.000000000000000000e+00 0.000000000000000000e+00 0.000000000000000000e+00 4.591836734693877653e-01 0.000000000000000000e+00 1.632653061224489666e-01 0.000000000000000000e+00 1.000000000000000000e+00 0.000000000000000000e+00 0.000000000000000000e+00
8.196721311475410263e-03 1.229508196721311453e-01 0.000000000000000000e+00 8.196721311475409222e-02 7.377049180327868716e-02 0.000000000000000000e+00 8.196721311475410263e-03 0.000000000000000000e+00 8.770491803278688270e-01 1.000000000000000000e+00 0.000000000000000000e+00 2.459016393442622905e-02 0.000000000000000000e+00 2.459016393442622905e-02 2.213114754098360615e-01
0.000000000000000000e+00 2.801120448179271732e-03 5.602240896358543464e-03 8.683473389355741978e-02 0.000000000000000000e+00 7.282913165266106936e-02 2.801120448179271732e-03 0.000000000000000000e+00 3.081232492997199035e-02 1.000000000000000000e+00 0.000000000000000000e+00 0.000000000000000000e+00 0.000000000000000000e+00 0.000000000000000000e+00 7.563025210084033112e-02
0.000000000000000000e+00 0.000000000000000000e+00 0.000000000000000000e+00 0.000000000000000000e+00 0.000000000000000000e+00 0.000000000000000000e+00 0.000000000000000000e+00 0.000000000000000000e+00 0.000000000000000000e+00 0.000000000000000000e+00 0.000000000000000000e+00 0.000000000000000000e+00 0.000000000000000000e+00 0.000000000000000000e+00 0.000000000000000000e+00
0.000000000000000000e+00 7.609890109890109500e-01 1.000000000000000000e+00 0.000000000000000000e+00 6.950549450549450281e-01 0.000000000000000000e+00 0.000000000000000000e+00 0.000000000000000000e+00 0.000000000000000000e+00 0.000000000000000000e+00 3.049450549450549719e-01 3.846153846153846367e-02 6.043956043956043578e-01 0.000000000000000000e+00 0.000000000000000000e+00
6.441860465116279189e-01 3.953488372093023201e-02 1.627906976744186024e-02 8.930232558139534760e-01 2.790697674418604612e-02 5.186046511627907529e-01 3.465116279069767602e-01 0.000000000000000000e+00 3.860465116279069853e-01 0.000000000000000000e+00 4.651162790697674354e-03 1.162790697674418589e-02 4.651162790697674354e-03 5.348837209302325507e-02 1.000000000000000000e+00
0.000000000000000000e+00 5.970149253731343170e-02 1.492537313432835688e-01 0.000000000000000000e+00 9.701492537313433084e-02 0.000000000000000000e+00 0.000000000000000000e+00 0.000000000000000000e+00 1.000000000000000000e+00 0.000000000000000000e+00 0.000000000000000000e+00 3.731343283582089481e-03 0.000000000000000000e+00 0.000000000000000000e+00 0.000000000000000000e+00
0.000000000000000000e+00 5.555555555555555247e-02 3.888888888888888951e-01 0.000000000000000000e+00 5.555555555555555247e-02 0.000000000000000000e+00 0.000000000000000000e+00 0.000000000000000000e+00 1.000000000000000000e+00 0.000000000000000000e+00 0.000000000000000000e+00 0.000000000000000000e+00 0.000000000000000000e+00 0.000000000000000000e+00 0.000000000000000000e+00
0.000000000000000000e+00 3.516483516483516480e-02 0.000000000000000000e+00 0.000000000000000000e+00 0.000000000000000000e+00 0.000000000000000000e+00 0.000000000000000000e+00 0.000000000000000000e+00 4.879120879120878995e-01 0.000000000000000000e+00 4.263736263736263576e-01 2.197802197802197800e-03 1.000000000000000000e+00 0.000000000000000000e+00 0.000000000000000000e+00
2.849002849002849145e-03 0.000000000000000000e+00 0.000000000000000000e+00 7.407407407407406996e-02 2.849002849002849145e-03 3.988603988603988543e-02 0.000000000000000000e+00 0.000000000000000000e+00 2.849002849002849145e-03 1.000000000000000000e+00 0.000000000000000000e+00 0.000000000000000000e+00 0.000000000000000000e+00 2.849002849002849145e-03 9.116809116809117264e-02
5.568445475638050812e-02 4.640371229698375677e-03 2.320185614849187838e-03 7.424593967517401083e-02 4.640371229698375677e-03 7.888631090487238651e-02 2.320185614849187838e-02 0.000000000000000000e+00 3.248259860788862974e-02 1.000000000000000000e+00 0.000000000000000000e+00 0.000000000000000000e+00 0.000000000000000000e+00 1.160092807424593919e-02 3.549883990719257532e-01
