6.751091703056768534e-01 3.668122270742357749e-02 0.000000000000000000e+00 5.240174672489082870e-03 0.000000000000000000e+00 0.000000000000000000e+00 0.000000000000000000e+00 1.000000000000000000e+00 9.606986899563319318e-03 0.000000000000000000e+00 0.000000000000000000e+00 2.620087336244541435e-03 8.733624454148471812e-04 0.000000000000000000e+00 0.000000000000000000e+00
2.588996763754045430e-02 2.265372168284789794e-02 0.000000000000000000e+00 0.000000000000000000e+00 0.000000000000000000e+00 0.000000000000000000e+00 0.000000000000000000e+00 2.103559870550161803e-01 3.236245954692556787e-03 0.000000000000000000e+00 0.000000000000000000e+00 0.000000000000000000e+00 0.000000000000000000e+00 1.000000000000000000e+00 0.000000000000000000e+00
0.000000000000000000e+00 0.000000000000000000e+00 0.000000000000000000e+00 6.451612903225806446e-03 0.000000000000000000e+00 1.032258064516129031e-01 0.000000000000000000e+00 1.935483870967742021e-02 0.000000000000000000e+00 1.000000000000000000e+00 1.354838709677419484e-01 0.000000000000000000e+00 0.000000000000000000e+00 0.000000000000000000e+00 6.451612903225806273e-02
7.857142857142856984e-02 5.000000000000000278e-02 0.000000000000000000e+00 0.000000000000000000e+00 0.000000000000000000e+00 0.000000000000000000e+00 0.000000000000000000e+00 1.000000000000000000e+00 1.428571428571428527e-02 0.000000000000000000e+00 0.000000000000000000e+00 0.000000000000000000e+00 0.000000000000000000e+00 0.000000000000000000e+00 0.000000000000000000e+00
1.666666666666666574e-01 1.111111111111111154e-02 1.111111111111111154e-02 0.000000000000000000e+00 1.111111111111111154e-02 0.000000000000000000e+00 0.000000000000000000e+00 1.000000000000000000e+00 0.000000000000000000e+00 9.888888888888889284e-01 0.000000000000000000e+00 0.000000000000000000e+00 0.000000000000000000e+00 2.222222222222222307e-02 1.222222222222222182e-01
5.952380952380952051e-03 0.000000000000000000e+00 1.190476190476190410e-02 0.000000000000000000e+00 1.190476190476190410e-02 0.000000000000000000e+00 0.000000000000000000e+00 5.952380952380952051e-03 0.000000000000000000e+00 1.000000000000000000e+00 0.000000000000000000e+00 0.000000000000000000e+00 0.000000000000000000e+00 0.000000000000000000e+00 6.547619047619047949e-02
0.000000000000000000e+00 0.000000000000000000e+00 0.000000000000000000e+00 0.000000000000000000e+00 0.000000000000000000e+00 0.000000000000000000e+00 0.000000000000000000e+00 0.000000000000000000e+00 0.000000000000000000e+00 0.000000000000000000e+00 0.000000000000000000e+00 0.000000000000000000e+00 0.000000000000000000e+00 0.000000000000000000e+00 0.000000000000000000e+00
1.000000000000000000e+00 2.760416666666666852e-01 0.000000000000000000e+00 9.461805555555555247e-02 0.000000000000000000e+00 0.000000000000000000e+00 0.000000000000000000e+00 0.000000000000000000e+00 1.050347222222222238e-01 0.000000000000000000e+00 0.000000000000000000e+00 1.562500000000000000e-02 5.815972222222222376e-02 0.000000000000000000e+00 0.000000000000000000e+00
7.216494845360824084e-02 0.000000000000000000e+00 0.000000000000000000e+00 2.061855670103092675e-01 0.000000000000000000e+00 0.000000000000000000e+00 0.000000000000000000e+00 1.000000000000000000e+00 0.000000000000000000e+00 0.000000000000000000e+00 0.000000000000000000e+00 0.000000000000000000e+00 1.237113402061855716e-01 0.000000000000000000e+00 0.000000000000000000e+00
4.801097393689986691e-03 6.172839506172839164e-03 1.227709190672153644e-01 0.000000000000000000e+00 1.124828532235939704e-01 9.876543209876542662e-02 0.000000000000000000e+00 1.117969821673525377e-01 6.858710562414265617e-04 0.000000000000000000e+00 4.801097393689986170e-02 6.858710562414265617e-04 0.000000000000000000e+00 1.028806584362139918e-02 1.000000000000000000e+00
0.000000000000000000e+00 0.000000000000000000e+00 0.000000000000000000e+00 0.000000000000000000e+00 0.000000000000000000e+00 2.266666666666666552e-01 0.000000000000000000e+00 2.666666666666666838e-02 0.000000000000000000e+00 1.000000000000000000e+00 3.333333333333333148e-01 0.000000000000000000e+00 0.000000000000000000e+00 1.333333333333333419e-02 9.333333333333333759e-02
2.142857142857142738e-01 3.571428571428571508e-01 0.000000000000000000e+00 0.000000000000000000e+00 0.000000000000000000e+00 0.000000000000000000e+00 0.000000000000000000e+00 1.000000000000000000e+00 0.000000000000000000e+00 0.000000000000000000e+00 0.000000000000000000e+00 0.000000000000000000e+00 0.000000000000000000e+00 0.000000000000000000e+00 0.000000000000000000e+00
5.660377358490566169e-02 0.000000000000000000e+00 0.000000000000000000e+00 4.528301886792452935e-01 0.000000000000000000e+00 0.000000000000000000e+00 0.000000000000000000e+00 1.000000000000000000e+00 0.000000000000000000e+00 0.000000000000000000e+00 0.000000000000000000e+00 0.000000000000000000e+00 5.849056603773584717e-01 0.000000000000000000e+00 0.000000000000000000e+00
0.000000000000000000e+00 3.787878787878787984e-03 1.136363636363636395e-02 0.000000000000000000e+00 3.030303030303030387e-02 0.000000000000000000e+00 0.000000000000000000e+00 0.000000000000000000e+00 0.000000000000000000e+00 1.000000000000000000e+00 0.000000000000000000e+00 0.000000000000000000e+00 0.000000000000000000e+00 1.136363636363636395e-02 2.045454545454545581e-01
6.849315068493150738e-04 6.849315068493150738e-04 1.438356164383561633e-02 0.000000000000000000e+00 2.397260273972602607e-02 5.479452054794520591e-03 0.000000000000000000e+00 8.219178082191780019e-03 0.000000000000000000e+00 1.000000000000000000e+00 7.534246575342466029e-03 0.000000000000000000e+00 0.000000000000000000e+00 1.369863013698630148e-03 6.246575342465753300e-01
