0.000000000000000000e+00 1.069518716577540079e-01 1.069518716577540045e-02 1.000000000000000000e+00 0.000000000000000000e+00 0.000000000000000000e+00 0.000000000000000000e+00 2.673796791443850199e-02 0.000000000000000000e+00 0.000000000000000000e+00 0.000000000000000000e+00 2.245989304812834320e-01 0.000000000000000000e+00 0.000000000000000000e+00 5.347593582887700224e-03 0.000000000000000000e+00 7.486631016042780140e-02 0.000000000000000000e+00 0.000000000000000000e+00 0.000000000000000000e+00 0.000000000000000000e+00 2.941176470588235392e-01
0.000000000000000000e+00 5.555555555555555802e-01 0.000000000000000000e+00 1.000000000000000000e+00 0.000000000000000000e+00 5.555555555555555247e-02 0.000000000000000000e+00 1.666666666666666574e-01 0.000000000000000000e+00 0.000000000000000000e+00 0.000000000000000000e+00 1.111111111111111049e-01 0.000000000000000000e+00 0.000000000000000000e+00 5.555555555555555247e-02 0.000000000000000000e+00 2.222222222222222099e-01 0.000000000000000000e+00 0.000000000000000000e+00 0.000000000000000000e+00 0.000000000000000000e+00 6.666666666666666297e-01
0.000000000000000000e+00 0.000000000000000000e+00 0.000000000000000000e+00 0.000000000000000000e+00 0.000000000000000000e+00 0.000000000000000000e+00 1.956947162426614373e-03 8.708414872798433959e-02 0.000000000000000000e+00 0.000000000000000000e+00 9.784735812133071864e-04 0.000000000000000000e+00 0.000000000000000000e+00 2.935420743639921559e-03 0.000000000000000000e+00 4.500978473581213057e-02 4.755381604696672926e-01 0.000000000000000000e+00 0.000000000000000000e+00 0.000000000000000000e+00 1.956947162426614373e-02 1.000000000000000000e+00
0.000000000000000000e+00 1.416666666666666630e-01 2.500000000000000139e-02 0.000000000000000000e+00 0.000000000000000000e+00 7.499999999999999722e-02 0.000000000000000000e+00 6.666666666666666574e-02 0.000000000000000000e+00 1.166666666666666685e-01 0.000000000000000000e+00 3.416666666666666741e-01 0.000000000000000000e+00 2.500000000000000139e-02 1.833333333333333204e-01 0.000000000000000000e+00 3.166666666666666519e-01 0.000000000000000000e+00 0.000000000000000000e+00 0.000000000000000000e+00 0.000000000000000000e+00 1.000000000000000000e+00
0.000000000000000000e+00 0.000000000000000000e+00 0.000000000000000000e+00 1.176470588235294101e-01 0.000000000000000000e+00 0.000000000000000000e+00 0.000000000000000000e+00 0.000000000000000000e+00 0.000000000000000000e+00 0.000000000000000000e+00 7.647058823529411242e-01 5.882352941176470507e-02 0.000000000000000000e+00 0.000000000000000000e+00 0.000000000000000000e+00 0.000000000000000000e+00 0.000000000000000000e+00 0.000000000000000000e+00 1.000000000000000000e+00 0.000000000000000000e+00 0.000000000000000000e+00 0.000000000000000000e+00
0.000000000000000000e+00 8.333333333333332871e-02 0.000000000000000000e+00 1.000000000000000000e+00 0.000000000000000000e+00 0.000000000000000000e+00 0.000000000000000000e+00 4.166666666666666435e-02 0.000000000000000000e+00 4.166666666666666435e-02 0.000000000000000000e+00 3.750000000000000000e-01 0.000000000000000000e+00 0.000000000000000000e+00 4.166666666666666435e-02 0.000000000000000000e+00 4.166666666666666435e-02 0.000000000000000000e+00 0.000000000000000000e+00 0.000000000000000000e+00 0.000000000000000000e+00 3.333333333333333148e-01
0.000000000000000000e+00 0.000000000000000000e+00 0.000000000000000000e+00 0.000000000000000000e+00 0.000000000000000000e+00 0.000000000000000000e+00 3.540372670807453437e-01 0.000000000000000000e+00 0.000000000000000000e+00 0.000000000000000000e+00 1.552795031055900499e-01 0.000000000000000000e+00 2.236024844720496951e-01 0.000000000000000000e+00 0.000000000000000000e+00 1.000000000000000000e+00 0.000000000000000000e+00 0.000000000000000000e+00 0.000000000000000000e+00 9.937888198757763303e-02 2.111801242236024945e-01 0.000000000000000000e+00
0.000000000000000000e+00 0.000000000000000000e+00 1.000000000000000056e-01 0.000000000000000000e+00 0.000000000000000000e+00 0.000000000000000000e+00 1.111111111111111154e-02 3.666666666666666408e-01 0.000000000000000000e+00 0.000000000000000000e+00 0.000000000000000000e+00 0.000000000000000000e+00 7.407407407407407690e-03 2.296296296296296280e-01 0.000000000000000000e+00 5.925925925925926152e-02 3.148148148148148251e-01 0.000000000000000000e+00 0.000000000000000000e+00 0.000000000000000000e+00 7.407407407407407690e-03 1.000000000000000000e+00
0.000000000000000000e+00 0.000000000000000000e+00 0.000000000000000000e+00 0.000000000000000000e+00 0.000000000000000000e+00 0.000000000000000000e+00 0.000000000000000000e+00 0.000000000000000000e+00 0.000000000000000000e+00 0.000000000000000000e+00 0.000000000000000000e+00 0.000000000000000000e+00 0.000000000000000000e+00 0.000000000000000000e+00 0.000000000000000000e+00 0.000000000000000000e+00 0.000000000000000000e+00 0.000000000000000000e+00 0.000000000000000000e+00 0.000000000000000000e+00 0.000000000000000000e+00 0.000000000000000000e+00
1.000000000000000000e+00 0.000000000000000000e+00 0.000000000000000000e+00 0.000000000000000000e+00 0.000000000000000000e+00 0.000000000000000000e+00 0.000000000000000000e+00 0.000000000000000000e+00 0.000000000000000000e+00 0.000000000000000000e+00 0.000000000000000000e+00 0.000000000000000000e+00 0.000000000000000000e+00 0.000000000000000000e+00 0.000000000000000000e+00 0.000000000000000000e+00 0.000000000000000000e+00 0.000000000000000000e+00 0.000000000000000000e+00 0.000000000000000000e+00 0.000000000000000000e+00 0.000000000000000000e+00
1.000000000000000000e+00 0.000000000000000000e+00 0.000000000000000000e+00 0.000000000000000000e+00 1.213235294117647051e-01 0.000000000000000000e+00 0.000000000000000000e+00 0.000000000000000000e+00 0.000000000000000000e+00 0.000000000000000000e+00 0.000000000000000000e+00 0.000000000000000000e+00 0.000000000000000000e+00 0.000000000000000000e+00 0.000000000000000000e+00 0.000000000000000000e+00 0.000000000000000000e+00 1.102941176470588203e-01 0.000000000000000000e+00 0.000000000000000000e+00 0.000000000000000000e+00 0.000000000000000000e+00
0.000000000000000000e+00 3.174603174603174427e-02 3.174603174603174427e-02 2.222222222222222099e-01 0.000000000000000000e+00 6.349206349206348854e-02 0.000000000000000000e+00 0.000000000000000000e+00 0.000000000000000000e+00 0.000000000000000000e+00 0.000000000000000000e+00 0.000000000000000000e+00 0.000000000000000000e+00 1.587301587301587213e-01 1.000000000000000000e+00 0.000000000000000000e+00 0.000000000000000000e+00 0.000000000000000000e+00 0.000000000000000000e+00 0.000000000000000000e+00 0.000000000000000000e+00 4.761904761904761640e-02
0.000000000000000000e+00 0.000000000000000000e+00 0.000000000000000000e+00 0.000000000000000000e+00 0.000000000000000000e+00 0.000000000000000000e+00 2.681660899653979385e-02 0.000000000000000000e+00 0.000000000000000000e+00 0.000000000000000000e+00 0.000000000000000000e+00 0.000000000000000000e+00 1.000000000000000000e+00 0.000000000000000000e+00 0.000000000000000000e+00 2.993079584775086288e-01 0.000000000000000000e+00 0.000000000000000000e+00 0.000000000000000000e+00 4.749134948096885855e-01 8.650519031141868775e-04 0.000000000000000000e+00
0.000000000000000000e+00 0.000000000000000000e+00 4.329976762199845286e-01 0.000000000000000000e+00 0.000000000000000000e+00 0.000000000000000000e+00 0.000000000000000000e+00 1.936483346243222242e-02 0.000000000000000000e+00 0.000000000000000000e+00 0.000000000000000000e+00 0.000000000000000000e+00 7.358636715724244624e-03 1.000000000000000000e+00 0.000000000000000000e+00 6.584043377226955762e-03 3.872966692486444853e-04 0.000000000000000000e+00 0.000000000000000000e+00 6.584043377226955762e-03 0.000000000000000000e+00 2.804027885360185768e-01
0.000000000000000000e+00 0.000000000000000000e+00 5.970149253731343170e-02 1.791044776119402882e-01 0.000000000000000000e+00 2.462686567164178997e-01 0.000000000000000000e+00 0.000000000000000000e+00 0.000000000000000000e+00 0.000000000000000000e+00 0.000000000000000000e+00 0.000000000000000000e+00 0.000000000000000000e+00 1.044776119402985037e-01 1.000000000000000000e+00 0.000000000000000000e+00 0.000000000000000000e+00 0.000000000000000000e+00 0.000000000000000000e+00 0.000000000000000000e+00 0.000000000000000000e+00 6.716417910447761153e-02
0.000000000000000000e+00 0.000000000000000000e+00 0.000000000000000000e+00 0.000000000000000000e+00 0.000000000000000000e+00 0.000000000000000000e+00 3.965517241379310498e-01 0.000000000000000000e+00 0.000000000000000000e+00 0.000000000000000000e+00 6.231527093596058720e-01 0.000000000000000000e+00 8.768472906403941280e-01 0.000000000000000000e+00 0.000000000000000000e+00 0.000000000000000000e+00 0.000000000000000000e+00 0.000000000000000000e+00 0.000000000000000000e+00 3.743842364532019573e-01 1.000000000000000000e+00 0.000000000000000000e+00
0.000000000000000000e+00 0.000000000000000000e+00 1.790123456790123357e-01 0.000000000000000000e+00 0.000000000000000000e+00 0.000000000000000000e+00 0.000000000000000000e+00 2.998236331569664737e-02 0.000000000000000000e+00 0.000000000000000000e+00 0.000000000000000000e+00 0.000000000000000000e+00 4.409171075837742260e-03 1.000000000000000000e+00 0.000000000000000000e+00 2.645502645502645356e-03 0.000000000000000000e+00 0.000000000000000000e+00 0.000000000000000000e+00 1.763668430335096904e-03 0.000000000000000000e+00 2.663139329805996325e-01
0.000000000000000000e+00 0.000000000000000000e+00 0.000000000000000000e+00 2.857142857142856984e-01 0.000000000000000000e+00 0.000000000000000000e+00 0.000000000000000000e+00 0.000000000000000000e+00 0.000000000000000000e+00 0.000000000000000000e+00 0.000000000000000000e+00 1.428571428571428492e-01 0.000000000000000000e+00 0.000000000000000000e+00 0.000000000000000000e+00 0.000000000000000000e+00 0.000000000000000000e+00 0.000000000000000000e+00 1.000000000000000000e+00 0.000000000000000000e+00 0.000000000000000000e+00 0.000000000000000000e+00
1.000000000000000000e+00 0.000000000000000000e+00 0.000000000000000000e+00 0.000000000000000000e+00 0.000000000000000000e+00 0.000000000000000000e+00 0.000000000000000000e+00 0.000000000000000000e+00 0.000000000000000000e+00 0.000000000000000000e+00 0.000000000000000000e+00 0.000000000000000000e+00 0.000000000000000000e+00 0.000000000000000000e+00 0.000000000000000000e+00 0.000000000000000000e+00 0.000000000000000000e+00 0.000000000000000000e+00 0.000000000000000000e+00 0.000000000000000000e+00 0.000000000000000000e+00 0.000000000000000000e+00
0.000000000000000000e+00 0.000000000000000000e+00 0.000000000000000000e+00 0.000000000000000000e+00 0.000000000000000000e+00 0.000000000000000000e+00 1.000000000000000056e-01 0.000000000000000000e+00 0.000000000000000000e+00 0.000000000000000000e+00 8.799999999999999489e-02 0.000000000000000000e+00 2.000000000000000042e-03 0.000000000000000000e+00 0.000000000000000000e+00 1.000000000000000000e+00 0.000000000000000000e+00 0.000000000000000000e+00 0.000000000000000000e+00 0.000000000000000000e+00 4.680000000000000271e-01 0.000000000000000000e+00
0.000000000000000000e+00 0.000000000000000000e+00 0.000000000000000000e+00 0.000000000000000000e+00 0.000000000000000000e+00 0.000000000000000000e+00 2.414486921529174906e-02 0.000000000000000000e+00 0.000000000000000000e+00 0.000000000000000000e+00 0.000000000000000000e+00 0.000000000000000000e+00 1.000000000000000000e+00 0.000000000000000000e+00 0.000000000000000000e+00 2.877263581488933575e-01 0.000000000000000000e+00 0.000000000000000000e+00 0.000000000000000000e+00 1.810865191146881215e-01 0.000000000000000000e+00 0.000000000000000000e+00
0.000000000000000000e+00 0.000000000000000000e+00 2.903225806451613100e-01 0.000000000000000000e+00 0.000000000000000000e+00 0.000000000000000000e+00 1.233396584440227782e-02 2.628083491461100651e-01 0.000000000000000000e+00 0.000000000000000000e+00 0.000000000000000000e+00 0.000000000000000000e+00 1.043643263757115802e-02 6.831119544592030302e-01 0.000000000000000000e+00 9.108159392789373643e-02 1.000000000000000000e+00 0.000000000000000000e+00 0.000000000000000000e+00 2.846299810246679263e-03 4.269449715370018938e-02 0.000000000000000000e+00
