1.000000000000000000e+00 0.000000000000000000e+00 0.000000000000000000e+00 0.000000000000000000e+00 0.000000000000000000e+00 1.410934744268077697e-03 3.527336860670194241e-04 4.497354497354497105e-01 0.000000000000000000e+00 0.000000000000000000e+00 7.054673721340388483e-04 9.735449735449736020e-02 3.527336860670194241e-04 4.232804232804233090e-03 0.000000000000000000e+00 0.000000000000000000e+00 0.000000000000000000e+00 8.112874779541446105e-03 0.000000000000000000e+00 7.760141093474426897e-03
0.000000000000000000e+00 0.000000000000000000e+00 0.000000000000000000e+00 0.000000000000000000e+00 0.000000000000000000e+00 0.000000000000000000e+00 0.000000000000000000e+00 0.000000000000000000e+00 0.000000000000000000e+00 0.000000000000000000e+00 0.000000000000000000e+00 0.000000000000000000e+00 0.000000000000000000e+00 0.000000000000000000e+00 0.000000000000000000e+00 0.000000000000000000e+00 0.000000000000000000e+00 0.000000000000000000e+00 0.000000000000000000e+00 0.000000000000000000e+00
1.639344262295082053e-02 0.000000000000000000e+00 0.000000000000000000e+00 0.000000000000000000e+00 0.000000000000000000e+00 6.885245901639344135e-01 0.000000000000000000e+00 0.000000000000000000e+00 9.836065573770491621e-02 1.475409836065573743e-01 0.000000000000000000e+00 1.000000000000000000e+00 0.000000000000000000e+00 0.000000000000000000e+00 6.229508196721311730e-01 0.000000000000000000e+00 0.000000000000000000e+00 0.000000000000000000e+00 0.000000000000000000e+00 9.836065573770491621e-02
3.636363636363636465e-01 0.000000000000000000e+00 0.000000000000000000e+00 1.000000000000000000e+00 0.000000000000000000e+00 0.000000000000000000e+00 0.000000000000000000e+00 1.818181818181818232e-01 0.000000000000000000e+00 0.000000000000000000e+00 0.000000000000000000e+00 0.000000000000000000e+00 0.000000000000000000e+00 0.000000000000000000e+00 2.727272727272727071e-01 0.000000000000000000e+00 0.000000000000000000e+00 0.000000000000000000e+00 0.000000000000000000e+00 0.000000000000000000e+00
0.000000000000000000e+00 0.000000000000000000e+00 1.000000000000000000e+00 0.000000000000000000e+00 1.226993865030674875e-02 0.000000000000000000e+00 0.000000000000000000e+00 0.000000000000000000e+00 0.000000000000000000e+00 0.000000000000000000e+00 6.748466257668711554e-02 0.000000000000000000e+00 8.588957055214724301e-01 0.000000000000000000e+00 0.000000000000000000e+00 0.000000000000000000e+00 1.226993865030674875e-02 0.000000000000000000e+00 4.294478527607362150e-02 0.000000000000000000e+00
1.000000000000000000e+00 0.000000000000000000e+00 0.000000000000000000e+00 0.000000000000000000e+00 0.000000000000000000e+00 0.000000000000000000e+00 0.000000000000000000e+00 1.757902852737085464e-01 0.000000000000000000e+00 0.000000000000000000e+00 0.000000000000000000e+00 9.329221279876638573e-02 0.000000000000000000e+00 1.542020046260601318e-03 0.000000000000000000e+00 0.000000000000000000e+00 0.000000000000000000e+00 1.156515034695451000e-02 0.000000000000000000e+00 1.002313030069390890e-02
0.000000000000000000e+00 0.000000000000000000e+00 0.000000000000000000e+00 0.000000000000000000e+00 0.000000000000000000e+00 1.000000000000000000e+00 0.000000000000000000e+00 1.851851851851851749e-02 0.000000000000000000e+00 0.000000000000000000e+00 8.148148148148147696e-01 9.629629629629629095e-01 0.000000000000000000e+00 0.000000000000000000e+00 0.000000000000000000e+00 0.000000000000000000e+00 7.407407407407406996e-02 1.851851851851851749e-02 8.888888888888888395e-01 1.481481481481481399e-01
9.478672985781991245e-03 0.000000000000000000e+00 0.000000000000000000e+00 0.000000000000000000e+00 5.924170616113743661e-03 1.000000000000000000e+00 1.078199052132701452e-01 0.000000000000000000e+00 0.000000000000000000e+00 0.000000000000000000e+00 4.146919431279620649e-02 6.540284360189573265e-01 0.000000000000000000e+00 0.000000000000000000e+00 0.000000000000000000e+00 0.000000000000000000e+00 2.369668246445497811e-03 1.184834123222748906e-03 5.450236966824644619e-02 7.464454976303316891e-02
0.000000000000000000e+00 0.000000000000000000e+00 0.000000000000000000e+00 0.000000000000000000e+00 0.000000000000000000e+00 1.000000000000000000e+00 0.000000000000000000e+00 0.000000000000000000e+00 0.000000000000000000e+00 5.000000000000000000e-01 0.000000000000000000e+00 5.000000000000000000e-01 0.000000000000000000e+00 0.000000000000000000e+00 1.000000000000000000e+00 0.000000000000000000e+00 0.000000000000000000e+00 0.000000000000000000e+00 0.000000000000000000e+00 0.000000000000000000e+00
5.000000000000000000e-01 0.000000000000000000e+00 0.000000000000000000e+00 1.000000000000000000e+00 0.000000000000000000e+00 0.000000000000000000e+00 0.000000000000000000e+00 0.000000000000000000e+00 0.000000000000000000e+00 0.000000000000000000e+00 0.000000000000000000e+00 0.000000000000000000e+00 0.000000000000000000e+00 0.000000000000000000e+00 1.250000000000000000e-01 0.000000000000000000e+00 0.000000000000000000e+00 0.000000000000000000e+00 0.000000000000000000e+00 0.000000000000000000e+00
0.000000000000000000e+00 0.000000000000000000e+00 0.000000000000000000e+00 0.000000000000000000e+00 5.762195121951219079e-01 0.000000000000000000e+00 0.000000000000000000e+00 0.000000000000000000e+00 0.000000000000000000e+00 0.000000000000000000e+00 0.000000000000000000e+00 0.000000000000000000e+00 0.000000000000000000e+00 2.439024390243902385e-01 0.000000000000000000e+00 3.048780487804878155e-03 1.250000000000000000e-01 4.512195121951219634e-01 1.000000000000000000e+00 0.000000000000000000e+00
4.552980132450331063e-01 0.000000000000000000e+00 0.000000000000000000e+00 0.000000000000000000e+00 8.278145695364239054e-03 1.000000000000000000e+00 1.721854304635761501e-01 2.135761589403973593e-01 0.000000000000000000e+00 0.000000000000000000e+00 3.476821192052979848e-02 0.000000000000000000e+00 1.655629139072847681e-03 0.000000000000000000e+00 0.000000000000000000e+00 0.000000000000000000e+00 4.966887417218543259e-03 1.655629139072847681e-03 4.801324503311258513e-02 1.125827814569536484e-01
1.136363636363636395e-02 0.000000000000000000e+00 0.000000000000000000e+00 0.000000000000000000e+00 0.000000000000000000e+00 5.568181818181817677e-01 1.136363636363636395e-02 1.136363636363636395e-02 0.000000000000000000e+00 0.000000000000000000e+00 0.000000000000000000e+00 1.000000000000000000e+00 0.000000000000000000e+00 0.000000000000000000e+00 0.000000000000000000e+00 0.000000000000000000e+00 0.000000000000000000e+00 0.000000000000000000e+00 0.000000000000000000e+00 4.545454545454545581e-02
0.000000000000000000e+00 0.000000000000000000e+00 0.000000000000000000e+00 0.000000000000000000e+00 2.660098522167487767e-01 0.000000000000000000e+00 0.000000000000000000e+00 0.000000000000000000e+00 0.000000000000000000e+00 0.000000000000000000e+00 1.000000000000000000e+00 0.000000000000000000e+00 0.000000000000000000e+00 2.463054187192118254e-03 0.000000000000000000e+00 2.463054187192118254e-03 8.374384236453201458e-02 4.926108374384236509e-03 9.655172413793103869e-01 0.000000000000000000e+00
1.428571428571428492e-01 0.000000000000000000e+00 0.000000000000000000e+00 4.761904761904761640e-02 0.000000000000000000e+00 6.190476190476190688e-01 0.000000000000000000e+00 4.761904761904761640e-02 0.000000000000000000e+00 1.428571428571428492e-01 0.000000000000000000e+00 1.000000000000000000e+00 4.761904761904761640e-02 0.000000000000000000e+00 0.000000000000000000e+00 0.000000000000000000e+00 0.000000000000000000e+00 0.000000000000000000e+00 0.000000000000000000e+00 4.761904761904761640e-02
0.000000000000000000e+00 0.000000000000000000e+00 0.000000000000000000e+00 0.000000000000000000e+00 1.000000000000000000e+00 0.000000000000000000e+00 0.000000000000000000e+00 0.000000000000000000e+00 0.000000000000000000e+00 0.000000000000000000e+00 1.000000000000000000e+00 0.000000000000000000e+00 0.000000000000000000e+00 0.000000000000000000e+00 0.000000000000000000e+00 0.000000000000000000e+00 0.000000000000000000e+00 0.000000000000000000e+00 0.000000000000000000e+00 0.000000000000000000e+00
0.000000000000000000e+00 0.000000000000000000e+00 0.000000000000000000e+00 0.000000000000000000e+00 3.589743589743589758e-01 0.000000000000000000e+00 0.000000000000000000e+00 0.000000000000000000e+00 0.000000000000000000e+00 0.000000000000000000e+00 1.000000000000000000e+00 0.000000000000000000e+00 0.000000000000000000e+00 1.025641025641025605e-01 0.000000000000000000e+00 0.000000000000000000e+00 0.000000000000000000e+00 4.871794871794871695e-01 7.692307692307692735e-01 0.000000000000000000e+00
0.000000000000000000e+00 0.000000000000000000e+00 0.000000000000000000e+00 0.000000000000000000e+00 6.056935190793458343e-04 0.000000000000000000e+00 0.000000000000000000e+00 0.000000000000000000e+00 0.000000000000000000e+00 0.000000000000000000e+00 1.011508176862507546e-01 0.000000000000000000e+00 0.000000000000000000e+00 4.258025439127801071e-01 0.000000000000000000e+00 0.000000000000000000e+00 6.662628709872804068e-03 1.000000000000000000e+00 2.422774076317383337e-03 0.000000000000000000e+00
0.000000000000000000e+00 0.000000000000000000e+00 0.000000000000000000e+00 0.000000000000000000e+00 0.000000000000000000e+00 0.000000000000000000e+00 0.000000000000000000e+00 0.000000000000000000e+00 0.000000000000000000e+00 0.000000000000000000e+00 8.579881656804733137e-02 0.000000000000000000e+00 0.000000000000000000e+00 2.100591715976331264e-01 0.000000000000000000e+00 0.000000000000000000e+00 1.331360946745562164e-02 1.000000000000000000e+00 2.958579881656804664e-03 0.000000000000000000e+00
3.382352941176470784e-01 0.000000000000000000e+00 0.000000000000000000e+00 0.000000000000000000e+00 1.470588235294117627e-02 9.411764705882352811e-01 2.205882352941176405e-01 1.470588235294117696e-01 0.000000000000000000e+00 0.000000000000000000e+00 4.411764705882353227e-02 1.000000000000000000e+00 0.000000000000000000e+00 0.000000000000000000e+00 0.000000000000000000e+00 0.000000000000000000e+00 0.000000000000000000e+00 0.000000000000000000e+00 1.470588235294117627e-02 0.000000000000000000e+00
