2.623906705539358689e-02 0.000000000000000000e+00 0.000000000000000000e+00 1.166180758017492693e-02 0.000000000000000000e+00 0.000000000000000000e+00 0.000000000000000000e+00 0.000000000000000000e+00 0.000000000000000000e+00 1.000000000000000000e+00 0.000000000000000000e+00 0.000000000000000000e+00 0.000000000000000000e+00
0.000000000000000000e+00 5.819095477386935222e-01 3.417085427135678477e-02 0.000000000000000000e+00 0.000000000000000000e+00 0.000000000000000000e+00 1.000000000000000000e+00 0.000000000000000000e+00 0.000000000000000000e+00 0.000000000000000000e+00 8.040201005025126441e-03 0.000000000000000000e+00 0.000000000000000000e+00
3.115577889447236348e-01 3.015075376884421982e-02 2.512562814070351883e-02 0.000000000000000000e+00 0.000000000000000000e+00 1.000000000000000000e+00 2.613065326633166041e-01 0.000000000000000000e+00 0.000000000000000000e+00 0.000000000000000000e+00 4.572864321608040017e-01 1.758793969849246352e-01 0.000000000000000000e+00
0.000000000000000000e+00 0.000000000000000000e+00 0.000000000000000000e+00 0.000000000000000000e+00 0.000000000000000000e+00 0.000000000000000000e+00 1.162790697674418589e-01 0.000000000000000000e+00 1.000000000000000000e+00 0.000000000000000000e+00 0.000000000000000000e+00 6.279069767441860517e-01 6.976744186046511531e-02
0.000000000000000000e+00 0.000000000000000000e+00 0.000000000000000000e+00 0.000000000000000000e+00 0.000000000000000000e+00 0.000000000000000000e+00 0.000000000000000000e+00 0.000000000000000000e+00 0.000000000000000000e+00 0.000000000000000000e+00 0.000000000000000000e+00 0.000000000000000000e+00 0.000000000000000000e+00
0.000000000000000000e+00 0.000000000000000000e+00 0.000000000000000000e+00 0.000000000000000000e+00 0.000000000000000000e+00 6.734006734006733712e-03 0.000000000000000000e+00 1.000000000000000000e+00 0.000000000000000000e+00 0.000000000000000000e+00 0.000000000000000000e+00 0.000000000000000000e+00 0.000000000000000000e+00
0.000000000000000000e+00 1.000000000000000000e+00 3.107569721115537864e-01 0.000000000000000000e+00 0.000000000000000000e+00 0.000000000000000000e+00 0.000000000000000000e+00 0.000000000000000000e+00 0.000000000000000000e+00 0.000000000000000000e+00 4.780876494023904300e-02 0.000000000000000000e+00 0.000000000000000000e+00
1.000000000000000000e+00 0.000000000000000000e+00 0.000000000000000000e+00 0.000000000000000000e+00 0.000000000000000000e+00 6.363636363636363535e-01 0.000000000000000000e+00 1.298701298701298787e-02 0.000000000000000000e+00 0.000000000000000000e+00 0.000000000000000000e+00 3.376623376623376638e-01 0.000000000000000000e+00
0.000000000000000000e+00 2.103049421661409152e-02 0.000000000000000000e+00 3.259726603575183873e-02 0.000000000000000000e+00 0.000000000000000000e+00 2.597266035751840119e-01 0.000000000000000000e+00 0.000000000000000000e+00 0.000000000000000000e+00 4.206098843322817957e-03 5.152471083070452040e-02 1.000000000000000000e+00
6.103286384976526202e-01 0.000000000000000000e+00 0.000000000000000000e+00 0.000000000000000000e+00 0.000000000000000000e+00 0.000000000000000000e+00 0.000000000000000000e+00 0.000000000000000000e+00 0.000000000000000000e+00 4.225352112676056260e-02 0.000000000000000000e+00 1.000000000000000000e+00 0.000000000000000000e+00
0.000000000000000000e+00 4.040404040404040747e-02 1.000000000000000000e+00 0.000000000000000000e+00 0.000000000000000000e+00 0.000000000000000000e+00 4.141414141414141437e-01 7.070707070707070441e-02 0.000000000000000000e+00 0.000000000000000000e+00 0.000000000000000000e+00 0.000000000000000000e+00 0.000000000000000000e+00
0.000000000000000000e+00 3.389830508474576173e-03 3.389830508474576173e-03 1.389830508474576287e-01 0.000000000000000000e+00 0.000000000000000000e+00 6.779661016949152345e-03 0.000000000000000000e+00 1.000000000000000000e+00 0.000000000000000000e+00 0.000000000000000000e+00 1.016949152542372808e-02 1.322033898305084720e-01
0.000000000000000000e+00 2.074688796680497927e-03 0.000000000000000000e+00 2.074688796680497927e-03 0.000000000000000000e+00 0.000000000000000000e+00 2.282157676348547590e-02 0.000000000000000000e+00 1.000000000000000000e+00 0.000000000000000000e+00 0.000000000000000000e+00 3.112033195020746674e-03 5.570539419087137123e-01
