5.332252836304700594e-01 4.862236628849270909e-02 0.000000000000000000e+00 0.000000000000000000e+00 0.000000000000000000e+00 0.000000000000000000e+00 1.000000000000000000e+00 0.000000000000000000e+00 0.000000000000000000e+00 3.241491085899513621e-03 0.000000000000000000e+00 0.000000000000000000e+00 0.000000000000000000e+00
3.300330033003300370e-03 0.000000000000000000e+00 0.000000000000000000e+00 0.000000000000000000e+00 0.000000000000000000e+00 0.000000000000000000e+00 1.023102310231023132e-01 0.000000000000000000e+00 0.000000000000000000e+00 0.000000000000000000e+00 0.000000000000000000e+00 0.000000000000000000e+00 1.000000000000000000e+00
5.417118093174431125e-03 0.000000000000000000e+00 5.460455037919826893e-01 2.166847237269772450e-02 0.000000000000000000e+00 0.000000000000000000e+00 1.625135427952329251e-02 1.000000000000000000e+00 0.000000000000000000e+00 0.000000000000000000e+00 0.000000000000000000e+00 2.166847237269772363e-03 0.000000000000000000e+00
2.890173410404624221e-02 5.780346820809248269e-03 6.936416184971097576e-02 5.780346820809248269e-03 0.000000000000000000e+00 0.000000000000000000e+00 4.393063583815028927e-01 1.000000000000000000e+00 0.000000000000000000e+00 1.156069364161849654e-02 0.000000000000000000e+00 5.780346820809248269e-03 0.000000000000000000e+00
0.000000000000000000e+00 0.000000000000000000e+00 0.000000000000000000e+00 0.000000000000000000e+00 0.000000000000000000e+00 0.000000000000000000e+00 0.000000000000000000e+00 0.000000000000000000e+00 0.000000000000000000e+00 0.000000000000000000e+00 0.000000000000000000e+00 0.000000000000000000e+00 0.000000000000000000e+00
0.000000000000000000e+00 0.000000000000000000e+00 5.154639175257731687e-02 0.000000000000000000e+00 0.000000000000000000e+00 6.185567010309278579e-01 0.000000000000000000e+00 2.268041237113402053e-01 1.000000000000000000e+00 0.000000000000000000e+00 0.000000000000000000e+00 0.000000000000000000e+00 0.000000000000000000e+00
1.000000000000000000e+00 4.744408945686900969e-01 0.000000000000000000e+00 0.000000000000000000e+00 0.000000000000000000e+00 0.000000000000000000e+00 0.000000000000000000e+00 0.000000000000000000e+00 0.000000000000000000e+00 2.236421725239616520e-02 0.000000000000000000e+00 0.000000000000000000e+00 0.000000000000000000e+00
1.290322580645161289e-02 3.225806451612903223e-03 1.000000000000000000e+00 2.494623655913978388e-01 0.000000000000000000e+00 0.000000000000000000e+00 1.989247311827956888e-01 0.000000000000000000e+00 0.000000000000000000e+00 0.000000000000000000e+00 0.000000000000000000e+00 3.548387096774193589e-02 0.000000000000000000e+00
0.000000000000000000e+00 0.000000000000000000e+00 5.000000000000000278e-02 0.000000000000000000e+00 0.000000000000000000e+00 3.958333333333333148e-01 0.000000000000000000e+00 1.000000000000000000e+00 0.000000000000000000e+00 0.000000000000000000e+00 8.333333333333333218e-03 4.166666666666666609e-03 2.083333333333333218e-02
0.000000000000000000e+00 3.846153846153846367e-01 0.000000000000000000e+00 0.000000000000000000e+00 0.000000000000000000e+00 0.000000000000000000e+00 1.000000000000000000e+00 0.000000000000000000e+00 0.000000000000000000e+00 0.000000000000000000e+00 0.000000000000000000e+00 0.000000000000000000e+00 0.000000000000000000e+00
0.000000000000000000e+00 0.000000000000000000e+00 0.000000000000000000e+00 0.000000000000000000e+00 0.000000000000000000e+00 0.000000000000000000e+00 0.000000000000000000e+00 1.000000000000000000e+00 5.000000000000000000e-01 0.000000000000000000e+00 0.000000000000000000e+00 0.000000000000000000e+00 0.000000000000000000e+00
0.000000000000000000e+00 0.000000000000000000e+00 1.666666666666666574e-01 1.000000000000000000e+00 0.000000000000000000e+00 0.000000000000000000e+00 0.000000000000000000e+00 8.888888888888888395e-01 0.000000000000000000e+00 0.000000000000000000e+00 0.000000000000000000e+00 0.000000000000000000e+00 0.000000000000000000e+00
0.000000000000000000e+00 0.000000000000000000e+00 1.167315175097276281e-02 0.000000000000000000e+00 0.000000000000000000e+00 1.128404669260700405e-01 0.000000000000000000e+00 7.392996108949416445e-02 1.000000000000000000e+00 0.000000000000000000e+00 3.891050583657587603e-03 0.000000000000000000e+00 3.891050583657587603e-03
