0.000000000000000000e+00 0.000000000000000000e+00 1.063829787234042527e-02 0.000000000000000000e+00 6.382978723404254817e-02 0.000000000000000000e+00 7.234042553191489811e-01 1.000000000000000000e+00 0.000000000000000000e+00 6.382978723404254817e-02
1.000000000000000000e+00 0.000000000000000000e+00 0.000000000000000000e+00 0.000000000000000000e+00 0.000000000000000000e+00 0.000000000000000000e+00 0.000000000000000000e+00 0.000000000000000000e+00 7.314285714285714279e-01 0.000000000000000000e+00
0.000000000000000000e+00 4.371584699453551909e-02 6.229508196721311730e-01 0.000000000000000000e+00 0.000000000000000000e+00 1.000000000000000000e+00 0.000000000000000000e+00 0.000000000000000000e+00 0.000000000000000000e+00 0.000000000000000000e+00
0.000000000000000000e+00 0.000000000000000000e+00 0.000000000000000000e+00 0.000000000000000000e+00 0.000000000000000000e+00 0.000000000000000000e+00 0.000000000000000000e+00 0.000000000000000000e+00 0.000000000000000000e+00 0.000000000000000000e+00
0.000000000000000000e+00 0.000000000000000000e+00 0.000000000000000000e+00 0.000000000000000000e+00 1.000000000000000000e+00 0.000000000000000000e+00 3.333333333333333148e-01 7.777777777777777901e-01 0.000000000000000000e+00 1.111111111111111049e-01
0.000000000000000000e+00 3.670715249662618307e-01 1.000000000000000000e+00 0.000000000000000000e+00 0.000000000000000000e+00 0.000000000000000000e+00 0.000000000000000000e+00 0.000000000000000000e+00 0.000000000000000000e+00 0.000000000000000000e+00
0.000000000000000000e+00 0.000000000000000000e+00 1.880530973451327581e-02 0.000000000000000000e+00 0.000000000000000000e+00 2.975663716814159199e-01 0.000000000000000000e+00 0.000000000000000000e+00 0.000000000000000000e+00 1.000000000000000000e+00
0.000000000000000000e+00 0.000000000000000000e+00 0.000000000000000000e+00 0.000000000000000000e+00 5.617977528089887485e-02 0.000000000000000000e+00 1.000000000000000000e+00 0.000000000000000000e+00 0.000000000000000000e+00 7.865168539325842478e-02
0.000000000000000000e+00 0.000000000000000000e+00 0.000000000000000000e+00 0.000000000000000000e+00 0.000000000000000000e+00 0.000000000000000000e+00 1.000000000000000000e+00 0.000000000000000000e+00 0.000000000000000000e+00 6.611570247933884481e-02
0.000000000000000000e+00 0.000000000000000000e+00 5.500550055005500906e-03 0.000000000000000000e+00 0.000000000000000000e+00 1.320132013201320148e-02 1.000000000000000000e+00 0.000000000000000000e+00 0.000000000000000000e+00 5.434543454345434066e-01
