0.000000000000000000e+00 0.000000000000000000e+00 0.000000000000000000e+00 0.000000000000000000e+00 0.000000000000000000e+00 0.000000000000000000e+00 0.000000000000000000e+00 0.000000000000000000e+00 0.000000000000000000e+00 0.000000000000000000e+00 0.000000000000000000e+00 0.000000000000000000e+00 0.000000000000000000e+00 0.000000000000000000e+00 0.000000000000000000e+00
0.000000000000000000e+00 0.000000000000000000e+00 0.000000000000000000e+00 0.000000000000000000e+00 2.362204724409448786e-02 0.000000000000000000e+00 0.000000000000000000e+00 4.881889763779527769e-01 0.000000000000000000e+00 0.000000000000000000e+00 1.338582677165354451e-01 7.874015748031495954e-03 1.000000000000000000e+00 0.000000000000000000e+00 0.000000000000000000e+00
0.000000000000000000e+00 0.000000000000000000e+00 9.900990099009901110e-03 0.000000000000000000e+00 3.300330033003300370e-03 0.000000000000000000e+00 0.000000000000000000e+00 2.970297029702970160e-02 0.000000000000000000e+00 1.000000000000000000e+00 0.000000000000000000e+00 0.000000000000000000e+00 0.000000000000000000e+00 0.000000000000000000e+00 0.000000000000000000e+00
0.000000000000000000e+00 0.000000000000000000e+00 0.000000000000000000e+00 0.000000000000000000e+00 4.065040650406504495e-03 1.300813008130081438e-01 0.000000000000000000e+00 8.130081300813008990e-03 4.878048780487804770e-01 0.000000000000000000e+00 0.000000000000000000e+00 0.000000000000000000e+00 2.032520325203251987e-02 1.000000000000000000e+00 3.252032520325203596e-02
0.000000000000000000e+00 5.882352941176470507e-02 1.221719457013574622e-01 0.000000000000000000e+00 3.348416289592759942e-01 0.000000000000000000e+00 0.000000000000000000e+00 1.000000000000000000e+00 0.000000000000000000e+00 0.000000000000000000e+00 2.262443438914027091e-02 0.000000000000000000e+00 2.714932126696832648e-02 0.000000000000000000e+00 0.000000000000000000e+00
0.000000000000000000e+00 3.448275862068965469e-03 0.000000000000000000e+00 1.413793103448275912e-01 3.448275862068965469e-03 0.000000000000000000e+00 0.000000000000000000e+00 7.586206896551724033e-02 1.000000000000000000e+00 3.448275862068965469e-03 0.000000000000000000e+00 0.000000000000000000e+00 0.000000000000000000e+00 0.000000000000000000e+00 8.965517241379310220e-02
0.000000000000000000e+00 0.000000000000000000e+00 0.000000000000000000e+00 1.428571428571428492e-01 0.000000000000000000e+00 1.428571428571428492e-01 0.000000000000000000e+00 0.000000000000000000e+00 1.000000000000000000e+00 0.000000000000000000e+00 0.000000000000000000e+00 0.000000000000000000e+00 0.000000000000000000e+00 0.000000000000000000e+00 1.428571428571428492e-01
0.000000000000000000e+00 6.150943396226414839e-01 1.000000000000000000e+00 0.000000000000000000e+00 8.301886792452830566e-01 0.000000000000000000e+00 0.000000000000000000e+00 0.000000000000000000e+00 0.000000000000000000e+00 0.000000000000000000e+00 2.452830188679245293e-01 3.396226415094339562e-02 5.471698113207547065e-01 0.000000000000000000e+00 0.000000000000000000e+00
0.000000000000000000e+00 5.523255813953488469e-02 0.000000000000000000e+00 9.418604651162790775e-01 7.848837209302325646e-02 3.023255813953488191e-01 1.744186046511627883e-02 5.348837209302325091e-01 0.000000000000000000e+00 1.744186046511627883e-02 8.720930232558139414e-03 2.906976744186046471e-03 5.813953488372092943e-03 6.453488372093023617e-01 1.000000000000000000e+00
0.000000000000000000e+00 0.000000000000000000e+00 0.000000000000000000e+00 6.439393939393939226e-02 0.000000000000000000e+00 0.000000000000000000e+00 1.515151515151515194e-02 0.000000000000000000e+00 1.000000000000000000e+00 3.787878787878787984e-03 0.000000000000000000e+00 0.000000000000000000e+00 0.000000000000000000e+00 0.000000000000000000e+00 1.060606060606060635e-01
0.000000000000000000e+00 5.263157894736841813e-02 6.220095693779904150e-02 0.000000000000000000e+00 5.741626794258373329e-02 0.000000000000000000e+00 0.000000000000000000e+00 1.000000000000000000e+00 0.000000000000000000e+00 0.000000000000000000e+00 0.000000000000000000e+00 4.784688995215310818e-03 0.000000000000000000e+00 0.000000000000000000e+00 0.000000000000000000e+00
0.000000000000000000e+00 0.000000000000000000e+00 1.000000000000000000e+00 0.000000000000000000e+00 0.000000000000000000e+00 0.000000000000000000e+00 0.000000000000000000e+00 5.000000000000000000e-01 0.000000000000000000e+00 0.000000000000000000e+00 0.000000000000000000e+00 0.000000000000000000e+00 0.000000000000000000e+00 0.000000000000000000e+00 0.000000000000000000e+00
0.000000000000000000e+00 0.000000000000000000e+00 0.000000000000000000e+00 0.000000000000000000e+00 1.416430594900849882e-02 0.000000000000000000e+00 0.000000000000000000e+00 3.824362606232294404e-01 0.000000000000000000e+00 0.000000000000000000e+00 4.277620396600566588e-01 0.000000000000000000e+00 1.000000000000000000e+00 0.000000000000000000e+00 0.000000000000000000e+00
0.000000000000000000e+00 0.000000000000000000e+00 0.000000000000000000e+00 1.879699248120300648e-03 0.000000000000000000e+00 4.454887218045112673e-01 0.000000000000000000e+00 1.127819548872180389e-02 4.022556390977443663e-01 1.879699248120300648e-03 9.398496240601503238e-03 0.000000000000000000e+00 1.127819548872180389e-02 1.000000000000000000e+00 3.195488721804511101e-02
0.000000000000000000e+00 8.645533141210375375e-03 2.881844380403458025e-03 8.645533141210375028e-02 5.763688760806916049e-03 2.305475504322766420e-02 0.000000000000000000e+00 3.746397694524495475e-02 1.000000000000000000e+00 2.881844380403458025e-03 0.000000000000000000e+00 0.000000000000000000e+00 0.000000000000000000e+00 5.475504322766570897e-02 3.371757925072045858e-01
