0.000000000000000000e+00 0.000000000000000000e+00 0.000000000000000000e+00 0.000000000000000000e+00 0.000000000000000000e+00 1.282051282051281937e-01 0.000000000000000000e+00 9.358974358974359031e-01 1.000000000000000000e+00 0.000000000000000000e+00 1.410256410256410242e-01
1.000000000000000000e+00 0.000000000000000000e+00 1.744186046511627883e-02 0.000000000000000000e+00 0.000000000000000000e+00 0.000000000000000000e+00 2.906976744186046679e-01 0.000000000000000000e+00 0.000000000000000000e+00 7.616279069767442067e-01 0.000000000000000000e+00
0.000000000000000000e+00 4.491017964071856300e-02 6.032934131736527039e-01 0.000000000000000000e+00 0.000000000000000000e+00 0.000000000000000000e+00 1.000000000000000000e+00 0.000000000000000000e+00 0.000000000000000000e+00 0.000000000000000000e+00 0.000000000000000000e+00
0.000000000000000000e+00 0.000000000000000000e+00 4.950495049504950729e-02 0.000000000000000000e+00 0.000000000000000000e+00 0.000000000000000000e+00 1.000000000000000000e+00 6.336633663366336711e-01 0.000000000000000000e+00 0.000000000000000000e+00 3.960396039603960444e-02
0.000000000000000000e+00 0.000000000000000000e+00 0.000000000000000000e+00 0.000000000000000000e+00 0.000000000000000000e+00 0.000000000000000000e+00 0.000000000000000000e+00 0.000000000000000000e+00 0.000000000000000000e+00 0.000000000000000000e+00 0.000000000000000000e+00
0.000000000000000000e+00 0.000000000000000000e+00 0.000000000000000000e+00 0.000000000000000000e+00 0.000000000000000000e+00 3.333333333333333148e-01 0.000000000000000000e+00 1.333333333333333315e-01 1.000000000000000000e+00 0.000000000000000000e+00 6.666666666666666574e-02
0.000000000000000000e+00 4.850746268656716542e-01 1.000000000000000000e+00 0.000000000000000000e+00 0.000000000000000000e+00 0.000000000000000000e+00 0.000000000000000000e+00 0.000000000000000000e+00 0.000000000000000000e+00 0.000000000000000000e+00 0.000000000000000000e+00
0.000000000000000000e+00 1.057082452431289685e-03 1.585623678646934376e-02 1.532769556025369850e-01 0.000000000000000000e+00 0.000000000000000000e+00 1.744186046511627952e-01 0.000000000000000000e+00 0.000000000000000000e+00 0.000000000000000000e+00 1.000000000000000000e+00
0.000000000000000000e+00 0.000000000000000000e+00 0.000000000000000000e+00 0.000000000000000000e+00 0.000000000000000000e+00 9.638554216867470381e-02 0.000000000000000000e+00 1.000000000000000000e+00 0.000000000000000000e+00 0.000000000000000000e+00 2.409638554216867595e-02
0.000000000000000000e+00 0.000000000000000000e+00 0.000000000000000000e+00 0.000000000000000000e+00 0.000000000000000000e+00 0.000000000000000000e+00 0.000000000000000000e+00 1.000000000000000000e+00 0.000000000000000000e+00 0.000000000000000000e+00 1.282051282051281937e-01
0.000000000000000000e+00 1.071811361200428712e-03 5.359056806002143562e-03 3.108252947481243353e-02 0.000000000000000000e+00 0.000000000000000000e+00 1.178992497320471670e-02 1.000000000000000000e+00 0.000000000000000000e+00 0.000000000000000000e+00 5.648445873526259930e-01
