5.166666666666667185e-01 0.000000000000000000e+00 0.000000000000000000e+00 0.000000000000000000e+00 0.000000000000000000e+00 0.000000000000000000e+00 4.944444444444444642e-01 0.000000000000000000e+00 5.555555555555555768e-03 1.000000000000000000e+00 0.000000000000000000e+00 0.000000000000000000e+00 0.000000000000000000e+00 0.000000000000000000e+00 4.444444444444444614e-02
0.000000000000000000e+00 5.894962486602357554e-01 4.180064308681671892e-02 0.000000000000000000e+00 3.215434083601285964e-02 0.000000000000000000e+00 0.000000000000000000e+00 0.000000000000000000e+00 1.000000000000000000e+00 0.000000000000000000e+00 1.714898177920685940e-02 4.287245444801714850e-03 1.178992497320471670e-02 0.000000000000000000e+00 0.000000000000000000e+00
0.000000000000000000e+00 7.575757575757575968e-03 1.262626262626262603e-02 0.000000000000000000e+00 5.050505050505050934e-03 0.000000000000000000e+00 0.000000000000000000e+00 0.000000000000000000e+00 1.818181818181818232e-01 0.000000000000000000e+00 2.525252525252525467e-03 0.000000000000000000e+00 0.000000000000000000e+00 1.000000000000000000e+00 0.000000000000000000e+00
2.928348909657320642e-01 0.000000000000000000e+00 0.000000000000000000e+00 0.000000000000000000e+00 0.000000000000000000e+00 0.000000000000000000e+00 1.495327102803738206e-01 0.000000000000000000e+00 2.492211838006230459e-02 1.000000000000000000e+00 9.345794392523363789e-03 0.000000000000000000e+00 0.000000000000000000e+00 0.000000000000000000e+00 7.788161993769469882e-02
0.000000000000000000e+00 1.284916201117318468e-01 1.117318435754189980e-02 0.000000000000000000e+00 0.000000000000000000e+00 0.000000000000000000e+00 0.000000000000000000e+00 0.000000000000000000e+00 1.000000000000000000e+00 0.000000000000000000e+00 1.899441340782122845e-01 1.117318435754189980e-02 2.346368715083798906e-01 0.000000000000000000e+00 0.000000000000000000e+00
0.000000000000000000e+00 4.411764705882353227e-02 4.901960784313725422e-03 1.960784313725490169e-02 1.960784313725490169e-02 9.803921568627450844e-03 0.000000000000000000e+00 0.000000000000000000e+00 4.754901960784313486e-01 1.000000000000000000e+00 0.000000000000000000e+00 4.901960784313725422e-03 0.000000000000000000e+00 2.941176470588235253e-02 7.843137254901960675e-02
0.000000000000000000e+00 0.000000000000000000e+00 0.000000000000000000e+00 4.134366925064599657e-02 2.583979328165374786e-03 3.617571059431524266e-02 0.000000000000000000e+00 0.000000000000000000e+00 3.100775193798449569e-02 1.000000000000000000e+00 0.000000000000000000e+00 0.000000000000000000e+00 0.000000000000000000e+00 7.751937984496123923e-03 8.268733850129199314e-02
0.000000000000000000e+00 0.000000000000000000e+00 0.000000000000000000e+00 0.000000000000000000e+00 0.000000000000000000e+00 0.000000000000000000e+00 0.000000000000000000e+00 0.000000000000000000e+00 0.000000000000000000e+00 0.000000000000000000e+00 0.000000000000000000e+00 0.000000000000000000e+00 0.000000000000000000e+00 0.000000000000000000e+00 0.000000000000000000e+00
0.000000000000000000e+00 1.000000000000000000e+00 4.297963558413719354e-01 0.000000000000000000e+00 2.433011789924973134e-01 0.000000000000000000e+00 0.000000000000000000e+00 0.000000000000000000e+00 0.000000000000000000e+00 0.000000000000000000e+00 2.282958199356913132e-01 4.072883172561628934e-02 1.489817792068595936e-01 0.000000000000000000e+00 0.000000000000000000e+00
1.302681992337164640e-01 1.379310344827586188e-02 2.298850574712643646e-03 3.356321839080460001e-01 4.597701149425287293e-03 2.053639846743295083e-01 2.337164750957854420e-01 0.000000000000000000e+00 1.517241379310344807e-01 0.000000000000000000e+00 3.831417624521072599e-03 7.662835249042145849e-04 1.532567049808429170e-03 4.597701149425287293e-02 1.000000000000000000e+00
0.000000000000000000e+00 1.034482758620689641e-01 6.513409961685823202e-02 0.000000000000000000e+00 3.448275862068965469e-02 0.000000000000000000e+00 0.000000000000000000e+00 0.000000000000000000e+00 1.000000000000000000e+00 0.000000000000000000e+00 0.000000000000000000e+00 7.662835249042145198e-03 0.000000000000000000e+00 0.000000000000000000e+00 0.000000000000000000e+00
0.000000000000000000e+00 9.090909090909091161e-02 3.636363636363636465e-01 0.000000000000000000e+00 0.000000000000000000e+00 0.000000000000000000e+00 0.000000000000000000e+00 0.000000000000000000e+00 1.000000000000000000e+00 0.000000000000000000e+00 0.000000000000000000e+00 0.000000000000000000e+00 0.000000000000000000e+00 0.000000000000000000e+00 0.000000000000000000e+00
0.000000000000000000e+00 1.111111111111111049e-01 0.000000000000000000e+00 0.000000000000000000e+00 0.000000000000000000e+00 0.000000000000000000e+00 0.000000000000000000e+00 0.000000000000000000e+00 1.000000000000000000e+00 0.000000000000000000e+00 3.259259259259259522e-01 0.000000000000000000e+00 5.037037037037036535e-01 0.000000000000000000e+00 0.000000000000000000e+00
2.551020408163265103e-03 0.000000000000000000e+00 0.000000000000000000e+00 3.061224489795918297e-02 0.000000000000000000e+00 6.122448979591836593e-02 2.551020408163265103e-03 0.000000000000000000e+00 5.102040816326530205e-03 1.000000000000000000e+00 0.000000000000000000e+00 0.000000000000000000e+00 0.000000000000000000e+00 1.530612244897959148e-02 9.948979591836734637e-02
1.003861003861003867e-02 1.544401544401544394e-03 0.000000000000000000e+00 2.239382239382239209e-02 2.316602316602316483e-03 2.779922779922779780e-02 1.698841698841698986e-02 0.000000000000000000e+00 1.544401544401544438e-02 1.000000000000000000e+00 0.000000000000000000e+00 0.000000000000000000e+00 0.000000000000000000e+00 3.861003861003861094e-03 6.277992277992278103e-01
