3.846153846153846367e-03 6.923076923076923461e-02 3.846153846153846367e-03 1.000000000000000000e+00 0.000000000000000000e+00 0.000000000000000000e+00 3.846153846153846367e-03 0.000000000000000000e+00 0.000000000000000000e+00 0.000000000000000000e+00 3.846153846153846367e-02 0.000000000000000000e+00 1.307692307692307765e-01 0.000000000000000000e+00 0.000000000000000000e+00 0.000000000000000000e+00 0.000000000000000000e+00 0.000000000000000000e+00 0.000000000000000000e+00 0.000000000000000000e+00 0.000000000000000000e+00 0.000000000000000000e+00
2.832861189801699851e-03 7.733711048158640189e-01 5.665722379603399701e-03 1.000000000000000000e+00 0.000000000000000000e+00 0.000000000000000000e+00 6.515580736543909179e-02 0.000000000000000000e+00 1.133144475920679940e-02 0.000000000000000000e+00 0.000000000000000000e+00 0.000000000000000000e+00 1.019830028328611859e-01 0.000000000000000000e+00 2.832861189801699851e-03 1.133144475920679940e-02 0.000000000000000000e+00 8.498583569405099986e-03 0.000000000000000000e+00 0.000000000000000000e+00 0.000000000000000000e+00 2.549575070821529649e-02
0.000000000000000000e+00 0.000000000000000000e+00 0.000000000000000000e+00 0.000000000000000000e+00 0.000000000000000000e+00 0.000000000000000000e+00 0.000000000000000000e+00 1.061571125265392762e-03 7.537154989384288462e-02 0.000000000000000000e+00 0.000000000000000000e+00 0.000000000000000000e+00 0.000000000000000000e+00 0.000000000000000000e+00 0.000000000000000000e+00 0.000000000000000000e+00 1.910828025477706929e-02 1.878980891719745361e-01 2.653927813163482058e-02 0.000000000000000000e+00 3.184713375796178504e-03 1.000000000000000000e+00
2.337228714524207038e-02 5.909849749582637424e-01 2.337228714524207038e-02 0.000000000000000000e+00 3.338898163606010116e-03 0.000000000000000000e+00 7.295492487479131594e-01 0.000000000000000000e+00 1.502504173622704574e-02 0.000000000000000000e+00 1.335559265442404046e-02 0.000000000000000000e+00 1.000000000000000000e+00 0.000000000000000000e+00 6.677796327212020232e-03 9.515859766277127985e-02 0.000000000000000000e+00 4.340567612687813021e-02 1.669449081803005058e-03 0.000000000000000000e+00 0.000000000000000000e+00 2.804674457429048307e-01
0.000000000000000000e+00 0.000000000000000000e+00 0.000000000000000000e+00 0.000000000000000000e+00 0.000000000000000000e+00 0.000000000000000000e+00 0.000000000000000000e+00 0.000000000000000000e+00 0.000000000000000000e+00 0.000000000000000000e+00 0.000000000000000000e+00 0.000000000000000000e+00 0.000000000000000000e+00 0.000000000000000000e+00 0.000000000000000000e+00 0.000000000000000000e+00 0.000000000000000000e+00 0.000000000000000000e+00 1.000000000000000000e+00 0.000000000000000000e+00 0.000000000000000000e+00 0.000000000000000000e+00
0.000000000000000000e+00 0.000000000000000000e+00 0.000000000000000000e+00 0.000000000000000000e+00 0.000000000000000000e+00 0.000000000000000000e+00 0.000000000000000000e+00 0.000000000000000000e+00 0.000000000000000000e+00 0.000000000000000000e+00 0.000000000000000000e+00 0.000000000000000000e+00 0.000000000000000000e+00 0.000000000000000000e+00 0.000000000000000000e+00 0.000000000000000000e+00 1.000000000000000000e+00 0.000000000000000000e+00 0.000000000000000000e+00 0.000000000000000000e+00 0.000000000000000000e+00 0.000000000000000000e+00
3.838771593090210994e-03 6.717850287907869977e-02 0.000000000000000000e+00 1.000000000000000000e+00 0.000000000000000000e+00 0.000000000000000000e+00 0.000000000000000000e+00 0.000000000000000000e+00 3.838771593090210994e-03 0.000000000000000000e+00 0.000000000000000000e+00 0.000000000000000000e+00 2.341650671785028837e-01 0.000000000000000000e+00 0.000000000000000000e+00 0.000000000000000000e+00 0.000000000000000000e+00 7.677543186180421989e-03 0.000000000000000000e+00 0.000000000000000000e+00 0.000000000000000000e+00 6.717850287907869977e-02
0.000000000000000000e+00 0.000000000000000000e+00 0.000000000000000000e+00 0.000000000000000000e+00 0.000000000000000000e+00 0.000000000000000000e+00 0.000000000000000000e+00 6.358974358974358587e-01 0.000000000000000000e+00 0.000000000000000000e+00 0.000000000000000000e+00 5.897435897435897301e-02 0.000000000000000000e+00 7.692307692307692735e-03 0.000000000000000000e+00 0.000000000000000000e+00 1.000000000000000000e+00 0.000000000000000000e+00 0.000000000000000000e+00 6.923076923076923461e-02 6.410256410256409687e-02 0.000000000000000000e+00
0.000000000000000000e+00 0.000000000000000000e+00 8.661417322834645549e-02 0.000000000000000000e+00 0.000000000000000000e+00 0.000000000000000000e+00 0.000000000000000000e+00 6.299212598425196763e-03 7.070866141732283783e-01 0.000000000000000000e+00 0.000000000000000000e+00 3.149606299212598381e-03 0.000000000000000000e+00 0.000000000000000000e+00 3.149606299212598381e-03 0.000000000000000000e+00 1.102362204724409434e-02 1.039370078740157466e-01 2.834645669291338543e-02 0.000000000000000000e+00 6.299212598425196763e-03 1.000000000000000000e+00
0.000000000000000000e+00 0.000000000000000000e+00 0.000000000000000000e+00 0.000000000000000000e+00 0.000000000000000000e+00 0.000000000000000000e+00 0.000000000000000000e+00 0.000000000000000000e+00 0.000000000000000000e+00 0.000000000000000000e+00 0.000000000000000000e+00 0.000000000000000000e+00 0.000000000000000000e+00 0.000000000000000000e+00 0.000000000000000000e+00 0.000000000000000000e+00 0.000000000000000000e+00 0.000000000000000000e+00 0.000000000000000000e+00 0.000000000000000000e+00 0.000000000000000000e+00 0.000000000000000000e+00
0.000000000000000000e+00 6.250000000000000000e-02 0.000000000000000000e+00 1.000000000000000000e+00 0.000000000000000000e+00 0.000000000000000000e+00 1.250000000000000000e-01 0.000000000000000000e+00 0.000000000000000000e+00 0.000000000000000000e+00 0.000000000000000000e+00 0.000000000000000000e+00 6.250000000000000000e-02 0.000000000000000000e+00 0.000000000000000000e+00 6.250000000000000000e-02 0.000000000000000000e+00 0.000000000000000000e+00 0.000000000000000000e+00 0.000000000000000000e+00 0.000000000000000000e+00 0.000000000000000000e+00
1.000000000000000000e+00 0.000000000000000000e+00 0.000000000000000000e+00 0.000000000000000000e+00 0.000000000000000000e+00 0.000000000000000000e+00 0.000000000000000000e+00 0.000000000000000000e+00 0.000000000000000000e+00 0.000000000000000000e+00 0.000000000000000000e+00 0.000000000000000000e+00 0.000000000000000000e+00 0.000000000000000000e+00 0.000000000000000000e+00 0.000000000000000000e+00 3.960396039603960444e-02 0.000000000000000000e+00 0.000000000000000000e+00 0.000000000000000000e+00 3.300330033003300370e-03 0.000000000000000000e+00
6.396588486140724825e-03 5.117270788912579860e-02 8.528784648187633100e-03 1.000000000000000000e+00 0.000000000000000000e+00 0.000000000000000000e+00 4.520255863539445751e-01 0.000000000000000000e+00 0.000000000000000000e+00 0.000000000000000000e+00 4.264392324093816550e-03 0.000000000000000000e+00 0.000000000000000000e+00 0.000000000000000000e+00 2.132196162046908275e-03 1.343283582089552231e-01 0.000000000000000000e+00 0.000000000000000000e+00 0.000000000000000000e+00 0.000000000000000000e+00 0.000000000000000000e+00 2.985074626865671585e-02
0.000000000000000000e+00 0.000000000000000000e+00 0.000000000000000000e+00 0.000000000000000000e+00 0.000000000000000000e+00 0.000000000000000000e+00 0.000000000000000000e+00 6.122448979591836593e-02 0.000000000000000000e+00 0.000000000000000000e+00 0.000000000000000000e+00 0.000000000000000000e+00 0.000000000000000000e+00 3.673469387755102233e-01 0.000000000000000000e+00 0.000000000000000000e+00 8.979591836734693855e-01 0.000000000000000000e+00 0.000000000000000000e+00 1.000000000000000000e+00 0.000000000000000000e+00 0.000000000000000000e+00
0.000000000000000000e+00 0.000000000000000000e+00 9.191919191919192267e-01 0.000000000000000000e+00 0.000000000000000000e+00 0.000000000000000000e+00 0.000000000000000000e+00 0.000000000000000000e+00 7.070707070707070441e-02 0.000000000000000000e+00 0.000000000000000000e+00 0.000000000000000000e+00 0.000000000000000000e+00 0.000000000000000000e+00 4.949494949494949725e-01 0.000000000000000000e+00 1.010101010101010187e-02 0.000000000000000000e+00 0.000000000000000000e+00 0.000000000000000000e+00 0.000000000000000000e+00 1.000000000000000000e+00
0.000000000000000000e+00 5.405405405405405705e-02 0.000000000000000000e+00 1.000000000000000000e+00 0.000000000000000000e+00 0.000000000000000000e+00 6.216216216216216006e-01 0.000000000000000000e+00 0.000000000000000000e+00 0.000000000000000000e+00 1.351351351351351426e-02 0.000000000000000000e+00 0.000000000000000000e+00 0.000000000000000000e+00 0.000000000000000000e+00 3.513513513513513709e-01 0.000000000000000000e+00 0.000000000000000000e+00 0.000000000000000000e+00 0.000000000000000000e+00 0.000000000000000000e+00 0.000000000000000000e+00
0.000000000000000000e+00 0.000000000000000000e+00 0.000000000000000000e+00 0.000000000000000000e+00 0.000000000000000000e+00 2.358490566037735759e-03 0.000000000000000000e+00 8.985849056603774088e-01 0.000000000000000000e+00 0.000000000000000000e+00 0.000000000000000000e+00 6.132075471698112956e-01 0.000000000000000000e+00 1.155660377358490587e-01 0.000000000000000000e+00 0.000000000000000000e+00 0.000000000000000000e+00 0.000000000000000000e+00 0.000000000000000000e+00 9.080188679245283501e-01 1.000000000000000000e+00 0.000000000000000000e+00
0.000000000000000000e+00 0.000000000000000000e+00 4.769230769230769496e-01 0.000000000000000000e+00 0.000000000000000000e+00 0.000000000000000000e+00 0.000000000000000000e+00 0.000000000000000000e+00 6.853146853146853401e-02 0.000000000000000000e+00 0.000000000000000000e+00 0.000000000000000000e+00 0.000000000000000000e+00 2.797202797202797200e-03 1.286713286713286608e-01 0.000000000000000000e+00 1.818181818181818094e-02 0.000000000000000000e+00 0.000000000000000000e+00 1.118881118881118880e-02 0.000000000000000000e+00 1.000000000000000000e+00
0.000000000000000000e+00 0.000000000000000000e+00 0.000000000000000000e+00 0.000000000000000000e+00 9.090909090909090468e-03 0.000000000000000000e+00 0.000000000000000000e+00 6.363636363636362980e-02 1.272727272727272596e-01 0.000000000000000000e+00 0.000000000000000000e+00 9.090909090909090468e-03 0.000000000000000000e+00 0.000000000000000000e+00 0.000000000000000000e+00 0.000000000000000000e+00 5.272727272727272263e-01 1.909090909090909172e-01 0.000000000000000000e+00 0.000000000000000000e+00 1.090909090909090856e-01 1.000000000000000000e+00
0.000000000000000000e+00 0.000000000000000000e+00 0.000000000000000000e+00 0.000000000000000000e+00 0.000000000000000000e+00 0.000000000000000000e+00 0.000000000000000000e+00 8.033826638477800652e-02 0.000000000000000000e+00 0.000000000000000000e+00 0.000000000000000000e+00 6.131078224101479957e-02 0.000000000000000000e+00 0.000000000000000000e+00 0.000000000000000000e+00 0.000000000000000000e+00 1.000000000000000000e+00 0.000000000000000000e+00 0.000000000000000000e+00 0.000000000000000000e+00 2.008456659619450302e-01 0.000000000000000000e+00
0.000000000000000000e+00 0.000000000000000000e+00 0.000000000000000000e+00 0.000000000000000000e+00 0.000000000000000000e+00 0.000000000000000000e+00 0.000000000000000000e+00 7.428571428571428825e-02 0.000000000000000000e+00 0.000000000000000000e+00 0.000000000000000000e+00 0.000000000000000000e+00 0.000000000000000000e+00 1.199999999999999956e-01 0.000000000000000000e+00 0.000000000000000000e+00 1.000000000000000000e+00 0.000000000000000000e+00 0.000000000000000000e+00 4.485714285714285654e-01 0.000000000000000000e+00 0.000000000000000000e+00
0.000000000000000000e+00 0.000000000000000000e+00 7.898158179848320248e-01 0.000000000000000000e+00 0.000000000000000000e+00 0.000000000000000000e+00 0.000000000000000000e+00 8.667388949079089452e-03 6.901408450704225039e-01 0.000000000000000000e+00 0.000000000000000000e+00 2.166847237269772363e-03 0.000000000000000000e+00 0.000000000000000000e+00 1.061755146262188532e-01 0.000000000000000000e+00 1.440953412784398702e-01 1.000000000000000000e+00 1.917659804983748717e-01 9.750812567713975851e-03 1.191765980498374865e-02 0.000000000000000000e+00
