3.202846975088968068e-02 8.896797153024911531e-02 0.000000000000000000e+00 1.000000000000000000e+00 0.000000000000000000e+00 0.000000000000000000e+00 0.000000000000000000e+00 0.000000000000000000e+00 0.000000000000000000e+00 0.000000000000000000e+00 6.761565836298932819e-02 0.000000000000000000e+00 1.067615658362989356e-02 0.000000000000000000e+00 0.000000000000000000e+00 3.558718861209964231e-03 0.000000000000000000e+00 7.117437722419928461e-03 7.117437722419928461e-03 0.000000000000000000e+00 0.000000000000000000e+00 1.779359430604982376e-02
1.075268817204301161e-02 6.451612903225806273e-01 5.376344086021505805e-03 1.000000000000000000e+00 5.376344086021505805e-03 0.000000000000000000e+00 0.000000000000000000e+00 0.000000000000000000e+00 2.150537634408602322e-02 0.000000000000000000e+00 1.612903225806451568e-02 0.000000000000000000e+00 5.376344086021505805e-03 0.000000000000000000e+00 0.000000000000000000e+00 0.000000000000000000e+00 0.000000000000000000e+00 0.000000000000000000e+00 0.000000000000000000e+00 0.000000000000000000e+00 0.000000000000000000e+00 4.838709677419354704e-02
0.000000000000000000e+00 0.000000000000000000e+00 0.000000000000000000e+00 0.000000000000000000e+00 6.134969325153374377e-03 6.134969325153374377e-03 0.000000000000000000e+00 0.000000000000000000e+00 1.288343558282208645e-01 0.000000000000000000e+00 0.000000000000000000e+00 0.000000000000000000e+00 0.000000000000000000e+00 0.000000000000000000e+00 0.000000000000000000e+00 0.000000000000000000e+00 1.226993865030674875e-02 3.680981595092024800e-02 2.453987730061349751e-02 0.000000000000000000e+00 0.000000000000000000e+00 1.000000000000000000e+00
1.302521008403361436e-01 7.521008403361344463e-01 2.100840336134453951e-02 0.000000000000000000e+00 4.201680672268907381e-03 0.000000000000000000e+00 3.781512605042016556e-02 0.000000000000000000e+00 6.722689075630251809e-02 0.000000000000000000e+00 7.983193277310923763e-02 0.000000000000000000e+00 1.512605042016806622e-01 0.000000000000000000e+00 4.201680672268907381e-03 6.302521008403361158e-02 0.000000000000000000e+00 1.260504201680672301e-02 4.201680672268907381e-03 0.000000000000000000e+00 0.000000000000000000e+00 1.000000000000000000e+00
0.000000000000000000e+00 0.000000000000000000e+00 0.000000000000000000e+00 0.000000000000000000e+00 0.000000000000000000e+00 0.000000000000000000e+00 0.000000000000000000e+00 0.000000000000000000e+00 1.250000000000000000e-01 0.000000000000000000e+00 0.000000000000000000e+00 0.000000000000000000e+00 0.000000000000000000e+00 0.000000000000000000e+00 1.250000000000000000e-01 0.000000000000000000e+00 0.000000000000000000e+00 0.000000000000000000e+00 1.000000000000000000e+00 0.000000000000000000e+00 0.000000000000000000e+00 6.250000000000000000e-01
0.000000000000000000e+00 0.000000000000000000e+00 0.000000000000000000e+00 0.000000000000000000e+00 0.000000000000000000e+00 0.000000000000000000e+00 0.000000000000000000e+00 0.000000000000000000e+00 0.000000000000000000e+00 0.000000000000000000e+00 0.000000000000000000e+00 1.000000000000000000e+00 0.000000000000000000e+00 0.000000000000000000e+00 0.000000000000000000e+00 0.000000000000000000e+00 5.999999999999999778e-01 0.000000000000000000e+00 0.000000000000000000e+00 0.000000000000000000e+00 0.000000000000000000e+00 0.000000000000000000e+00
0.000000000000000000e+00 1.111111111111111049e-01 0.000000000000000000e+00 1.000000000000000000e+00 0.000000000000000000e+00 0.000000000000000000e+00 0.000000000000000000e+00 0.000000000000000000e+00 0.000000000000000000e+00 0.000000000000000000e+00 0.000000000000000000e+00 0.000000000000000000e+00 0.000000000000000000e+00 0.000000000000000000e+00 0.000000000000000000e+00 0.000000000000000000e+00 0.000000000000000000e+00 0.000000000000000000e+00 0.000000000000000000e+00 0.000000000000000000e+00 0.000000000000000000e+00 5.555555555555555802e-01
0.000000000000000000e+00 0.000000000000000000e+00 0.000000000000000000e+00 0.000000000000000000e+00 0.000000000000000000e+00 1.745200698080279266e-03 0.000000000000000000e+00 6.143106457242583085e-01 0.000000000000000000e+00 0.000000000000000000e+00 0.000000000000000000e+00 3.839441535776614428e-02 0.000000000000000000e+00 1.047120418848167603e-02 0.000000000000000000e+00 0.000000000000000000e+00 1.000000000000000000e+00 0.000000000000000000e+00 0.000000000000000000e+00 8.726003490401396112e-03 8.726003490401396112e-03 0.000000000000000000e+00
0.000000000000000000e+00 0.000000000000000000e+00 1.161290322580645247e-02 0.000000000000000000e+00 1.290322580645161289e-03 0.000000000000000000e+00 0.000000000000000000e+00 1.161290322580645247e-02 6.490322580645161432e-01 0.000000000000000000e+00 0.000000000000000000e+00 0.000000000000000000e+00 0.000000000000000000e+00 0.000000000000000000e+00 9.032258064516129892e-03 0.000000000000000000e+00 1.290322580645161289e-02 1.161290322580645247e-02 2.064516129032258063e-02 0.000000000000000000e+00 0.000000000000000000e+00 1.000000000000000000e+00
0.000000000000000000e+00 0.000000000000000000e+00 0.000000000000000000e+00 0.000000000000000000e+00 0.000000000000000000e+00 0.000000000000000000e+00 0.000000000000000000e+00 0.000000000000000000e+00 0.000000000000000000e+00 0.000000000000000000e+00 0.000000000000000000e+00 0.000000000000000000e+00 0.000000000000000000e+00 0.000000000000000000e+00 0.000000000000000000e+00 0.000000000000000000e+00 0.000000000000000000e+00 0.000000000000000000e+00 0.000000000000000000e+00 0.000000000000000000e+00 0.000000000000000000e+00 0.000000000000000000e+00
2.777777777777777624e-02 0.000000000000000000e+00 0.000000000000000000e+00 1.000000000000000000e+00 0.000000000000000000e+00 0.000000000000000000e+00 0.000000000000000000e+00 0.000000000000000000e+00 0.000000000000000000e+00 0.000000000000000000e+00 0.000000000000000000e+00 0.000000000000000000e+00 0.000000000000000000e+00 0.000000000000000000e+00 0.000000000000000000e+00 0.000000000000000000e+00 0.000000000000000000e+00 0.000000000000000000e+00 0.000000000000000000e+00 0.000000000000000000e+00 0.000000000000000000e+00 1.111111111111111049e-01
1.000000000000000000e+00 0.000000000000000000e+00 0.000000000000000000e+00 0.000000000000000000e+00 0.000000000000000000e+00 0.000000000000000000e+00 0.000000000000000000e+00 9.900990099009901110e-03 0.000000000000000000e+00 0.000000000000000000e+00 0.000000000000000000e+00 3.300330033003300370e-03 0.000000000000000000e+00 0.000000000000000000e+00 0.000000000000000000e+00 0.000000000000000000e+00 1.749174917491749248e-01 0.000000000000000000e+00 0.000000000000000000e+00 0.000000000000000000e+00 0.000000000000000000e+00 0.000000000000000000e+00
0.000000000000000000e+00 4.166666666666666435e-02 4.166666666666666435e-02 1.000000000000000000e+00 0.000000000000000000e+00 0.000000000000000000e+00 8.333333333333332871e-02 0.000000000000000000e+00 0.000000000000000000e+00 0.000000000000000000e+00 0.000000000000000000e+00 0.000000000000000000e+00 0.000000000000000000e+00 0.000000000000000000e+00 4.166666666666666435e-02 3.750000000000000000e-01 0.000000000000000000e+00 0.000000000000000000e+00 0.000000000000000000e+00 0.000000000000000000e+00 0.000000000000000000e+00 8.333333333333332871e-02
0.000000000000000000e+00 0.000000000000000000e+00 0.000000000000000000e+00 0.000000000000000000e+00 0.000000000000000000e+00 0.000000000000000000e+00 0.000000000000000000e+00 1.960784313725490169e-01 0.000000000000000000e+00 0.000000000000000000e+00 0.000000000000000000e+00 0.000000000000000000e+00 0.000000000000000000e+00 9.019607843137255054e-01 0.000000000000000000e+00 0.000000000000000000e+00 1.000000000000000000e+00 0.000000000000000000e+00 0.000000000000000000e+00 6.078431372549019107e-01 0.000000000000000000e+00 0.000000000000000000e+00
0.000000000000000000e+00 0.000000000000000000e+00 5.157894736842105754e-01 0.000000000000000000e+00 0.000000000000000000e+00 0.000000000000000000e+00 0.000000000000000000e+00 0.000000000000000000e+00 5.263157894736841813e-02 0.000000000000000000e+00 0.000000000000000000e+00 0.000000000000000000e+00 0.000000000000000000e+00 0.000000000000000000e+00 9.684210526315789602e-01 0.000000000000000000e+00 0.000000000000000000e+00 0.000000000000000000e+00 0.000000000000000000e+00 1.052631578947368397e-02 0.000000000000000000e+00 1.000000000000000000e+00
0.000000000000000000e+00 5.555555555555555247e-02 0.000000000000000000e+00 1.000000000000000000e+00 0.000000000000000000e+00 0.000000000000000000e+00 2.222222222222222099e-01 0.000000000000000000e+00 0.000000000000000000e+00 0.000000000000000000e+00 0.000000000000000000e+00 0.000000000000000000e+00 0.000000000000000000e+00 0.000000000000000000e+00 1.111111111111111049e-01 3.888888888888888951e-01 0.000000000000000000e+00 0.000000000000000000e+00 0.000000000000000000e+00 0.000000000000000000e+00 0.000000000000000000e+00 0.000000000000000000e+00
0.000000000000000000e+00 0.000000000000000000e+00 0.000000000000000000e+00 0.000000000000000000e+00 0.000000000000000000e+00 8.992805755395683054e-03 0.000000000000000000e+00 1.000000000000000000e+00 0.000000000000000000e+00 0.000000000000000000e+00 0.000000000000000000e+00 5.755395683453237154e-01 0.000000000000000000e+00 1.079136690647481966e-01 0.000000000000000000e+00 0.000000000000000000e+00 0.000000000000000000e+00 0.000000000000000000e+00 0.000000000000000000e+00 1.151079136690647542e-01 1.528776978417266119e-01 0.000000000000000000e+00
0.000000000000000000e+00 0.000000000000000000e+00 1.565217391304347949e-01 0.000000000000000000e+00 0.000000000000000000e+00 0.000000000000000000e+00 0.000000000000000000e+00 0.000000000000000000e+00 4.347826086956521618e-02 0.000000000000000000e+00 0.000000000000000000e+00 0.000000000000000000e+00 0.000000000000000000e+00 0.000000000000000000e+00 3.391304347826086807e-01 0.000000000000000000e+00 8.695652173913043584e-03 0.000000000000000000e+00 8.695652173913043584e-03 0.000000000000000000e+00 0.000000000000000000e+00 1.000000000000000000e+00
0.000000000000000000e+00 0.000000000000000000e+00 8.474576271186440649e-03 0.000000000000000000e+00 0.000000000000000000e+00 0.000000000000000000e+00 0.000000000000000000e+00 1.016949152542372947e-01 4.237288135593220151e-02 0.000000000000000000e+00 0.000000000000000000e+00 0.000000000000000000e+00 0.000000000000000000e+00 0.000000000000000000e+00 0.000000000000000000e+00 0.000000000000000000e+00 1.000000000000000000e+00 1.694915254237288130e-02 0.000000000000000000e+00 0.000000000000000000e+00 3.389830508474576259e-02 4.576271186440677985e-01
0.000000000000000000e+00 0.000000000000000000e+00 0.000000000000000000e+00 0.000000000000000000e+00 0.000000000000000000e+00 0.000000000000000000e+00 0.000000000000000000e+00 8.421052631578947179e-02 0.000000000000000000e+00 0.000000000000000000e+00 0.000000000000000000e+00 4.210526315789473589e-02 0.000000000000000000e+00 0.000000000000000000e+00 0.000000000000000000e+00 0.000000000000000000e+00 1.000000000000000000e+00 0.000000000000000000e+00 0.000000000000000000e+00 0.000000000000000000e+00 4.210526315789473589e-02 0.000000000000000000e+00
0.000000000000000000e+00 0.000000000000000000e+00 0.000000000000000000e+00 0.000000000000000000e+00 0.000000000000000000e+00 0.000000000000000000e+00 0.000000000000000000e+00 1.016949152542372947e-01 0.000000000000000000e+00 0.000000000000000000e+00 0.000000000000000000e+00 0.000000000000000000e+00 0.000000000000000000e+00 4.406779661016949068e-01 0.000000000000000000e+00 0.000000000000000000e+00 1.000000000000000000e+00 0.000000000000000000e+00 0.000000000000000000e+00 1.355932203389830504e-01 0.000000000000000000e+00 0.000000000000000000e+00
0.000000000000000000e+00 0.000000000000000000e+00 1.463414634146341375e-01 0.000000000000000000e+00 1.412066752246469818e-02 1.283697047496790665e-03 0.000000000000000000e+00 1.026957637997432532e-02 1.000000000000000000e+00 0.000000000000000000e+00 0.000000000000000000e+00 1.155327342747111685e-02 0.000000000000000000e+00 0.000000000000000000e+00 1.270860077021822854e-01 0.000000000000000000e+00 1.604621309370988513e-01 2.015404364569961526e-01 2.105263157894736725e-01 2.567394094993581330e-03 1.283697047496790665e-03 0.000000000000000000e+00
