6.612244897959184131e-01 0.000000000000000000e+00 0.000000000000000000e+00 0.000000000000000000e+00 4.081632653061224858e-03 2.448979591836734637e-01 0.000000000000000000e+00 0.000000000000000000e+00 1.000000000000000000e+00 1.224489795918367284e-02 0.000000000000000000e+00 0.000000000000000000e+00 0.000000000000000000e+00 0.000000000000000000e+00 7.755102040816326536e-02
0.000000000000000000e+00 7.207792207792207417e-01 3.490259740259740034e-02 0.000000000000000000e+00 0.000000000000000000e+00 0.000000000000000000e+00 0.000000000000000000e+00 1.000000000000000000e+00 0.000000000000000000e+00 0.000000000000000000e+00 6.493506493506493935e-03 1.623376623376623484e-03 8.928571428571428076e-03 4.870129870129870017e-03 0.000000000000000000e+00
0.000000000000000000e+00 2.310231023102310086e-02 2.310231023102310086e-02 0.000000000000000000e+00 0.000000000000000000e+00 0.000000000000000000e+00 0.000000000000000000e+00 2.871287128712871062e-01 0.000000000000000000e+00 1.000000000000000000e+00 0.000000000000000000e+00 3.300330033003300370e-03 0.000000000000000000e+00 6.600660066006600740e-03 0.000000000000000000e+00
6.153846153846154188e-01 0.000000000000000000e+00 0.000000000000000000e+00 0.000000000000000000e+00 0.000000000000000000e+00 8.653846153846153633e-02 0.000000000000000000e+00 9.615384615384615918e-03 1.000000000000000000e+00 0.000000000000000000e+00 0.000000000000000000e+00 0.000000000000000000e+00 0.000000000000000000e+00 0.000000000000000000e+00 1.153846153846153910e-01
0.000000000000000000e+00 1.648351648351648324e-01 0.000000000000000000e+00 1.098901098901098987e-02 0.000000000000000000e+00 0.000000000000000000e+00 0.000000000000000000e+00 1.000000000000000000e+00 8.021978021978022344e-01 6.593406593406593574e-02 0.000000000000000000e+00 2.197802197802197974e-02 0.000000000000000000e+00 3.296703296703296787e-02 7.692307692307692735e-02
0.000000000000000000e+00 0.000000000000000000e+00 0.000000000000000000e+00 2.054794520547945091e-02 2.739726027397260122e-02 0.000000000000000000e+00 0.000000000000000000e+00 2.739726027397260122e-02 1.000000000000000000e+00 0.000000000000000000e+00 0.000000000000000000e+00 0.000000000000000000e+00 0.000000000000000000e+00 0.000000000000000000e+00 1.643835616438356073e-01
0.000000000000000000e+00 0.000000000000000000e+00 0.000000000000000000e+00 0.000000000000000000e+00 0.000000000000000000e+00 0.000000000000000000e+00 0.000000000000000000e+00 0.000000000000000000e+00 0.000000000000000000e+00 0.000000000000000000e+00 0.000000000000000000e+00 0.000000000000000000e+00 0.000000000000000000e+00 0.000000000000000000e+00 0.000000000000000000e+00
0.000000000000000000e+00 1.000000000000000000e+00 2.748776508972267663e-01 0.000000000000000000e+00 0.000000000000000000e+00 0.000000000000000000e+00 0.000000000000000000e+00 0.000000000000000000e+00 0.000000000000000000e+00 0.000000000000000000e+00 5.791190864600326282e-02 2.854812398042414281e-02 1.321370309951060418e-01 8.646003262642740217e-02 0.000000000000000000e+00
1.768074445239799508e-01 5.726556907659269627e-03 2.147458840372226327e-03 1.202576950608446604e-01 1.037938439513242661e-01 7.158196134574087988e-02 0.000000000000000000e+00 1.159627773801002182e-01 0.000000000000000000e+00 1.145311381531853925e-02 0.000000000000000000e+00 0.000000000000000000e+00 2.147458840372226327e-03 7.158196134574087034e-04 1.000000000000000000e+00
0.000000000000000000e+00 0.000000000000000000e+00 0.000000000000000000e+00 1.075268817204301161e-02 7.168458781362006815e-02 3.584229390681003581e-03 0.000000000000000000e+00 0.000000000000000000e+00 1.000000000000000000e+00 1.075268817204301161e-02 0.000000000000000000e+00 0.000000000000000000e+00 0.000000000000000000e+00 0.000000000000000000e+00 1.003584229390681037e-01
0.000000000000000000e+00 1.238938053097345116e-01 2.654867256637168105e-02 0.000000000000000000e+00 0.000000000000000000e+00 0.000000000000000000e+00 0.000000000000000000e+00 1.000000000000000000e+00 0.000000000000000000e+00 0.000000000000000000e+00 0.000000000000000000e+00 0.000000000000000000e+00 0.000000000000000000e+00 0.000000000000000000e+00 0.000000000000000000e+00
0.000000000000000000e+00 2.000000000000000111e-01 7.500000000000000000e-01 0.000000000000000000e+00 0.000000000000000000e+00 0.000000000000000000e+00 0.000000000000000000e+00 1.000000000000000000e+00 0.000000000000000000e+00 0.000000000000000000e+00 0.000000000000000000e+00 0.000000000000000000e+00 5.000000000000000278e-02 0.000000000000000000e+00 0.000000000000000000e+00
0.000000000000000000e+00 9.554140127388535686e-02 0.000000000000000000e+00 0.000000000000000000e+00 0.000000000000000000e+00 0.000000000000000000e+00 0.000000000000000000e+00 1.000000000000000000e+00 0.000000000000000000e+00 0.000000000000000000e+00 2.866242038216560428e-01 0.000000000000000000e+00 7.070063694267515464e-01 0.000000000000000000e+00 0.000000000000000000e+00
0.000000000000000000e+00 1.250000000000000000e-01 0.000000000000000000e+00 0.000000000000000000e+00 0.000000000000000000e+00 0.000000000000000000e+00 0.000000000000000000e+00 1.000000000000000000e+00 0.000000000000000000e+00 0.000000000000000000e+00 9.375000000000000000e-02 0.000000000000000000e+00 6.250000000000000000e-01 0.000000000000000000e+00 0.000000000000000000e+00
1.211689237348538908e-02 3.563791874554526201e-03 0.000000000000000000e+00 1.069137562366357860e-02 1.995723449750534673e-02 7.840342124019957643e-03 0.000000000000000000e+00 4.276550249465431441e-03 1.000000000000000000e+00 1.425516749821810480e-03 0.000000000000000000e+00 0.000000000000000000e+00 0.000000000000000000e+00 0.000000000000000000e+00 6.792587312900926211e-01
