9.096774193548387011e-01 0.000000000000000000e+00 0.000000000000000000e+00 0.000000000000000000e+00 0.000000000000000000e+00 0.000000000000000000e+00 0.000000000000000000e+00 0.000000000000000000e+00 0.000000000000000000e+00 4.322580645161290258e-01 0.000000000000000000e+00 0.000000000000000000e+00 2.580645161290322578e-02 1.000000000000000000e+00 6.451612903225806446e-03 0.000000000000000000e+00 6.451612903225806446e-03 0.000000000000000000e+00 8.387096774193548987e-02
0.000000000000000000e+00 0.000000000000000000e+00 0.000000000000000000e+00 0.000000000000000000e+00 0.000000000000000000e+00 0.000000000000000000e+00 0.000000000000000000e+00 0.000000000000000000e+00 0.000000000000000000e+00 0.000000000000000000e+00 4.347826086956521618e-02 0.000000000000000000e+00 0.000000000000000000e+00 1.304347826086956486e-01 0.000000000000000000e+00 1.000000000000000000e+00 0.000000000000000000e+00 0.000000000000000000e+00 0.000000000000000000e+00
0.000000000000000000e+00 0.000000000000000000e+00 0.000000000000000000e+00 0.000000000000000000e+00 0.000000000000000000e+00 0.000000000000000000e+00 0.000000000000000000e+00 0.000000000000000000e+00 0.000000000000000000e+00 0.000000000000000000e+00 0.000000000000000000e+00 0.000000000000000000e+00 0.000000000000000000e+00 0.000000000000000000e+00 0.000000000000000000e+00 0.000000000000000000e+00 0.000000000000000000e+00 0.000000000000000000e+00 0.000000000000000000e+00
0.000000000000000000e+00 0.000000000000000000e+00 0.000000000000000000e+00 0.000000000000000000e+00 0.000000000000000000e+00 0.000000000000000000e+00 0.000000000000000000e+00 0.000000000000000000e+00 0.000000000000000000e+00 0.000000000000000000e+00 9.629629629629629650e-02 2.222222222222222307e-02 0.000000000000000000e+00 3.703703703703703845e-03 0.000000000000000000e+00 1.000000000000000000e+00 0.000000000000000000e+00 0.000000000000000000e+00 3.703703703703703845e-03
0.000000000000000000e+00 0.000000000000000000e+00 0.000000000000000000e+00 0.000000000000000000e+00 6.189516129032257563e-01 0.000000000000000000e+00 5.241935483870967943e-02 0.000000000000000000e+00 0.000000000000000000e+00 0.000000000000000000e+00 0.000000000000000000e+00 0.000000000000000000e+00 1.000000000000000000e+00 0.000000000000000000e+00 1.209677419354838676e-02 0.000000000000000000e+00 2.217741935483871080e-02 2.016129032258064460e-02 0.000000000000000000e+00
0.000000000000000000e+00 4.166666666666666852e-01 0.000000000000000000e+00 0.000000000000000000e+00 0.000000000000000000e+00 1.000000000000000000e+00 0.000000000000000000e+00 0.000000000000000000e+00 0.000000000000000000e+00 0.000000000000000000e+00 2.500000000000000000e-01 0.000000000000000000e+00 0.000000000000000000e+00 8.333333333333332871e-02 0.000000000000000000e+00 1.000000000000000000e+00 0.000000000000000000e+00 0.000000000000000000e+00 0.000000000000000000e+00
0.000000000000000000e+00 0.000000000000000000e+00 0.000000000000000000e+00 1.000000000000000000e+00 6.600660066006600740e-03 0.000000000000000000e+00 0.000000000000000000e+00 0.000000000000000000e+00 0.000000000000000000e+00 0.000000000000000000e+00 0.000000000000000000e+00 0.000000000000000000e+00 6.930693069306931298e-02 0.000000000000000000e+00 0.000000000000000000e+00 0.000000000000000000e+00 0.000000000000000000e+00 0.000000000000000000e+00 0.000000000000000000e+00
4.324324324324324564e-01 0.000000000000000000e+00 0.000000000000000000e+00 0.000000000000000000e+00 0.000000000000000000e+00 0.000000000000000000e+00 0.000000000000000000e+00 0.000000000000000000e+00 0.000000000000000000e+00 9.009009009009008584e-02 0.000000000000000000e+00 0.000000000000000000e+00 0.000000000000000000e+00 1.000000000000000000e+00 0.000000000000000000e+00 0.000000000000000000e+00 0.000000000000000000e+00 0.000000000000000000e+00 9.009009009009008584e-02
0.000000000000000000e+00 0.000000000000000000e+00 0.000000000000000000e+00 0.000000000000000000e+00 5.405405405405405705e-02 0.000000000000000000e+00 9.009009009009008931e-03 0.000000000000000000e+00 0.000000000000000000e+00 0.000000000000000000e+00 0.000000000000000000e+00 0.000000000000000000e+00 7.207207207207206867e-01 1.000000000000000000e+00 0.000000000000000000e+00 0.000000000000000000e+00 0.000000000000000000e+00 1.801801801801801786e-02 6.306306306306305731e-02
0.000000000000000000e+00 0.000000000000000000e+00 0.000000000000000000e+00 0.000000000000000000e+00 0.000000000000000000e+00 0.000000000000000000e+00 6.250000000000000347e-03 6.250000000000000347e-03 2.500000000000000139e-02 0.000000000000000000e+00 0.000000000000000000e+00 0.000000000000000000e+00 6.250000000000000347e-03 1.000000000000000000e+00 0.000000000000000000e+00 0.000000000000000000e+00 0.000000000000000000e+00 0.000000000000000000e+00 1.062499999999999972e-01
0.000000000000000000e+00 5.681818181818181976e-03 0.000000000000000000e+00 0.000000000000000000e+00 0.000000000000000000e+00 1.704545454545454419e-02 0.000000000000000000e+00 0.000000000000000000e+00 0.000000000000000000e+00 0.000000000000000000e+00 7.329545454545454142e-01 2.840909090909090814e-02 0.000000000000000000e+00 9.090909090909091161e-02 0.000000000000000000e+00 1.000000000000000000e+00 0.000000000000000000e+00 0.000000000000000000e+00 2.840909090909090814e-02
3.030303030303030387e-02 3.030303030303030387e-02 0.000000000000000000e+00 0.000000000000000000e+00 0.000000000000000000e+00 2.727272727272727071e-01 0.000000000000000000e+00 0.000000000000000000e+00 0.000000000000000000e+00 0.000000000000000000e+00 3.030303030303030387e-02 0.000000000000000000e+00 0.000000000000000000e+00 3.030303030303030387e-02 0.000000000000000000e+00 1.000000000000000000e+00 0.000000000000000000e+00 0.000000000000000000e+00 0.000000000000000000e+00
0.000000000000000000e+00 0.000000000000000000e+00 0.000000000000000000e+00 0.000000000000000000e+00 1.000000000000000000e+00 0.000000000000000000e+00 5.816733067729084050e-01 0.000000000000000000e+00 0.000000000000000000e+00 0.000000000000000000e+00 0.000000000000000000e+00 0.000000000000000000e+00 0.000000000000000000e+00 0.000000000000000000e+00 1.215139442231075728e-01 0.000000000000000000e+00 1.772908366533864633e-01 1.513944223107569764e-01 0.000000000000000000e+00
2.021028037383177656e-01 0.000000000000000000e+00 0.000000000000000000e+00 0.000000000000000000e+00 1.051401869158878448e-02 0.000000000000000000e+00 3.504672897196261638e-03 1.869158878504672827e-01 2.196261682242990620e-01 1.133177570093457931e-01 0.000000000000000000e+00 0.000000000000000000e+00 2.021028037383177656e-01 0.000000000000000000e+00 0.000000000000000000e+00 0.000000000000000000e+00 1.168224299065420474e-03 1.168224299065420474e-03 1.000000000000000000e+00
0.000000000000000000e+00 0.000000000000000000e+00 0.000000000000000000e+00 0.000000000000000000e+00 1.222222222222222182e-01 0.000000000000000000e+00 4.444444444444444614e-02 0.000000000000000000e+00 0.000000000000000000e+00 0.000000000000000000e+00 0.000000000000000000e+00 0.000000000000000000e+00 1.000000000000000000e+00 0.000000000000000000e+00 0.000000000000000000e+00 0.000000000000000000e+00 0.000000000000000000e+00 1.111111111111111154e-02 0.000000000000000000e+00
1.190476190476190410e-02 5.952380952380952051e-02 0.000000000000000000e+00 0.000000000000000000e+00 0.000000000000000000e+00 1.190476190476190410e-01 0.000000000000000000e+00 7.936507936507936067e-03 3.968253968253968034e-03 3.968253968253968034e-03 6.825396825396825573e-01 1.388888888888888951e-01 0.000000000000000000e+00 1.000000000000000000e+00 0.000000000000000000e+00 0.000000000000000000e+00 0.000000000000000000e+00 0.000000000000000000e+00 5.952380952380952051e-02
0.000000000000000000e+00 0.000000000000000000e+00 0.000000000000000000e+00 0.000000000000000000e+00 1.499999999999999944e-01 0.000000000000000000e+00 0.000000000000000000e+00 0.000000000000000000e+00 0.000000000000000000e+00 0.000000000000000000e+00 0.000000000000000000e+00 0.000000000000000000e+00 1.000000000000000000e+00 0.000000000000000000e+00 4.375000000000000000e-01 0.000000000000000000e+00 8.499999999999999778e-01 0.000000000000000000e+00 0.000000000000000000e+00
0.000000000000000000e+00 0.000000000000000000e+00 0.000000000000000000e+00 0.000000000000000000e+00 6.896551724137930939e-02 0.000000000000000000e+00 0.000000000000000000e+00 0.000000000000000000e+00 0.000000000000000000e+00 0.000000000000000000e+00 0.000000000000000000e+00 0.000000000000000000e+00 1.000000000000000000e+00 0.000000000000000000e+00 5.172413793103448204e-02 0.000000000000000000e+00 4.310344827586206629e-01 0.000000000000000000e+00 0.000000000000000000e+00
1.884570082449940967e-02 0.000000000000000000e+00 0.000000000000000000e+00 0.000000000000000000e+00 3.533568904593639530e-03 0.000000000000000000e+00 0.000000000000000000e+00 1.884570082449940967e-02 1.648998822143698390e-02 1.060070671378091946e-02 0.000000000000000000e+00 0.000000000000000000e+00 2.002355712603062429e-02 1.000000000000000000e+00 0.000000000000000000e+00 0.000000000000000000e+00 0.000000000000000000e+00 0.000000000000000000e+00 6.113074204946996604e-01
