0.000000000000000000e+00 0.000000000000000000e+00 1.398601398601398600e-02 0.000000000000000000e+00 0.000000000000000000e+00 1.398601398601398600e-02 7.692307692307692735e-02 0.000000000000000000e+00 0.000000000000000000e+00 0.000000000000000000e+00 0.000000000000000000e+00 0.000000000000000000e+00 0.000000000000000000e+00 0.000000000000000000e+00 5.594405594405594401e-02 9.790209790209790375e-02 8.391608391608391948e-02 0.000000000000000000e+00 0.000000000000000000e+00 0.000000000000000000e+00 0.000000000000000000e+00 1.000000000000000000e+00
0.000000000000000000e+00 0.000000000000000000e+00 0.000000000000000000e+00 0.000000000000000000e+00 0.000000000000000000e+00 0.000000000000000000e+00 0.000000000000000000e+00 0.000000000000000000e+00 1.000000000000000000e+00 0.000000000000000000e+00 2.000000000000000111e-01 0.000000000000000000e+00 0.000000000000000000e+00 0.000000000000000000e+00 0.000000000000000000e+00 0.000000000000000000e+00 0.000000000000000000e+00 0.000000000000000000e+00 0.000000000000000000e+00 0.000000000000000000e+00 0.000000000000000000e+00 0.000000000000000000e+00
3.584229390681003581e-03 0.000000000000000000e+00 4.301075268817204644e-02 0.000000000000000000e+00 0.000000000000000000e+00 0.000000000000000000e+00 8.960573476702508866e-02 0.000000000000000000e+00 0.000000000000000000e+00 3.584229390681003581e-03 0.000000000000000000e+00 0.000000000000000000e+00 3.584229390681003581e-03 0.000000000000000000e+00 3.584229390681003581e-03 4.301075268817204644e-02 1.433691756272401363e-01 0.000000000000000000e+00 0.000000000000000000e+00 0.000000000000000000e+00 0.000000000000000000e+00 1.000000000000000000e+00
0.000000000000000000e+00 4.761904761904761640e-02 0.000000000000000000e+00 0.000000000000000000e+00 0.000000000000000000e+00 4.761904761904761640e-02 0.000000000000000000e+00 0.000000000000000000e+00 0.000000000000000000e+00 1.000000000000000000e+00 0.000000000000000000e+00 4.761904761904761640e-02 0.000000000000000000e+00 0.000000000000000000e+00 4.761904761904761640e-01 0.000000000000000000e+00 0.000000000000000000e+00 0.000000000000000000e+00 0.000000000000000000e+00 0.000000000000000000e+00 4.761904761904761640e-02 0.000000000000000000e+00
0.000000000000000000e+00 1.000000000000000000e+00 0.000000000000000000e+00 0.000000000000000000e+00 0.000000000000000000e+00 0.000000000000000000e+00 0.000000000000000000e+00 0.000000000000000000e+00 0.000000000000000000e+00 0.000000000000000000e+00 0.000000000000000000e+00 0.000000000000000000e+00 0.000000000000000000e+00 0.000000000000000000e+00 0.000000000000000000e+00 0.000000000000000000e+00 0.000000000000000000e+00 0.000000000000000000e+00 0.000000000000000000e+00 0.000000000000000000e+00 0.000000000000000000e+00 0.000000000000000000e+00
0.000000000000000000e+00 0.000000000000000000e+00 0.000000000000000000e+00 0.000000000000000000e+00 0.000000000000000000e+00 2.690763052208835493e-01 0.000000000000000000e+00 0.000000000000000000e+00 0.000000000000000000e+00 1.365461847389558281e-01 0.000000000000000000e+00 7.228915662650602092e-02 0.000000000000000000e+00 0.000000000000000000e+00 1.000000000000000000e+00 0.000000000000000000e+00 0.000000000000000000e+00 0.000000000000000000e+00 0.000000000000000000e+00 8.032128514056224161e-03 3.212851405622489664e-02 0.000000000000000000e+00
0.000000000000000000e+00 0.000000000000000000e+00 6.134969325153374377e-03 0.000000000000000000e+00 0.000000000000000000e+00 3.067484662576687188e-03 3.006134969325153228e-01 0.000000000000000000e+00 0.000000000000000000e+00 9.202453987730061999e-03 0.000000000000000000e+00 0.000000000000000000e+00 7.668711656441717928e-02 0.000000000000000000e+00 4.907975460122699501e-02 3.067484662576687102e-02 6.748466257668711554e-02 0.000000000000000000e+00 0.000000000000000000e+00 0.000000000000000000e+00 0.000000000000000000e+00 1.000000000000000000e+00
0.000000000000000000e+00 0.000000000000000000e+00 0.000000000000000000e+00 0.000000000000000000e+00 0.000000000000000000e+00 0.000000000000000000e+00 0.000000000000000000e+00 0.000000000000000000e+00 0.000000000000000000e+00 0.000000000000000000e+00 0.000000000000000000e+00 0.000000000000000000e+00 0.000000000000000000e+00 0.000000000000000000e+00 0.000000000000000000e+00 0.000000000000000000e+00 0.000000000000000000e+00 0.000000000000000000e+00 0.000000000000000000e+00 0.000000000000000000e+00 0.000000000000000000e+00 0.000000000000000000e+00
0.000000000000000000e+00 0.000000000000000000e+00 1.000000000000000000e+00 0.000000000000000000e+00 0.000000000000000000e+00 0.000000000000000000e+00 0.000000000000000000e+00 0.000000000000000000e+00 0.000000000000000000e+00 0.000000000000000000e+00 0.000000000000000000e+00 0.000000000000000000e+00 0.000000000000000000e+00 0.000000000000000000e+00 0.000000000000000000e+00 0.000000000000000000e+00 0.000000000000000000e+00 0.000000000000000000e+00 0.000000000000000000e+00 0.000000000000000000e+00 0.000000000000000000e+00 0.000000000000000000e+00
0.000000000000000000e+00 0.000000000000000000e+00 1.000000000000000000e+00 1.013513513513513570e-02 0.000000000000000000e+00 1.351351351351351426e-02 0.000000000000000000e+00 0.000000000000000000e+00 0.000000000000000000e+00 1.013513513513513570e-02 0.000000000000000000e+00 3.378378378378378566e-03 0.000000000000000000e+00 0.000000000000000000e+00 1.452702702702702575e-01 0.000000000000000000e+00 0.000000000000000000e+00 2.027027027027027140e-02 0.000000000000000000e+00 3.378378378378378566e-03 6.756756756756757132e-03 0.000000000000000000e+00
0.000000000000000000e+00 0.000000000000000000e+00 0.000000000000000000e+00 0.000000000000000000e+00 0.000000000000000000e+00 0.000000000000000000e+00 0.000000000000000000e+00 0.000000000000000000e+00 0.000000000000000000e+00 0.000000000000000000e+00 0.000000000000000000e+00 0.000000000000000000e+00 0.000000000000000000e+00 1.000000000000000000e+00 0.000000000000000000e+00 0.000000000000000000e+00 0.000000000000000000e+00 0.000000000000000000e+00 0.000000000000000000e+00 0.000000000000000000e+00 0.000000000000000000e+00 0.000000000000000000e+00
0.000000000000000000e+00 0.000000000000000000e+00 0.000000000000000000e+00 5.506607929515419013e-04 0.000000000000000000e+00 9.911894273127754007e-03 0.000000000000000000e+00 0.000000000000000000e+00 0.000000000000000000e+00 1.101321585903083803e-03 0.000000000000000000e+00 1.000000000000000000e+00 0.000000000000000000e+00 0.000000000000000000e+00 9.691629955947136943e-02 0.000000000000000000e+00 0.000000000000000000e+00 0.000000000000000000e+00 0.000000000000000000e+00 6.167400881057268774e-02 0.000000000000000000e+00 0.000000000000000000e+00
6.461538461538461620e-02 0.000000000000000000e+00 7.692307692307692301e-04 0.000000000000000000e+00 0.000000000000000000e+00 0.000000000000000000e+00 9.230769230769231629e-03 0.000000000000000000e+00 0.000000000000000000e+00 0.000000000000000000e+00 0.000000000000000000e+00 4.615384615384615814e-03 1.000000000000000000e+00 0.000000000000000000e+00 7.692307692307692301e-04 0.000000000000000000e+00 3.846153846153846151e-04 0.000000000000000000e+00 0.000000000000000000e+00 0.000000000000000000e+00 0.000000000000000000e+00 1.238461538461538419e-01
0.000000000000000000e+00 0.000000000000000000e+00 0.000000000000000000e+00 0.000000000000000000e+00 4.347826086956521618e-02 0.000000000000000000e+00 0.000000000000000000e+00 0.000000000000000000e+00 0.000000000000000000e+00 0.000000000000000000e+00 0.000000000000000000e+00 0.000000000000000000e+00 0.000000000000000000e+00 1.000000000000000000e+00 0.000000000000000000e+00 0.000000000000000000e+00 0.000000000000000000e+00 0.000000000000000000e+00 0.000000000000000000e+00 0.000000000000000000e+00 0.000000000000000000e+00 0.000000000000000000e+00
0.000000000000000000e+00 0.000000000000000000e+00 0.000000000000000000e+00 8.833922261484099259e-02 0.000000000000000000e+00 8.939929328621908367e-01 0.000000000000000000e+00 0.000000000000000000e+00 0.000000000000000000e+00 1.000000000000000000e+00 0.000000000000000000e+00 6.113074204946996604e-01 0.000000000000000000e+00 0.000000000000000000e+00 0.000000000000000000e+00 0.000000000000000000e+00 0.000000000000000000e+00 0.000000000000000000e+00 0.000000000000000000e+00 5.300353356890459555e-02 3.038869257950529978e-01 0.000000000000000000e+00
1.117318435754189980e-02 0.000000000000000000e+00 0.000000000000000000e+00 0.000000000000000000e+00 0.000000000000000000e+00 0.000000000000000000e+00 1.675977653631284883e-02 0.000000000000000000e+00 0.000000000000000000e+00 0.000000000000000000e+00 0.000000000000000000e+00 5.586592178770949900e-03 1.000000000000000000e+00 0.000000000000000000e+00 0.000000000000000000e+00 0.000000000000000000e+00 5.586592178770949900e-03 0.000000000000000000e+00 0.000000000000000000e+00 0.000000000000000000e+00 0.000000000000000000e+00 1.284916201117318468e-01
0.000000000000000000e+00 0.000000000000000000e+00 3.267973856209150513e-02 1.960784313725490169e-02 0.000000000000000000e+00 3.267973856209150513e-02 7.189542483660130157e-02 0.000000000000000000e+00 0.000000000000000000e+00 1.960784313725490169e-02 0.000000000000000000e+00 0.000000000000000000e+00 1.960784313725490169e-02 0.000000000000000000e+00 5.751633986928104125e-01 3.921568627450980338e-02 1.307189542483660170e-02 0.000000000000000000e+00 0.000000000000000000e+00 0.000000000000000000e+00 3.267973856209150513e-02 1.000000000000000000e+00
0.000000000000000000e+00 1.000000000000000000e+00 0.000000000000000000e+00 0.000000000000000000e+00 0.000000000000000000e+00 0.000000000000000000e+00 0.000000000000000000e+00 0.000000000000000000e+00 2.500000000000000000e-01 0.000000000000000000e+00 0.000000000000000000e+00 0.000000000000000000e+00 0.000000000000000000e+00 0.000000000000000000e+00 0.000000000000000000e+00 0.000000000000000000e+00 0.000000000000000000e+00 0.000000000000000000e+00 2.500000000000000000e-01 0.000000000000000000e+00 0.000000000000000000e+00 0.000000000000000000e+00
0.000000000000000000e+00 0.000000000000000000e+00 1.000000000000000000e+00 0.000000000000000000e+00 0.000000000000000000e+00 0.000000000000000000e+00 0.000000000000000000e+00 0.000000000000000000e+00 0.000000000000000000e+00 0.000000000000000000e+00 0.000000000000000000e+00 0.000000000000000000e+00 0.000000000000000000e+00 0.000000000000000000e+00 0.000000000000000000e+00 0.000000000000000000e+00 0.000000000000000000e+00 0.000000000000000000e+00 0.000000000000000000e+00 0.000000000000000000e+00 0.000000000000000000e+00 0.000000000000000000e+00
0.000000000000000000e+00 0.000000000000000000e+00 0.000000000000000000e+00 9.174311926605505096e-03 0.000000000000000000e+00 1.009174311926605561e-01 0.000000000000000000e+00 0.000000000000000000e+00 0.000000000000000000e+00 5.504587155963303058e-02 0.000000000000000000e+00 0.000000000000000000e+00 0.000000000000000000e+00 0.000000000000000000e+00 1.000000000000000000e+00 0.000000000000000000e+00 0.000000000000000000e+00 0.000000000000000000e+00 0.000000000000000000e+00 0.000000000000000000e+00 3.669724770642202039e-02 0.000000000000000000e+00
0.000000000000000000e+00 0.000000000000000000e+00 0.000000000000000000e+00 0.000000000000000000e+00 0.000000000000000000e+00 9.803921568627450844e-03 0.000000000000000000e+00 0.000000000000000000e+00 0.000000000000000000e+00 0.000000000000000000e+00 0.000000000000000000e+00 1.000000000000000000e+00 0.000000000000000000e+00 0.000000000000000000e+00 7.843137254901960675e-02 0.000000000000000000e+00 0.000000000000000000e+00 0.000000000000000000e+00 0.000000000000000000e+00 9.803921568627450844e-03 0.000000000000000000e+00 0.000000000000000000e+00
6.344410876132930421e-02 0.000000000000000000e+00 1.359516616314199455e-01 6.042296072507552865e-03 0.000000000000000000e+00 4.531722054380664388e-02 1.000000000000000000e+00 0.000000000000000000e+00 0.000000000000000000e+00 1.208459214501510573e-02 0.000000000000000000e+00 3.021148036253776432e-03 9.758308157099697677e-01 0.000000000000000000e+00 3.776435045317220740e-01 5.045317220543806824e-01 6.223564954682779815e-01 0.000000000000000000e+00 0.000000000000000000e+00 0.000000000000000000e+00 1.812688821752266033e-02 0.000000000000000000e+00
