5.142857142857142766e-02 0.000000000000000000e+00 0.000000000000000000e+00 0.000000000000000000e+00 1.428571428571428527e-02 0.000000000000000000e+00 0.000000000000000000e+00 0.000000000000000000e+00 0.000000000000000000e+00 0.000000000000000000e+00 1.000000000000000000e+00 0.000000000000000000e+00 0.000000000000000000e+00
3.316831683168317002e-01 5.940594059405940319e-02 5.445544554455445524e-02 0.000000000000000000e+00 0.000000000000000000e+00 0.000000000000000000e+00 1.000000000000000000e+00 5.346534653465346842e-01 0.000000000000000000e+00 0.000000000000000000e+00 0.000000000000000000e+00 1.287128712871287162e-01 4.950495049504950451e-01
0.000000000000000000e+00 4.766734279918864031e-02 5.223123732251521156e-01 0.000000000000000000e+00 0.000000000000000000e+00 0.000000000000000000e+00 0.000000000000000000e+00 1.000000000000000000e+00 0.000000000000000000e+00 0.000000000000000000e+00 0.000000000000000000e+00 0.000000000000000000e+00 5.070993914807302161e-03
0.000000000000000000e+00 9.940357852882702756e-04 6.958250497017893013e-03 6.172962226640159589e-01 1.888667992047713545e-02 0.000000000000000000e+00 0.000000000000000000e+00 8.946322067594433131e-03 0.000000000000000000e+00 1.000000000000000000e+00 0.000000000000000000e+00 8.946322067594433131e-03 0.000000000000000000e+00
0.000000000000000000e+00 0.000000000000000000e+00 9.917355371900826722e-02 1.322314049586776896e-01 4.958677685950413361e-02 0.000000000000000000e+00 0.000000000000000000e+00 7.851239669421488099e-01 0.000000000000000000e+00 1.000000000000000000e+00 0.000000000000000000e+00 4.297520661157024913e-01 4.958677685950413361e-02
0.000000000000000000e+00 0.000000000000000000e+00 0.000000000000000000e+00 0.000000000000000000e+00 0.000000000000000000e+00 0.000000000000000000e+00 0.000000000000000000e+00 0.000000000000000000e+00 0.000000000000000000e+00 0.000000000000000000e+00 0.000000000000000000e+00 0.000000000000000000e+00 0.000000000000000000e+00
0.000000000000000000e+00 0.000000000000000000e+00 0.000000000000000000e+00 0.000000000000000000e+00 0.000000000000000000e+00 0.000000000000000000e+00 3.773584905660377214e-02 0.000000000000000000e+00 1.000000000000000000e+00 0.000000000000000000e+00 0.000000000000000000e+00 0.000000000000000000e+00 0.000000000000000000e+00
0.000000000000000000e+00 3.363544813695871216e-01 1.000000000000000000e+00 0.000000000000000000e+00 0.000000000000000000e+00 0.000000000000000000e+00 0.000000000000000000e+00 0.000000000000000000e+00 0.000000000000000000e+00 0.000000000000000000e+00 0.000000000000000000e+00 0.000000000000000000e+00 6.042296072507553212e-02
1.000000000000000000e+00 0.000000000000000000e+00 0.000000000000000000e+00 0.000000000000000000e+00 0.000000000000000000e+00 0.000000000000000000e+00 7.682119205298013620e-01 0.000000000000000000e+00 7.947019867549669214e-02 0.000000000000000000e+00 0.000000000000000000e+00 3.907284768211920500e-01 0.000000000000000000e+00
0.000000000000000000e+00 1.006036217303822936e-02 1.408450704225352144e-02 1.000000000000000000e+00 1.961770623742454811e-01 0.000000000000000000e+00 0.000000000000000000e+00 1.488933601609657986e-01 0.000000000000000000e+00 0.000000000000000000e+00 0.000000000000000000e+00 6.941649899396377943e-02 1.006036217303823022e-03
6.355140186915887446e-01 0.000000000000000000e+00 0.000000000000000000e+00 0.000000000000000000e+00 0.000000000000000000e+00 0.000000000000000000e+00 0.000000000000000000e+00 0.000000000000000000e+00 0.000000000000000000e+00 0.000000000000000000e+00 7.943925233644859307e-02 1.000000000000000000e+00 0.000000000000000000e+00
0.000000000000000000e+00 0.000000000000000000e+00 0.000000000000000000e+00 1.348684210526315819e-01 2.730263157894736725e-01 0.000000000000000000e+00 0.000000000000000000e+00 3.289473684210526133e-03 0.000000000000000000e+00 1.000000000000000000e+00 0.000000000000000000e+00 1.644736842105263067e-02 0.000000000000000000e+00
0.000000000000000000e+00 1.000000000000000000e+00 8.196721311475410263e-03 0.000000000000000000e+00 0.000000000000000000e+00 0.000000000000000000e+00 0.000000000000000000e+00 3.278688524590163689e-01 7.377049180327868716e-02 0.000000000000000000e+00 0.000000000000000000e+00 0.000000000000000000e+00 1.639344262295082053e-02
