0.000000000000000000e+00 0.000000000000000000e+00 0.000000000000000000e+00 0.000000000000000000e+00 0.000000000000000000e+00 0.000000000000000000e+00 0.000000000000000000e+00 0.000000000000000000e+00 0.000000000000000000e+00 0.000000000000000000e+00 0.000000000000000000e+00 0.000000000000000000e+00 5.000000000000000000e-01 0.000000000000000000e+00 1.000000000000000000e+00 0.000000000000000000e+00 0.000000000000000000e+00 0.000000000000000000e+00
0.000000000000000000e+00 0.000000000000000000e+00 0.000000000000000000e+00 0.000000000000000000e+00 0.000000000000000000e+00 0.000000000000000000e+00 0.000000000000000000e+00 0.000000000000000000e+00 0.000000000000000000e+00 0.000000000000000000e+00 0.000000000000000000e+00 0.000000000000000000e+00 0.000000000000000000e+00 0.000000000000000000e+00 0.000000000000000000e+00 0.000000000000000000e+00 0.000000000000000000e+00 0.000000000000000000e+00
0.000000000000000000e+00 0.000000000000000000e+00 5.781250000000000000e-01 0.000000000000000000e+00 5.357142857142856845e-02 0.000000000000000000e+00 0.000000000000000000e+00 1.785714285714285615e-02 0.000000000000000000e+00 0.000000000000000000e+00 0.000000000000000000e+00 1.000000000000000000e+00 0.000000000000000000e+00 1.339285714285714211e-02 0.000000000000000000e+00 2.678571428571428423e-02 0.000000000000000000e+00 0.000000000000000000e+00
3.333333333333333148e-01 0.000000000000000000e+00 0.000000000000000000e+00 3.333333333333333148e-01 0.000000000000000000e+00 0.000000000000000000e+00 0.000000000000000000e+00 0.000000000000000000e+00 0.000000000000000000e+00 0.000000000000000000e+00 0.000000000000000000e+00 0.000000000000000000e+00 0.000000000000000000e+00 0.000000000000000000e+00 1.000000000000000000e+00 0.000000000000000000e+00 6.666666666666666297e-01 0.000000000000000000e+00
0.000000000000000000e+00 0.000000000000000000e+00 0.000000000000000000e+00 0.000000000000000000e+00 0.000000000000000000e+00 0.000000000000000000e+00 0.000000000000000000e+00 0.000000000000000000e+00 0.000000000000000000e+00 0.000000000000000000e+00 0.000000000000000000e+00 0.000000000000000000e+00 0.000000000000000000e+00 0.000000000000000000e+00 0.000000000000000000e+00 0.000000000000000000e+00 0.000000000000000000e+00 1.000000000000000000e+00
0.000000000000000000e+00 0.000000000000000000e+00 0.000000000000000000e+00 0.000000000000000000e+00 0.000000000000000000e+00 0.000000000000000000e+00 9.677419354838709409e-02 0.000000000000000000e+00 1.889400921658986043e-01 0.000000000000000000e+00 0.000000000000000000e+00 1.843317972350230413e-02 1.000000000000000000e+00 4.608294930875576033e-03 0.000000000000000000e+00 1.382488479262672897e-02 3.271889400921659252e-01 0.000000000000000000e+00
0.000000000000000000e+00 0.000000000000000000e+00 4.733727810650887637e-03 0.000000000000000000e+00 1.183431952662721909e-03 2.603550295857988070e-02 6.639053254437869978e-01 0.000000000000000000e+00 1.538461538461538547e-02 0.000000000000000000e+00 0.000000000000000000e+00 1.420118343195266204e-02 1.000000000000000000e+00 0.000000000000000000e+00 0.000000000000000000e+00 0.000000000000000000e+00 1.183431952662721866e-02 0.000000000000000000e+00
0.000000000000000000e+00 0.000000000000000000e+00 2.999999999999999889e-02 0.000000000000000000e+00 0.000000000000000000e+00 0.000000000000000000e+00 0.000000000000000000e+00 0.000000000000000000e+00 0.000000000000000000e+00 0.000000000000000000e+00 0.000000000000000000e+00 1.000000000000000000e+00 0.000000000000000000e+00 1.199999999999999956e-01 0.000000000000000000e+00 3.400000000000000244e-01 0.000000000000000000e+00 0.000000000000000000e+00
0.000000000000000000e+00 0.000000000000000000e+00 0.000000000000000000e+00 0.000000000000000000e+00 0.000000000000000000e+00 2.229299363057324693e-02 6.369426751592356661e-02 3.184713375796178504e-03 0.000000000000000000e+00 0.000000000000000000e+00 0.000000000000000000e+00 1.592356687898089165e-02 1.000000000000000000e+00 0.000000000000000000e+00 0.000000000000000000e+00 0.000000000000000000e+00 0.000000000000000000e+00 0.000000000000000000e+00
0.000000000000000000e+00 0.000000000000000000e+00 0.000000000000000000e+00 0.000000000000000000e+00 0.000000000000000000e+00 1.470588235294117627e-02 4.411764705882353227e-02 0.000000000000000000e+00 0.000000000000000000e+00 6.323529411764705621e-01 2.941176470588235253e-02 0.000000000000000000e+00 2.205882352941176405e-01 0.000000000000000000e+00 1.000000000000000000e+00 0.000000000000000000e+00 0.000000000000000000e+00 0.000000000000000000e+00
0.000000000000000000e+00 0.000000000000000000e+00 0.000000000000000000e+00 7.142857142857143016e-01 0.000000000000000000e+00 0.000000000000000000e+00 0.000000000000000000e+00 0.000000000000000000e+00 0.000000000000000000e+00 0.000000000000000000e+00 0.000000000000000000e+00 0.000000000000000000e+00 5.714285714285713969e-01 0.000000000000000000e+00 1.000000000000000000e+00 0.000000000000000000e+00 0.000000000000000000e+00 0.000000000000000000e+00
0.000000000000000000e+00 0.000000000000000000e+00 1.000000000000000000e+00 0.000000000000000000e+00 5.393258426966291985e-01 0.000000000000000000e+00 0.000000000000000000e+00 2.921348314606741492e-01 0.000000000000000000e+00 0.000000000000000000e+00 0.000000000000000000e+00 0.000000000000000000e+00 0.000000000000000000e+00 2.516853932584269815e-01 0.000000000000000000e+00 2.134831460674157244e-01 0.000000000000000000e+00 0.000000000000000000e+00
0.000000000000000000e+00 0.000000000000000000e+00 2.738095238095238082e-02 0.000000000000000000e+00 0.000000000000000000e+00 3.833333333333333592e-01 1.000000000000000000e+00 7.142857142857142634e-03 2.559523809523809312e-01 0.000000000000000000e+00 0.000000000000000000e+00 2.476190476190476275e-01 0.000000000000000000e+00 2.380952380952381167e-03 0.000000000000000000e+00 1.190476190476190584e-03 2.238095238095238193e-01 0.000000000000000000e+00
0.000000000000000000e+00 0.000000000000000000e+00 5.844155844155844021e-02 0.000000000000000000e+00 6.493506493506492894e-02 0.000000000000000000e+00 0.000000000000000000e+00 1.948051948051948007e-02 0.000000000000000000e+00 0.000000000000000000e+00 0.000000000000000000e+00 1.000000000000000000e+00 0.000000000000000000e+00 0.000000000000000000e+00 0.000000000000000000e+00 6.493506493506493935e-03 0.000000000000000000e+00 0.000000000000000000e+00
9.389671361502347630e-03 0.000000000000000000e+00 0.000000000000000000e+00 4.694835680751173815e-03 0.000000000000000000e+00 2.347417840375586734e-02 4.694835680751173468e-02 0.000000000000000000e+00 0.000000000000000000e+00 3.145539906103286265e-01 4.694835680751173468e-02 0.000000000000000000e+00 1.000000000000000000e+00 0.000000000000000000e+00 0.000000000000000000e+00 0.000000000000000000e+00 0.000000000000000000e+00 0.000000000000000000e+00
0.000000000000000000e+00 0.000000000000000000e+00 1.573033707865168496e-01 0.000000000000000000e+00 0.000000000000000000e+00 0.000000000000000000e+00 0.000000000000000000e+00 0.000000000000000000e+00 0.000000000000000000e+00 0.000000000000000000e+00 0.000000000000000000e+00 1.000000000000000000e+00 0.000000000000000000e+00 4.831460674157303514e-01 0.000000000000000000e+00 6.179775280898875955e-01 0.000000000000000000e+00 0.000000000000000000e+00
0.000000000000000000e+00 0.000000000000000000e+00 0.000000000000000000e+00 0.000000000000000000e+00 0.000000000000000000e+00 0.000000000000000000e+00 6.145251396648044456e-02 0.000000000000000000e+00 4.357541899441340627e-01 0.000000000000000000e+00 0.000000000000000000e+00 1.117318435754189980e-02 1.000000000000000000e+00 5.586592178770949900e-03 0.000000000000000000e+00 0.000000000000000000e+00 5.139664804469273873e-01 0.000000000000000000e+00
0.000000000000000000e+00 0.000000000000000000e+00 0.000000000000000000e+00 0.000000000000000000e+00 0.000000000000000000e+00 4.385964912280701511e-03 8.771929824561403022e-03 4.385964912280701511e-03 0.000000000000000000e+00 9.649122807017543324e-02 1.754385964912280604e-02 0.000000000000000000e+00 7.456140350877192569e-02 0.000000000000000000e+00 1.000000000000000000e+00 0.000000000000000000e+00 0.000000000000000000e+00 0.000000000000000000e+00
