0.000000000000000000e+00 0.000000000000000000e+00 0.000000000000000000e+00 1.149425287356321823e-02 0.000000000000000000e+00 9.195402298850574585e-02 0.000000000000000000e+00 9.310344827586206629e-01 1.000000000000000000e+00 0.000000000000000000e+00 1.034482758620689641e-01
0.000000000000000000e+00 5.722021660649819763e-01 5.776173285198556162e-02 0.000000000000000000e+00 0.000000000000000000e+00 0.000000000000000000e+00 1.000000000000000000e+00 0.000000000000000000e+00 0.000000000000000000e+00 0.000000000000000000e+00 0.000000000000000000e+00
1.000000000000000000e+00 1.075268817204301161e-02 0.000000000000000000e+00 0.000000000000000000e+00 0.000000000000000000e+00 0.000000000000000000e+00 1.129032258064516098e-01 0.000000000000000000e+00 0.000000000000000000e+00 6.290322580645161255e-01 0.000000000000000000e+00
0.000000000000000000e+00 7.438016528925620041e-02 8.264462809917355601e-03 0.000000000000000000e+00 0.000000000000000000e+00 0.000000000000000000e+00 5.785123966942148366e-01 1.000000000000000000e+00 0.000000000000000000e+00 0.000000000000000000e+00 1.157024793388429784e-01
0.000000000000000000e+00 0.000000000000000000e+00 0.000000000000000000e+00 0.000000000000000000e+00 0.000000000000000000e+00 0.000000000000000000e+00 0.000000000000000000e+00 0.000000000000000000e+00 0.000000000000000000e+00 0.000000000000000000e+00 0.000000000000000000e+00
0.000000000000000000e+00 0.000000000000000000e+00 0.000000000000000000e+00 0.000000000000000000e+00 0.000000000000000000e+00 5.999999999999999778e-01 0.000000000000000000e+00 2.999999999999999889e-01 1.000000000000000000e+00 0.000000000000000000e+00 4.000000000000000222e-01
0.000000000000000000e+00 1.000000000000000000e+00 5.197132616487455392e-01 0.000000000000000000e+00 0.000000000000000000e+00 0.000000000000000000e+00 0.000000000000000000e+00 0.000000000000000000e+00 0.000000000000000000e+00 0.000000000000000000e+00 0.000000000000000000e+00
0.000000000000000000e+00 9.643201542912246960e-03 3.857280617164898871e-03 1.861137897782063622e-01 0.000000000000000000e+00 0.000000000000000000e+00 1.832208293153326784e-01 0.000000000000000000e+00 0.000000000000000000e+00 0.000000000000000000e+00 1.000000000000000000e+00
0.000000000000000000e+00 0.000000000000000000e+00 0.000000000000000000e+00 0.000000000000000000e+00 0.000000000000000000e+00 1.058823529411764691e-01 0.000000000000000000e+00 1.000000000000000000e+00 0.000000000000000000e+00 0.000000000000000000e+00 3.529411764705882304e-02
0.000000000000000000e+00 0.000000000000000000e+00 0.000000000000000000e+00 0.000000000000000000e+00 0.000000000000000000e+00 0.000000000000000000e+00 0.000000000000000000e+00 1.000000000000000000e+00 0.000000000000000000e+00 0.000000000000000000e+00 1.346153846153846090e-01
0.000000000000000000e+00 6.730769230769231143e-03 0.000000000000000000e+00 2.019230769230769343e-02 0.000000000000000000e+00 0.000000000000000000e+00 1.250000000000000069e-02 1.000000000000000000e+00 0.000000000000000000e+00 0.000000000000000000e+00 5.990384615384615197e-01
