1.000000000000000000e+00 0.000000000000000000e+00 0.000000000000000000e+00 2.341920374707259951e-03 0.000000000000000000e+00 0.000000000000000000e+00 2.341920374707259951e-03 4.918032786885245811e-02 2.341920374707259951e-03 6.135831381733021228e-01 0.000000000000000000e+00 0.000000000000000000e+00 2.341920374707259951e-03 4.566744730679156983e-01 1.405152224824355971e-02 0.000000000000000000e+00 9.367681498829039805e-03 0.000000000000000000e+00 0.000000000000000000e+00
0.000000000000000000e+00 6.060606060606060601e-03 0.000000000000000000e+00 0.000000000000000000e+00 0.000000000000000000e+00 0.000000000000000000e+00 3.030303030303030387e-02 1.212121212121212120e-02 0.000000000000000000e+00 0.000000000000000000e+00 9.090909090909091161e-02 1.696969696969697072e-01 0.000000000000000000e+00 1.696969696969697072e-01 0.000000000000000000e+00 1.000000000000000000e+00 0.000000000000000000e+00 0.000000000000000000e+00 0.000000000000000000e+00
0.000000000000000000e+00 0.000000000000000000e+00 0.000000000000000000e+00 0.000000000000000000e+00 0.000000000000000000e+00 0.000000000000000000e+00 0.000000000000000000e+00 0.000000000000000000e+00 0.000000000000000000e+00 0.000000000000000000e+00 0.000000000000000000e+00 0.000000000000000000e+00 0.000000000000000000e+00 0.000000000000000000e+00 0.000000000000000000e+00 0.000000000000000000e+00 0.000000000000000000e+00 0.000000000000000000e+00 0.000000000000000000e+00
0.000000000000000000e+00 0.000000000000000000e+00 0.000000000000000000e+00 3.245033112582781376e-01 0.000000000000000000e+00 1.390728476821191939e-01 0.000000000000000000e+00 0.000000000000000000e+00 0.000000000000000000e+00 0.000000000000000000e+00 0.000000000000000000e+00 0.000000000000000000e+00 1.000000000000000000e+00 0.000000000000000000e+00 3.311258278145695622e-02 0.000000000000000000e+00 4.635761589403973593e-02 5.960264900662251564e-02 0.000000000000000000e+00
3.114186851211072499e-02 4.775086505190311303e-01 0.000000000000000000e+00 0.000000000000000000e+00 1.000000000000000000e+00 0.000000000000000000e+00 0.000000000000000000e+00 3.460207612456747510e-03 0.000000000000000000e+00 4.152249134948096665e-02 3.114186851211072499e-02 3.460207612456747510e-03 0.000000000000000000e+00 1.730103806228373842e-02 0.000000000000000000e+00 4.705882352941176405e-01 0.000000000000000000e+00 0.000000000000000000e+00 0.000000000000000000e+00
0.000000000000000000e+00 0.000000000000000000e+00 0.000000000000000000e+00 0.000000000000000000e+00 0.000000000000000000e+00 0.000000000000000000e+00 0.000000000000000000e+00 0.000000000000000000e+00 0.000000000000000000e+00 0.000000000000000000e+00 0.000000000000000000e+00 0.000000000000000000e+00 4.290429042904290308e-02 0.000000000000000000e+00 0.000000000000000000e+00 0.000000000000000000e+00 0.000000000000000000e+00 1.320132013201320148e-02 1.000000000000000000e+00
1.000000000000000000e+00 0.000000000000000000e+00 0.000000000000000000e+00 0.000000000000000000e+00 0.000000000000000000e+00 0.000000000000000000e+00 0.000000000000000000e+00 2.325581395348837177e-02 0.000000000000000000e+00 1.550387596899224785e-01 0.000000000000000000e+00 0.000000000000000000e+00 3.875968992248061962e-03 4.457364341085271464e-01 3.875968992248061962e-03 0.000000000000000000e+00 3.875968992248061962e-03 0.000000000000000000e+00 0.000000000000000000e+00
9.661835748792270417e-02 0.000000000000000000e+00 0.000000000000000000e+00 4.830917874396135035e-03 0.000000000000000000e+00 0.000000000000000000e+00 1.304347826086956486e-01 4.637681159420289911e-01 9.178743961352657521e-02 5.314009661835748799e-02 0.000000000000000000e+00 0.000000000000000000e+00 3.381642512077294438e-02 1.000000000000000000e+00 0.000000000000000000e+00 0.000000000000000000e+00 0.000000000000000000e+00 0.000000000000000000e+00 0.000000000000000000e+00
0.000000000000000000e+00 0.000000000000000000e+00 0.000000000000000000e+00 1.009174311926605561e-01 0.000000000000000000e+00 0.000000000000000000e+00 1.100917431192660612e-01 8.256880733944954587e-02 0.000000000000000000e+00 0.000000000000000000e+00 0.000000000000000000e+00 0.000000000000000000e+00 6.055045871559633364e-01 1.000000000000000000e+00 0.000000000000000000e+00 0.000000000000000000e+00 0.000000000000000000e+00 5.504587155963303058e-02 0.000000000000000000e+00
0.000000000000000000e+00 0.000000000000000000e+00 0.000000000000000000e+00 5.698005698005698290e-03 0.000000000000000000e+00 2.849002849002849145e-03 1.054131054131054179e-01 7.122507122507122646e-02 4.843304843304842983e-02 0.000000000000000000e+00 0.000000000000000000e+00 0.000000000000000000e+00 3.988603988603988543e-02 1.000000000000000000e+00 0.000000000000000000e+00 0.000000000000000000e+00 0.000000000000000000e+00 0.000000000000000000e+00 0.000000000000000000e+00
0.000000000000000000e+00 4.761904761904761640e-02 0.000000000000000000e+00 0.000000000000000000e+00 6.802721088435374763e-02 0.000000000000000000e+00 2.721088435374149558e-02 6.802721088435373896e-03 0.000000000000000000e+00 0.000000000000000000e+00 4.421768707482993110e-01 9.523809523809523281e-02 0.000000000000000000e+00 7.482993197278911546e-02 0.000000000000000000e+00 1.000000000000000000e+00 0.000000000000000000e+00 0.000000000000000000e+00 0.000000000000000000e+00
1.898734177215189931e-02 1.645569620253164445e-01 0.000000000000000000e+00 0.000000000000000000e+00 1.000000000000000000e+00 0.000000000000000000e+00 0.000000000000000000e+00 0.000000000000000000e+00 0.000000000000000000e+00 1.265822784810126563e-02 2.531645569620253125e-02 0.000000000000000000e+00 0.000000000000000000e+00 5.063291139240506250e-02 0.000000000000000000e+00 6.012658227848101111e-01 0.000000000000000000e+00 0.000000000000000000e+00 0.000000000000000000e+00
0.000000000000000000e+00 0.000000000000000000e+00 0.000000000000000000e+00 5.370370370370370905e-01 0.000000000000000000e+00 1.000000000000000000e+00 0.000000000000000000e+00 0.000000000000000000e+00 0.000000000000000000e+00 0.000000000000000000e+00 0.000000000000000000e+00 0.000000000000000000e+00 0.000000000000000000e+00 0.000000000000000000e+00 2.666666666666666630e-01 0.000000000000000000e+00 4.037037037037037313e-01 5.814814814814814881e-01 0.000000000000000000e+00
6.302250803858521211e-01 0.000000000000000000e+00 0.000000000000000000e+00 2.893890675241157437e-02 0.000000000000000000e+00 9.646302250803859279e-03 1.000000000000000000e+00 6.945337620578778681e-01 5.659163987138263741e-01 3.665594855305466249e-01 0.000000000000000000e+00 0.000000000000000000e+00 4.437299035369774991e-01 0.000000000000000000e+00 9.646302250803859279e-03 0.000000000000000000e+00 1.929260450160771856e-02 7.073954983922829676e-02 0.000000000000000000e+00
0.000000000000000000e+00 0.000000000000000000e+00 0.000000000000000000e+00 7.329842931937172179e-02 0.000000000000000000e+00 1.361256544502617849e-01 0.000000000000000000e+00 0.000000000000000000e+00 0.000000000000000000e+00 0.000000000000000000e+00 0.000000000000000000e+00 0.000000000000000000e+00 1.000000000000000000e+00 0.000000000000000000e+00 0.000000000000000000e+00 0.000000000000000000e+00 0.000000000000000000e+00 1.413612565445026281e-01 0.000000000000000000e+00
2.654867256637168105e-02 3.185840707964601726e-01 0.000000000000000000e+00 0.000000000000000000e+00 6.327433628318583914e-01 0.000000000000000000e+00 1.106194690265486780e-01 4.867256637168141525e-02 0.000000000000000000e+00 2.654867256637168105e-02 6.504424778761062065e-01 1.000000000000000000e+00 0.000000000000000000e+00 7.300884955752212635e-01 0.000000000000000000e+00 0.000000000000000000e+00 0.000000000000000000e+00 0.000000000000000000e+00 0.000000000000000000e+00
0.000000000000000000e+00 0.000000000000000000e+00 0.000000000000000000e+00 3.065134099616858079e-02 0.000000000000000000e+00 0.000000000000000000e+00 0.000000000000000000e+00 0.000000000000000000e+00 0.000000000000000000e+00 0.000000000000000000e+00 0.000000000000000000e+00 0.000000000000000000e+00 4.291187739463601658e-01 0.000000000000000000e+00 5.747126436781608838e-01 0.000000000000000000e+00 1.000000000000000000e+00 3.831417624521072599e-03 0.000000000000000000e+00
0.000000000000000000e+00 0.000000000000000000e+00 0.000000000000000000e+00 1.388888888888888812e-02 0.000000000000000000e+00 0.000000000000000000e+00 0.000000000000000000e+00 0.000000000000000000e+00 0.000000000000000000e+00 0.000000000000000000e+00 0.000000000000000000e+00 0.000000000000000000e+00 4.097222222222222099e-01 0.000000000000000000e+00 1.458333333333333426e-01 0.000000000000000000e+00 1.000000000000000000e+00 0.000000000000000000e+00 0.000000000000000000e+00
0.000000000000000000e+00 0.000000000000000000e+00 0.000000000000000000e+00 0.000000000000000000e+00 0.000000000000000000e+00 0.000000000000000000e+00 0.000000000000000000e+00 0.000000000000000000e+00 0.000000000000000000e+00 0.000000000000000000e+00 7.364341085271318421e-02 1.046511627906976799e-01 0.000000000000000000e+00 0.000000000000000000e+00 0.000000000000000000e+00 1.000000000000000000e+00 0.000000000000000000e+00 0.000000000000000000e+00 0.000000000000000000e+00
