9.072847682119205004e-01 0.000000000000000000e+00 0.000000000000000000e+00 0.000000000000000000e+00 0.000000000000000000e+00 4.437086092715231689e-01 0.000000000000000000e+00 3.311258278145695361e-03 1.000000000000000000e+00 0.000000000000000000e+00 0.000000000000000000e+00 0.000000000000000000e+00 3.311258278145695361e-03 0.000000000000000000e+00 1.125827814569536484e-01
0.000000000000000000e+00 6.614173228346457156e-01 6.299212598425196763e-02 0.000000000000000000e+00 0.000000000000000000e+00 0.000000000000000000e+00 0.000000000000000000e+00 1.000000000000000000e+00 0.000000000000000000e+00 0.000000000000000000e+00 2.047244094488188948e-02 1.574803149606299191e-03 3.779527559055118058e-02 2.677165354330708624e-02 0.000000000000000000e+00
0.000000000000000000e+00 2.640264026402640296e-02 1.320132013201320148e-02 0.000000000000000000e+00 0.000000000000000000e+00 0.000000000000000000e+00 0.000000000000000000e+00 3.201320132013201203e-01 0.000000000000000000e+00 1.000000000000000000e+00 0.000000000000000000e+00 0.000000000000000000e+00 0.000000000000000000e+00 1.980198019801980222e-02 0.000000000000000000e+00
7.643678160919540332e-01 0.000000000000000000e+00 0.000000000000000000e+00 0.000000000000000000e+00 0.000000000000000000e+00 1.494252873563218509e-01 0.000000000000000000e+00 5.747126436781609116e-03 1.000000000000000000e+00 0.000000000000000000e+00 0.000000000000000000e+00 0.000000000000000000e+00 1.149425287356321823e-02 0.000000000000000000e+00 1.264367816091954144e-01
0.000000000000000000e+00 1.132075471698113234e-01 0.000000000000000000e+00 0.000000000000000000e+00 1.886792452830188607e-02 0.000000000000000000e+00 0.000000000000000000e+00 1.000000000000000000e+00 9.433962264150944077e-02 0.000000000000000000e+00 0.000000000000000000e+00 0.000000000000000000e+00 0.000000000000000000e+00 4.716981132075472039e-02 1.886792452830188607e-02
0.000000000000000000e+00 3.367003367003366856e-03 3.367003367003366856e-03 5.050505050505050414e-02 1.010101010101010187e-02 0.000000000000000000e+00 0.000000000000000000e+00 1.346801346801346742e-02 1.000000000000000000e+00 0.000000000000000000e+00 0.000000000000000000e+00 0.000000000000000000e+00 0.000000000000000000e+00 0.000000000000000000e+00 8.417508417508418050e-02
0.000000000000000000e+00 0.000000000000000000e+00 0.000000000000000000e+00 0.000000000000000000e+00 0.000000000000000000e+00 0.000000000000000000e+00 0.000000000000000000e+00 0.000000000000000000e+00 0.000000000000000000e+00 0.000000000000000000e+00 0.000000000000000000e+00 0.000000000000000000e+00 0.000000000000000000e+00 0.000000000000000000e+00 0.000000000000000000e+00
0.000000000000000000e+00 1.000000000000000000e+00 5.255813953488371881e-01 0.000000000000000000e+00 0.000000000000000000e+00 0.000000000000000000e+00 0.000000000000000000e+00 0.000000000000000000e+00 0.000000000000000000e+00 0.000000000000000000e+00 2.201550387596899194e-01 1.085271317829457349e-02 3.550387596899224896e-01 3.395348837209302140e-01 0.000000000000000000e+00
3.832709113607989937e-01 9.987515605493133691e-03 8.739076154806492414e-03 3.845193508114856384e-01 1.460674157303370746e-01 2.109862671660424349e-01 0.000000000000000000e+00 1.685393258426966245e-01 0.000000000000000000e+00 7.490636704119850268e-03 2.496878901373283423e-03 0.000000000000000000e+00 0.000000000000000000e+00 1.123595505617977497e-02 1.000000000000000000e+00
3.921568627450980338e-03 0.000000000000000000e+00 0.000000000000000000e+00 2.745098039215686236e-02 1.960784313725490169e-02 0.000000000000000000e+00 0.000000000000000000e+00 0.000000000000000000e+00 1.000000000000000000e+00 0.000000000000000000e+00 0.000000000000000000e+00 0.000000000000000000e+00 0.000000000000000000e+00 0.000000000000000000e+00 1.647058823529411742e-01
0.000000000000000000e+00 7.234042553191488700e-02 8.510638297872340219e-02 0.000000000000000000e+00 0.000000000000000000e+00 0.000000000000000000e+00 0.000000000000000000e+00 1.000000000000000000e+00 0.000000000000000000e+00 0.000000000000000000e+00 0.000000000000000000e+00 4.255319148936170283e-03 0.000000000000000000e+00 2.978723404255319285e-02 0.000000000000000000e+00
0.000000000000000000e+00 0.000000000000000000e+00 1.000000000000000000e+00 0.000000000000000000e+00 0.000000000000000000e+00 0.000000000000000000e+00 0.000000000000000000e+00 2.857142857142856984e-01 0.000000000000000000e+00 0.000000000000000000e+00 1.428571428571428492e-01 0.000000000000000000e+00 0.000000000000000000e+00 0.000000000000000000e+00 0.000000000000000000e+00
0.000000000000000000e+00 9.465020576131687180e-02 0.000000000000000000e+00 0.000000000000000000e+00 0.000000000000000000e+00 0.000000000000000000e+00 0.000000000000000000e+00 9.547325102880658276e-01 0.000000000000000000e+00 0.000000000000000000e+00 4.074074074074073848e-01 0.000000000000000000e+00 1.000000000000000000e+00 0.000000000000000000e+00 0.000000000000000000e+00
0.000000000000000000e+00 1.015625000000000000e-01 0.000000000000000000e+00 0.000000000000000000e+00 0.000000000000000000e+00 0.000000000000000000e+00 0.000000000000000000e+00 1.000000000000000000e+00 0.000000000000000000e+00 0.000000000000000000e+00 1.796875000000000000e-01 7.812500000000000000e-03 7.656250000000000000e-01 0.000000000000000000e+00 0.000000000000000000e+00
3.730445246690734101e-02 3.610108303249097601e-03 1.203369434416365867e-03 3.369434416365824081e-02 1.203369434416365867e-02 2.045728038507822061e-02 0.000000000000000000e+00 6.016847172081829336e-03 1.000000000000000000e+00 0.000000000000000000e+00 0.000000000000000000e+00 0.000000000000000000e+00 0.000000000000000000e+00 0.000000000000000000e+00 6.474127557160047619e-01
