0.000000000000000000e+00 0.000000000000000000e+00 0.000000000000000000e+00 5.847953216374268681e-03 0.000000000000000000e+00 8.771929824561403022e-02 0.000000000000000000e+00 6.374269005847953418e-01 1.000000000000000000e+00 4.678362573099414945e-02
0.000000000000000000e+00 3.478260869565217295e-01 1.304347826086956486e-01 0.000000000000000000e+00 0.000000000000000000e+00 0.000000000000000000e+00 1.000000000000000000e+00 0.000000000000000000e+00 0.000000000000000000e+00 0.000000000000000000e+00
1.000000000000000000e+00 0.000000000000000000e+00 0.000000000000000000e+00 0.000000000000000000e+00 0.000000000000000000e+00 0.000000000000000000e+00 3.300330033003300023e-02 0.000000000000000000e+00 0.000000000000000000e+00 0.000000000000000000e+00
0.000000000000000000e+00 5.128205128205128027e-02 0.000000000000000000e+00 0.000000000000000000e+00 0.000000000000000000e+00 0.000000000000000000e+00 7.777777777777777901e-01 1.000000000000000000e+00 0.000000000000000000e+00 1.111111111111111049e-01
0.000000000000000000e+00 0.000000000000000000e+00 0.000000000000000000e+00 0.000000000000000000e+00 0.000000000000000000e+00 0.000000000000000000e+00 0.000000000000000000e+00 0.000000000000000000e+00 0.000000000000000000e+00 0.000000000000000000e+00
0.000000000000000000e+00 0.000000000000000000e+00 0.000000000000000000e+00 0.000000000000000000e+00 0.000000000000000000e+00 3.125000000000000000e-01 0.000000000000000000e+00 7.500000000000000000e-01 1.000000000000000000e+00 1.250000000000000000e-01
0.000000000000000000e+00 6.480836236933797956e-01 1.000000000000000000e+00 0.000000000000000000e+00 0.000000000000000000e+00 0.000000000000000000e+00 0.000000000000000000e+00 0.000000000000000000e+00 0.000000000000000000e+00 0.000000000000000000e+00
0.000000000000000000e+00 3.722084367245657305e-02 7.444168734491315130e-03 5.111662531017370226e-01 0.000000000000000000e+00 0.000000000000000000e+00 4.317617866004963001e-01 0.000000000000000000e+00 0.000000000000000000e+00 1.000000000000000000e+00
0.000000000000000000e+00 0.000000000000000000e+00 0.000000000000000000e+00 0.000000000000000000e+00 0.000000000000000000e+00 9.036144578313252962e-02 0.000000000000000000e+00 1.000000000000000000e+00 0.000000000000000000e+00 3.614457831325301046e-02
0.000000000000000000e+00 2.518891687657430663e-03 0.000000000000000000e+00 5.037783375314861672e-02 0.000000000000000000e+00 0.000000000000000000e+00 3.526448362720403101e-02 1.000000000000000000e+00 0.000000000000000000e+00 3.551637279596977503e-01
