0.000000000000000000e+00 0.000000000000000000e+00 0.000000000000000000e+00 0.000000000000000000e+00 0.000000000000000000e+00 0.000000000000000000e+00 1.000000000000000000e+00 0.000000000000000000e+00 0.000000000000000000e+00 0.000000000000000000e+00
0.000000000000000000e+00 8.289205702647657326e-01 4.073319755600814801e-02 0.000000000000000000e+00 0.000000000000000000e+00 1.000000000000000000e+00 0.000000000000000000e+00 4.073319755600814281e-03 0.000000000000000000e+00 0.000000000000000000e+00
2.711864406779660938e-02 4.745762711864406902e-02 3.050847457627118772e-02 0.000000000000000000e+00 0.000000000000000000e+00 3.220338983050847204e-01 0.000000000000000000e+00 1.355932203389830469e-02 1.000000000000000000e+00 0.000000000000000000e+00
0.000000000000000000e+00 1.016949152542372947e-01 0.000000000000000000e+00 0.000000000000000000e+00 0.000000000000000000e+00 1.000000000000000000e+00 6.779661016949152241e-01 8.474576271186440649e-03 1.694915254237288130e-02 7.627118644067797104e-02
0.000000000000000000e+00 0.000000000000000000e+00 0.000000000000000000e+00 0.000000000000000000e+00 0.000000000000000000e+00 0.000000000000000000e+00 0.000000000000000000e+00 0.000000000000000000e+00 0.000000000000000000e+00 0.000000000000000000e+00
0.000000000000000000e+00 1.000000000000000000e+00 3.481781376518218729e-01 0.000000000000000000e+00 0.000000000000000000e+00 0.000000000000000000e+00 0.000000000000000000e+00 3.947368421052631360e-02 0.000000000000000000e+00 0.000000000000000000e+00
0.000000000000000000e+00 6.369426751592357008e-03 4.246284501061571050e-03 1.196036801132342592e-01 0.000000000000000000e+00 1.047416843595187497e-01 0.000000000000000000e+00 7.077140835102618778e-04 2.901627742392073536e-02 1.000000000000000000e+00
0.000000000000000000e+00 8.000000000000000167e-02 1.000000000000000000e+00 0.000000000000000000e+00 0.000000000000000000e+00 8.800000000000000044e-01 0.000000000000000000e+00 0.000000000000000000e+00 0.000000000000000000e+00 0.000000000000000000e+00
0.000000000000000000e+00 0.000000000000000000e+00 3.703703703703703845e-03 1.037037037037037007e-01 0.000000000000000000e+00 0.000000000000000000e+00 1.000000000000000000e+00 0.000000000000000000e+00 7.407407407407407690e-03 1.814814814814814936e-01
0.000000000000000000e+00 6.997900629811056213e-04 6.997900629811056213e-04 1.749475157452764010e-02 0.000000000000000000e+00 4.198740377886633728e-03 1.000000000000000000e+00 0.000000000000000000e+00 6.298110566829951025e-03 7.228831350594822069e-01
