6.315789473684210176e-01 0.000000000000000000e+00 0.000000000000000000e+00 0.000000000000000000e+00 0.000000000000000000e+00 0.000000000000000000e+00 1.710526315789473728e-01 0.000000000000000000e+00 1.315789473684210453e-02 1.000000000000000000e+00 1.315789473684210453e-02 0.000000000000000000e+00 0.000000000000000000e+00 0.000000000000000000e+00 1.710526315789473728e-01
0.000000000000000000e+00 7.107623318385650757e-01 3.587443946188340754e-02 0.000000000000000000e+00 1.494768310911808720e-03 0.000000000000000000e+00 0.000000000000000000e+00 0.000000000000000000e+00 1.000000000000000000e+00 0.000000000000000000e+00 4.484304932735425943e-03 3.736920777279521474e-03 5.231689088191330411e-03 0.000000000000000000e+00 0.000000000000000000e+00
0.000000000000000000e+00 1.650165016501650012e-02 3.300330033003300023e-02 0.000000000000000000e+00 3.300330033003300370e-03 0.000000000000000000e+00 0.000000000000000000e+00 0.000000000000000000e+00 2.574257425742574323e-01 0.000000000000000000e+00 0.000000000000000000e+00 0.000000000000000000e+00 0.000000000000000000e+00 1.000000000000000000e+00 0.000000000000000000e+00
6.896551724137931494e-01 0.000000000000000000e+00 0.000000000000000000e+00 0.000000000000000000e+00 0.000000000000000000e+00 0.000000000000000000e+00 6.896551724137930939e-02 0.000000000000000000e+00 0.000000000000000000e+00 1.000000000000000000e+00 0.000000000000000000e+00 0.000000000000000000e+00 0.000000000000000000e+00 0.000000000000000000e+00 1.034482758620689641e-01
0.000000000000000000e+00 1.000000000000000056e-01 0.000000000000000000e+00 0.000000000000000000e+00 0.000000000000000000e+00 0.000000000000000000e+00 0.000000000000000000e+00 0.000000000000000000e+00 1.000000000000000000e+00 0.000000000000000000e+00 1.333333333333333315e-01 0.000000000000000000e+00 9.000000000000000222e-01 0.000000000000000000e+00 0.000000000000000000e+00
0.000000000000000000e+00 0.000000000000000000e+00 0.000000000000000000e+00 0.000000000000000000e+00 0.000000000000000000e+00 0.000000000000000000e+00 0.000000000000000000e+00 0.000000000000000000e+00 1.025641025641025605e-01 1.000000000000000000e+00 0.000000000000000000e+00 0.000000000000000000e+00 0.000000000000000000e+00 0.000000000000000000e+00 1.282051282051281937e-01
0.000000000000000000e+00 0.000000000000000000e+00 0.000000000000000000e+00 0.000000000000000000e+00 0.000000000000000000e+00 0.000000000000000000e+00 0.000000000000000000e+00 0.000000000000000000e+00 8.823529411764706454e-02 1.000000000000000000e+00 0.000000000000000000e+00 0.000000000000000000e+00 0.000000000000000000e+00 5.882352941176470507e-02 2.058823529411764608e-01
0.000000000000000000e+00 0.000000000000000000e+00 0.000000000000000000e+00 0.000000000000000000e+00 0.000000000000000000e+00 0.000000000000000000e+00 0.000000000000000000e+00 0.000000000000000000e+00 0.000000000000000000e+00 0.000000000000000000e+00 0.000000000000000000e+00 0.000000000000000000e+00 0.000000000000000000e+00 0.000000000000000000e+00 0.000000000000000000e+00
0.000000000000000000e+00 1.000000000000000000e+00 2.270029673590504560e-01 0.000000000000000000e+00 4.302670623145400663e-02 0.000000000000000000e+00 0.000000000000000000e+00 0.000000000000000000e+00 0.000000000000000000e+00 0.000000000000000000e+00 2.967359050445103966e-02 6.305637982195845537e-02 4.451038575667656122e-02 0.000000000000000000e+00 0.000000000000000000e+00
6.434316353887399587e-02 1.519213583556747009e-02 0.000000000000000000e+00 4.289544235924933058e-02 2.680965147453083161e-03 2.234137622877569243e-02 2.055406613047363815e-02 0.000000000000000000e+00 2.198391420911528227e-01 0.000000000000000000e+00 0.000000000000000000e+00 8.936550491510276842e-04 8.936550491510276842e-04 3.574620196604110650e-02 1.000000000000000000e+00
0.000000000000000000e+00 4.545454545454545581e-02 4.545454545454545581e-02 0.000000000000000000e+00 0.000000000000000000e+00 0.000000000000000000e+00 0.000000000000000000e+00 0.000000000000000000e+00 1.000000000000000000e+00 0.000000000000000000e+00 0.000000000000000000e+00 0.000000000000000000e+00 0.000000000000000000e+00 0.000000000000000000e+00 0.000000000000000000e+00
0.000000000000000000e+00 1.764705882352941291e-01 6.078431372549019107e-01 0.000000000000000000e+00 0.000000000000000000e+00 0.000000000000000000e+00 0.000000000000000000e+00 0.000000000000000000e+00 1.000000000000000000e+00 0.000000000000000000e+00 0.000000000000000000e+00 1.960784313725490169e-02 0.000000000000000000e+00 0.000000000000000000e+00 0.000000000000000000e+00
0.000000000000000000e+00 1.562500000000000000e-01 0.000000000000000000e+00 0.000000000000000000e+00 0.000000000000000000e+00 0.000000000000000000e+00 0.000000000000000000e+00 0.000000000000000000e+00 1.000000000000000000e+00 0.000000000000000000e+00 3.281250000000000000e-01 0.000000000000000000e+00 7.343750000000000000e-01 0.000000000000000000e+00 0.000000000000000000e+00
0.000000000000000000e+00 3.355704697986577108e-03 0.000000000000000000e+00 6.711409395973154217e-03 0.000000000000000000e+00 7.718120805369127480e-02 0.000000000000000000e+00 0.000000000000000000e+00 0.000000000000000000e+00 1.000000000000000000e+00 0.000000000000000000e+00 0.000000000000000000e+00 0.000000000000000000e+00 1.006711409395973089e-02 9.060402684563757802e-02
1.072386058981233264e-02 8.936550491510276625e-03 0.000000000000000000e+00 3.574620196604110737e-03 0.000000000000000000e+00 0.000000000000000000e+00 7.149240393208221474e-03 0.000000000000000000e+00 1.429848078641644295e-02 1.000000000000000000e+00 0.000000000000000000e+00 0.000000000000000000e+00 0.000000000000000000e+00 4.468275245755138313e-03 7.381590705987488565e-01
