0.000000000000000000e+00 0.000000000000000000e+00 0.000000000000000000e+00 0.000000000000000000e+00 0.000000000000000000e+00 7.500000000000000000e-01 0.000000000000000000e+00 4.166666666666666435e-02 6.250000000000000000e-01 8.333333333333332871e-02 1.000000000000000000e+00 4.166666666666666435e-02 0.000000000000000000e+00 4.166666666666666435e-02
0.000000000000000000e+00 0.000000000000000000e+00 0.000000000000000000e+00 0.000000000000000000e+00 0.000000000000000000e+00 0.000000000000000000e+00 0.000000000000000000e+00 3.846153846153846367e-01 0.000000000000000000e+00 6.153846153846154188e-01 0.000000000000000000e+00 1.000000000000000000e+00 0.000000000000000000e+00 0.000000000000000000e+00
0.000000000000000000e+00 6.600660066006600740e-03 3.300330033003300370e-03 1.980198019801980222e-02 0.000000000000000000e+00 0.000000000000000000e+00 0.000000000000000000e+00 2.640264026402640019e-01 0.000000000000000000e+00 0.000000000000000000e+00 0.000000000000000000e+00 0.000000000000000000e+00 1.000000000000000000e+00 0.000000000000000000e+00
0.000000000000000000e+00 2.830188679245283084e-02 2.264150943396226467e-01 0.000000000000000000e+00 0.000000000000000000e+00 0.000000000000000000e+00 0.000000000000000000e+00 1.000000000000000000e+00 0.000000000000000000e+00 9.433962264150943036e-03 0.000000000000000000e+00 9.433962264150943036e-03 0.000000000000000000e+00 0.000000000000000000e+00
0.000000000000000000e+00 6.250000000000000000e-02 0.000000000000000000e+00 1.071428571428571369e-01 0.000000000000000000e+00 0.000000000000000000e+00 0.000000000000000000e+00 1.000000000000000000e+00 1.428571428571428492e-01 0.000000000000000000e+00 0.000000000000000000e+00 0.000000000000000000e+00 0.000000000000000000e+00 2.678571428571428423e-02
9.677419354838709409e-02 3.225806451612903136e-02 0.000000000000000000e+00 3.225806451612903136e-02 1.612903225806451568e-01 0.000000000000000000e+00 0.000000000000000000e+00 1.935483870967741882e-01 1.000000000000000000e+00 0.000000000000000000e+00 0.000000000000000000e+00 0.000000000000000000e+00 0.000000000000000000e+00 2.903225806451613100e-01
0.000000000000000000e+00 0.000000000000000000e+00 0.000000000000000000e+00 0.000000000000000000e+00 0.000000000000000000e+00 0.000000000000000000e+00 0.000000000000000000e+00 0.000000000000000000e+00 0.000000000000000000e+00 0.000000000000000000e+00 0.000000000000000000e+00 0.000000000000000000e+00 0.000000000000000000e+00 0.000000000000000000e+00
0.000000000000000000e+00 1.062499999999999972e-01 1.000000000000000000e+00 3.187499999999999778e-01 0.000000000000000000e+00 0.000000000000000000e+00 0.000000000000000000e+00 0.000000000000000000e+00 0.000000000000000000e+00 5.000000000000000278e-02 0.000000000000000000e+00 5.312499999999999861e-02 0.000000000000000000e+00 0.000000000000000000e+00
3.787878787878787845e-01 7.575757575757575968e-03 2.575757575757575690e-01 6.818181818181817677e-02 1.000000000000000000e+00 9.848484848484848064e-02 0.000000000000000000e+00 7.878787878787878451e-01 0.000000000000000000e+00 0.000000000000000000e+00 4.545454545454545581e-02 7.575757575757575968e-03 0.000000000000000000e+00 9.015151515151514916e-01
0.000000000000000000e+00 9.523809523809523281e-02 2.619047619047619180e-01 7.142857142857142461e-02 0.000000000000000000e+00 0.000000000000000000e+00 0.000000000000000000e+00 1.000000000000000000e+00 0.000000000000000000e+00 0.000000000000000000e+00 0.000000000000000000e+00 0.000000000000000000e+00 0.000000000000000000e+00 0.000000000000000000e+00
0.000000000000000000e+00 0.000000000000000000e+00 0.000000000000000000e+00 0.000000000000000000e+00 0.000000000000000000e+00 3.676470588235294379e-01 0.000000000000000000e+00 0.000000000000000000e+00 5.882352941176470507e-02 1.470588235294117627e-02 1.000000000000000000e+00 0.000000000000000000e+00 0.000000000000000000e+00 1.470588235294117627e-02
0.000000000000000000e+00 0.000000000000000000e+00 0.000000000000000000e+00 4.545454545454545581e-02 0.000000000000000000e+00 0.000000000000000000e+00 0.000000000000000000e+00 4.545454545454545303e-01 0.000000000000000000e+00 5.454545454545454142e-01 0.000000000000000000e+00 1.000000000000000000e+00 0.000000000000000000e+00 0.000000000000000000e+00
1.459854014598540098e-02 0.000000000000000000e+00 0.000000000000000000e+00 0.000000000000000000e+00 3.649635036496350245e-03 0.000000000000000000e+00 0.000000000000000000e+00 0.000000000000000000e+00 1.000000000000000000e+00 0.000000000000000000e+00 0.000000000000000000e+00 0.000000000000000000e+00 0.000000000000000000e+00 9.124087591240875872e-02
3.875968992248061962e-02 0.000000000000000000e+00 2.325581395348837177e-02 0.000000000000000000e+00 9.302325581395348708e-02 0.000000000000000000e+00 0.000000000000000000e+00 6.201550387596899139e-02 1.000000000000000000e+00 0.000000000000000000e+00 7.751937984496123923e-03 0.000000000000000000e+00 0.000000000000000000e+00 0.000000000000000000e+00
