0.000000000000000000e+00 0.000000000000000000e+00 0.000000000000000000e+00 0.000000000000000000e+00 0.000000000000000000e+00 0.000000000000000000e+00 1.851851851851851749e-02 0.000000000000000000e+00 0.000000000000000000e+00 3.703703703703703498e-02 5.555555555555555247e-02 0.000000000000000000e+00 1.481481481481481399e-01 0.000000000000000000e+00 1.000000000000000000e+00 0.000000000000000000e+00 0.000000000000000000e+00 9.259259259259258745e-03
0.000000000000000000e+00 0.000000000000000000e+00 0.000000000000000000e+00 0.000000000000000000e+00 0.000000000000000000e+00 0.000000000000000000e+00 0.000000000000000000e+00 0.000000000000000000e+00 0.000000000000000000e+00 0.000000000000000000e+00 0.000000000000000000e+00 0.000000000000000000e+00 0.000000000000000000e+00 0.000000000000000000e+00 0.000000000000000000e+00 0.000000000000000000e+00 0.000000000000000000e+00 0.000000000000000000e+00
0.000000000000000000e+00 0.000000000000000000e+00 0.000000000000000000e+00 0.000000000000000000e+00 0.000000000000000000e+00 0.000000000000000000e+00 0.000000000000000000e+00 0.000000000000000000e+00 0.000000000000000000e+00 8.433734939759035543e-02 5.622489959839357260e-02 0.000000000000000000e+00 0.000000000000000000e+00 0.000000000000000000e+00 1.000000000000000000e+00 0.000000000000000000e+00 0.000000000000000000e+00 0.000000000000000000e+00
0.000000000000000000e+00 0.000000000000000000e+00 0.000000000000000000e+00 5.000000000000000000e-01 0.000000000000000000e+00 1.696428571428571508e-01 0.000000000000000000e+00 1.785714285714285615e-02 0.000000000000000000e+00 0.000000000000000000e+00 0.000000000000000000e+00 1.000000000000000000e+00 0.000000000000000000e+00 7.142857142857142461e-02 0.000000000000000000e+00 4.464285714285714385e-02 0.000000000000000000e+00 0.000000000000000000e+00
8.813559322033898136e-01 0.000000000000000000e+00 0.000000000000000000e+00 0.000000000000000000e+00 1.000000000000000000e+00 0.000000000000000000e+00 0.000000000000000000e+00 0.000000000000000000e+00 0.000000000000000000e+00 1.694915254237288130e-02 0.000000000000000000e+00 0.000000000000000000e+00 1.694915254237288130e-02 0.000000000000000000e+00 5.423728813559322015e-01 0.000000000000000000e+00 8.474576271186440302e-02 0.000000000000000000e+00
0.000000000000000000e+00 0.000000000000000000e+00 1.000000000000000000e+00 0.000000000000000000e+00 0.000000000000000000e+00 0.000000000000000000e+00 0.000000000000000000e+00 0.000000000000000000e+00 0.000000000000000000e+00 0.000000000000000000e+00 0.000000000000000000e+00 0.000000000000000000e+00 0.000000000000000000e+00 0.000000000000000000e+00 0.000000000000000000e+00 0.000000000000000000e+00 0.000000000000000000e+00 0.000000000000000000e+00
0.000000000000000000e+00 0.000000000000000000e+00 0.000000000000000000e+00 1.724137931034482735e-02 0.000000000000000000e+00 0.000000000000000000e+00 0.000000000000000000e+00 0.000000000000000000e+00 5.172413793103448620e-01 0.000000000000000000e+00 0.000000000000000000e+00 3.448275862068965469e-02 1.000000000000000000e+00 1.724137931034482735e-02 0.000000000000000000e+00 8.620689655172413673e-03 8.620689655172413257e-01 5.172413793103448204e-02
0.000000000000000000e+00 0.000000000000000000e+00 0.000000000000000000e+00 1.250000000000000000e-01 0.000000000000000000e+00 0.000000000000000000e+00 0.000000000000000000e+00 0.000000000000000000e+00 0.000000000000000000e+00 0.000000000000000000e+00 0.000000000000000000e+00 1.000000000000000000e+00 0.000000000000000000e+00 4.500000000000000111e-01 0.000000000000000000e+00 8.000000000000000444e-01 0.000000000000000000e+00 0.000000000000000000e+00
0.000000000000000000e+00 0.000000000000000000e+00 0.000000000000000000e+00 1.282051282051282007e-02 0.000000000000000000e+00 0.000000000000000000e+00 7.692307692307692735e-02 0.000000000000000000e+00 0.000000000000000000e+00 0.000000000000000000e+00 0.000000000000000000e+00 9.829059829059828834e-02 1.000000000000000000e+00 0.000000000000000000e+00 0.000000000000000000e+00 0.000000000000000000e+00 0.000000000000000000e+00 6.410256410256409687e-02
2.189781021897810320e-02 0.000000000000000000e+00 0.000000000000000000e+00 0.000000000000000000e+00 7.299270072992700489e-03 0.000000000000000000e+00 0.000000000000000000e+00 0.000000000000000000e+00 1.459854014598540098e-02 4.306569343065693167e-01 1.021897810218978103e-01 0.000000000000000000e+00 1.167883211678832078e-01 0.000000000000000000e+00 1.000000000000000000e+00 0.000000000000000000e+00 0.000000000000000000e+00 3.649635036496350071e-02
5.538461538461538769e-01 0.000000000000000000e+00 0.000000000000000000e+00 0.000000000000000000e+00 8.153846153846153744e-01 0.000000000000000000e+00 0.000000000000000000e+00 0.000000000000000000e+00 0.000000000000000000e+00 9.230769230769231282e-02 0.000000000000000000e+00 0.000000000000000000e+00 4.615384615384615641e-02 0.000000000000000000e+00 1.000000000000000000e+00 0.000000000000000000e+00 1.538461538461538547e-02 0.000000000000000000e+00
0.000000000000000000e+00 0.000000000000000000e+00 0.000000000000000000e+00 4.578313253012047945e-01 0.000000000000000000e+00 1.000000000000000000e+00 0.000000000000000000e+00 2.650602409638554424e-01 0.000000000000000000e+00 0.000000000000000000e+00 0.000000000000000000e+00 0.000000000000000000e+00 0.000000000000000000e+00 2.008032128514056214e-01 0.000000000000000000e+00 9.236947791164658306e-02 0.000000000000000000e+00 0.000000000000000000e+00
0.000000000000000000e+00 0.000000000000000000e+00 0.000000000000000000e+00 3.891050583657587603e-02 0.000000000000000000e+00 3.891050583657587603e-03 9.494163424124513195e-01 6.614785992217898924e-02 4.435797665369649589e-01 0.000000000000000000e+00 0.000000000000000000e+00 7.470817120622568197e-01 0.000000000000000000e+00 1.556420233463035041e-02 0.000000000000000000e+00 7.782101167315175205e-03 2.996108949416342315e-01 1.000000000000000000e+00
0.000000000000000000e+00 0.000000000000000000e+00 0.000000000000000000e+00 1.086956521739130405e-01 0.000000000000000000e+00 1.630434782608695676e-01 0.000000000000000000e+00 7.608695652173913526e-02 0.000000000000000000e+00 0.000000000000000000e+00 0.000000000000000000e+00 1.000000000000000000e+00 0.000000000000000000e+00 0.000000000000000000e+00 0.000000000000000000e+00 0.000000000000000000e+00 0.000000000000000000e+00 0.000000000000000000e+00
2.190476190476190466e-01 0.000000000000000000e+00 0.000000000000000000e+00 0.000000000000000000e+00 1.761904761904762029e-01 0.000000000000000000e+00 4.761904761904761640e-02 0.000000000000000000e+00 9.523809523809524669e-03 6.952380952380952106e-01 6.190476190476190688e-01 0.000000000000000000e+00 1.000000000000000000e+00 0.000000000000000000e+00 0.000000000000000000e+00 0.000000000000000000e+00 1.428571428571428527e-02 3.333333333333333287e-02
0.000000000000000000e+00 0.000000000000000000e+00 0.000000000000000000e+00 2.380952380952380820e-02 0.000000000000000000e+00 0.000000000000000000e+00 0.000000000000000000e+00 0.000000000000000000e+00 0.000000000000000000e+00 0.000000000000000000e+00 0.000000000000000000e+00 6.190476190476190688e-01 0.000000000000000000e+00 9.285714285714286031e-01 0.000000000000000000e+00 1.000000000000000000e+00 0.000000000000000000e+00 0.000000000000000000e+00
0.000000000000000000e+00 0.000000000000000000e+00 0.000000000000000000e+00 0.000000000000000000e+00 0.000000000000000000e+00 0.000000000000000000e+00 0.000000000000000000e+00 0.000000000000000000e+00 9.401709401709401615e-01 0.000000000000000000e+00 0.000000000000000000e+00 0.000000000000000000e+00 6.410256410256410797e-01 2.564102564102564014e-02 0.000000000000000000e+00 8.547008547008547868e-03 1.000000000000000000e+00 4.273504273504273587e-02
0.000000000000000000e+00 0.000000000000000000e+00 0.000000000000000000e+00 4.048582995951417046e-03 0.000000000000000000e+00 0.000000000000000000e+00 6.882591093117408632e-02 1.214574898785425114e-02 2.024291497975708523e-02 0.000000000000000000e+00 0.000000000000000000e+00 5.263157894736841813e-02 1.000000000000000000e+00 0.000000000000000000e+00 0.000000000000000000e+00 8.097165991902834092e-03 3.238866396761133637e-02 3.967611336032388913e-01
