8.474576271186440649e-03 0.000000000000000000e+00 0.000000000000000000e+00 0.000000000000000000e+00 0.000000000000000000e+00 1.610169491525423602e-01 0.000000000000000000e+00 1.144067796610169496e-01 1.000000000000000000e+00 0.000000000000000000e+00 4.237288135593220324e-03 0.000000000000000000e+00 1.694915254237288130e-02
0.000000000000000000e+00 6.303763440860215006e-01 5.376344086021505458e-02 0.000000000000000000e+00 0.000000000000000000e+00 0.000000000000000000e+00 1.000000000000000000e+00 0.000000000000000000e+00 0.000000000000000000e+00 4.032258064516128920e-03 0.000000000000000000e+00 0.000000000000000000e+00 0.000000000000000000e+00
1.000000000000000000e+00 2.640264026402640296e-02 9.900990099009901110e-03 0.000000000000000000e+00 0.000000000000000000e+00 0.000000000000000000e+00 2.937293729372937312e-01 0.000000000000000000e+00 0.000000000000000000e+00 9.900990099009901110e-03 0.000000000000000000e+00 0.000000000000000000e+00 0.000000000000000000e+00
0.000000000000000000e+00 1.043478260869565161e-01 1.739130434782608717e-02 8.695652173913043584e-03 0.000000000000000000e+00 0.000000000000000000e+00 8.608695652173913304e-01 1.000000000000000000e+00 0.000000000000000000e+00 3.478260869565217434e-02 0.000000000000000000e+00 4.347826086956521618e-02 8.695652173913043237e-02
0.000000000000000000e+00 0.000000000000000000e+00 0.000000000000000000e+00 0.000000000000000000e+00 0.000000000000000000e+00 0.000000000000000000e+00 0.000000000000000000e+00 0.000000000000000000e+00 0.000000000000000000e+00 0.000000000000000000e+00 0.000000000000000000e+00 0.000000000000000000e+00 0.000000000000000000e+00
0.000000000000000000e+00 0.000000000000000000e+00 0.000000000000000000e+00 0.000000000000000000e+00 0.000000000000000000e+00 8.867924528301887044e-01 0.000000000000000000e+00 1.509433962264150886e-01 1.000000000000000000e+00 0.000000000000000000e+00 0.000000000000000000e+00 0.000000000000000000e+00 3.773584905660377214e-02
0.000000000000000000e+00 1.000000000000000000e+00 4.341397849462365621e-01 0.000000000000000000e+00 0.000000000000000000e+00 0.000000000000000000e+00 0.000000000000000000e+00 0.000000000000000000e+00 0.000000000000000000e+00 5.107526881720430428e-02 0.000000000000000000e+00 0.000000000000000000e+00 0.000000000000000000e+00
0.000000000000000000e+00 1.220657276995305157e-02 9.389671361502347630e-03 1.868544600938967237e-01 0.000000000000000000e+00 0.000000000000000000e+00 1.370892018779342747e-01 0.000000000000000000e+00 0.000000000000000000e+00 2.816901408450704376e-03 0.000000000000000000e+00 4.319248826291079840e-02 1.000000000000000000e+00
8.510638297872340566e-03 0.000000000000000000e+00 0.000000000000000000e+00 4.255319148936170283e-03 0.000000000000000000e+00 3.744680851063829641e-01 0.000000000000000000e+00 1.000000000000000000e+00 0.000000000000000000e+00 0.000000000000000000e+00 4.255319148936170283e-03 0.000000000000000000e+00 6.808510638297872453e-02
0.000000000000000000e+00 1.034482758620689641e-01 1.000000000000000000e+00 0.000000000000000000e+00 0.000000000000000000e+00 0.000000000000000000e+00 6.551724137931034253e-01 0.000000000000000000e+00 0.000000000000000000e+00 0.000000000000000000e+00 0.000000000000000000e+00 0.000000000000000000e+00 0.000000000000000000e+00
0.000000000000000000e+00 0.000000000000000000e+00 0.000000000000000000e+00 0.000000000000000000e+00 0.000000000000000000e+00 0.000000000000000000e+00 0.000000000000000000e+00 1.000000000000000000e+00 1.000000000000000000e+00 0.000000000000000000e+00 0.000000000000000000e+00 0.000000000000000000e+00 0.000000000000000000e+00
0.000000000000000000e+00 0.000000000000000000e+00 0.000000000000000000e+00 5.937500000000000000e-01 0.000000000000000000e+00 0.000000000000000000e+00 3.125000000000000000e-02 1.000000000000000000e+00 0.000000000000000000e+00 0.000000000000000000e+00 0.000000000000000000e+00 0.000000000000000000e+00 6.250000000000000000e-02
0.000000000000000000e+00 6.628787878787878972e-03 0.000000000000000000e+00 2.651515151515151589e-02 0.000000000000000000e+00 0.000000000000000000e+00 6.628787878787878972e-03 1.000000000000000000e+00 0.000000000000000000e+00 0.000000000000000000e+00 0.000000000000000000e+00 2.840909090909090988e-03 5.909090909090909394e-01
