2.582781456953642252e-01 0.000000000000000000e+00 0.000000000000000000e+00 0.000000000000000000e+00 0.000000000000000000e+00 0.000000000000000000e+00 0.000000000000000000e+00 0.000000000000000000e+00 0.000000000000000000e+00 7.152317880794701876e-01 0.000000000000000000e+00 0.000000000000000000e+00 6.622516556291390723e-03 1.000000000000000000e+00 0.000000000000000000e+00 6.622516556291390723e-03 0.000000000000000000e+00 0.000000000000000000e+00 0.000000000000000000e+00 0.000000000000000000e+00 1.059602649006622516e-01
0.000000000000000000e+00 0.000000000000000000e+00 0.000000000000000000e+00 0.000000000000000000e+00 0.000000000000000000e+00 0.000000000000000000e+00 0.000000000000000000e+00 0.000000000000000000e+00 0.000000000000000000e+00 0.000000000000000000e+00 2.500000000000000000e-01 7.500000000000000000e-01 0.000000000000000000e+00 7.500000000000000000e-01 0.000000000000000000e+00 0.000000000000000000e+00 1.000000000000000000e+00 0.000000000000000000e+00 0.000000000000000000e+00 0.000000000000000000e+00 0.000000000000000000e+00
0.000000000000000000e+00 0.000000000000000000e+00 0.000000000000000000e+00 0.000000000000000000e+00 0.000000000000000000e+00 0.000000000000000000e+00 0.000000000000000000e+00 0.000000000000000000e+00 0.000000000000000000e+00 0.000000000000000000e+00 0.000000000000000000e+00 0.000000000000000000e+00 0.000000000000000000e+00 0.000000000000000000e+00 0.000000000000000000e+00 0.000000000000000000e+00 0.000000000000000000e+00 0.000000000000000000e+00 0.000000000000000000e+00 0.000000000000000000e+00 0.000000000000000000e+00
0.000000000000000000e+00 0.000000000000000000e+00 0.000000000000000000e+00 0.000000000000000000e+00 0.000000000000000000e+00 0.000000000000000000e+00 0.000000000000000000e+00 2.434210526315789547e-01 0.000000000000000000e+00 0.000000000000000000e+00 5.263157894736841813e-02 7.894736842105262720e-02 0.000000000000000000e+00 1.000000000000000000e+00 6.578947368421052266e-03 0.000000000000000000e+00 5.131578947368421462e-01 0.000000000000000000e+00 0.000000000000000000e+00 0.000000000000000000e+00 1.052631578947368363e-01
0.000000000000000000e+00 0.000000000000000000e+00 0.000000000000000000e+00 0.000000000000000000e+00 6.437414030261348064e-01 0.000000000000000000e+00 4.539202200825309674e-02 0.000000000000000000e+00 0.000000000000000000e+00 0.000000000000000000e+00 0.000000000000000000e+00 0.000000000000000000e+00 1.000000000000000000e+00 0.000000000000000000e+00 0.000000000000000000e+00 7.565337001375516124e-02 0.000000000000000000e+00 0.000000000000000000e+00 1.513067400275103225e-02 7.977991746905088721e-02 0.000000000000000000e+00
0.000000000000000000e+00 1.000000000000000000e+00 0.000000000000000000e+00 0.000000000000000000e+00 0.000000000000000000e+00 6.666666666666666297e-01 0.000000000000000000e+00 0.000000000000000000e+00 0.000000000000000000e+00 3.333333333333333148e-01 0.000000000000000000e+00 0.000000000000000000e+00 0.000000000000000000e+00 0.000000000000000000e+00 0.000000000000000000e+00 0.000000000000000000e+00 0.000000000000000000e+00 0.000000000000000000e+00 0.000000000000000000e+00 0.000000000000000000e+00 0.000000000000000000e+00
0.000000000000000000e+00 0.000000000000000000e+00 0.000000000000000000e+00 1.000000000000000000e+00 1.980198019801980222e-02 0.000000000000000000e+00 3.300330033003300370e-03 0.000000000000000000e+00 0.000000000000000000e+00 0.000000000000000000e+00 0.000000000000000000e+00 0.000000000000000000e+00 1.683168316831683275e-01 0.000000000000000000e+00 0.000000000000000000e+00 0.000000000000000000e+00 0.000000000000000000e+00 0.000000000000000000e+00 0.000000000000000000e+00 1.650165016501650012e-02 0.000000000000000000e+00
1.158469945355191238e-01 0.000000000000000000e+00 0.000000000000000000e+00 0.000000000000000000e+00 0.000000000000000000e+00 0.000000000000000000e+00 0.000000000000000000e+00 2.185792349726775954e-03 2.185792349726775954e-03 4.852459016393442792e-01 0.000000000000000000e+00 0.000000000000000000e+00 8.743169398907103818e-03 1.000000000000000000e+00 2.185792349726775954e-03 4.371584699453551909e-03 0.000000000000000000e+00 0.000000000000000000e+00 2.185792349726775954e-03 0.000000000000000000e+00 9.617486338797814893e-02
0.000000000000000000e+00 0.000000000000000000e+00 0.000000000000000000e+00 0.000000000000000000e+00 1.511627906976744096e-01 0.000000000000000000e+00 0.000000000000000000e+00 1.162790697674418589e-01 0.000000000000000000e+00 2.325581395348837177e-02 0.000000000000000000e+00 0.000000000000000000e+00 1.000000000000000000e+00 7.325581395348836899e-01 2.325581395348837177e-02 0.000000000000000000e+00 0.000000000000000000e+00 0.000000000000000000e+00 0.000000000000000000e+00 1.279069767441860517e-01 9.302325581395348708e-02
8.628127696289905483e-04 0.000000000000000000e+00 0.000000000000000000e+00 0.000000000000000000e+00 2.588438308886971320e-03 0.000000000000000000e+00 8.628127696289905483e-04 2.079378774805867025e-01 1.639344262295082053e-02 8.628127696289905483e-04 0.000000000000000000e+00 0.000000000000000000e+00 1.121656600517687702e-02 1.000000000000000000e+00 0.000000000000000000e+00 0.000000000000000000e+00 0.000000000000000000e+00 8.628127696289905483e-04 0.000000000000000000e+00 3.451251078515962193e-03 9.318377911993097618e-02
6.666666666666666574e-02 2.000000000000000111e-01 0.000000000000000000e+00 0.000000000000000000e+00 0.000000000000000000e+00 6.666666666666666574e-02 0.000000000000000000e+00 0.000000000000000000e+00 0.000000000000000000e+00 0.000000000000000000e+00 8.000000000000000444e-01 6.666666666666666574e-02 0.000000000000000000e+00 3.333333333333333148e-01 0.000000000000000000e+00 0.000000000000000000e+00 1.000000000000000000e+00 0.000000000000000000e+00 0.000000000000000000e+00 0.000000000000000000e+00 6.666666666666666574e-02
0.000000000000000000e+00 2.142857142857142738e-01 0.000000000000000000e+00 0.000000000000000000e+00 0.000000000000000000e+00 1.428571428571428492e-01 0.000000000000000000e+00 0.000000000000000000e+00 0.000000000000000000e+00 1.428571428571428492e-01 4.285714285714285476e-01 0.000000000000000000e+00 0.000000000000000000e+00 1.428571428571428492e-01 0.000000000000000000e+00 0.000000000000000000e+00 1.000000000000000000e+00 0.000000000000000000e+00 0.000000000000000000e+00 0.000000000000000000e+00 0.000000000000000000e+00
0.000000000000000000e+00 0.000000000000000000e+00 0.000000000000000000e+00 0.000000000000000000e+00 9.902912621359223344e-01 0.000000000000000000e+00 3.869625520110956951e-01 0.000000000000000000e+00 0.000000000000000000e+00 0.000000000000000000e+00 0.000000000000000000e+00 0.000000000000000000e+00 0.000000000000000000e+00 0.000000000000000000e+00 0.000000000000000000e+00 8.765603328710125375e-01 0.000000000000000000e+00 4.160887656033286988e-03 1.442441054091539443e-01 1.000000000000000000e+00 0.000000000000000000e+00
1.324786324786324798e-01 0.000000000000000000e+00 0.000000000000000000e+00 0.000000000000000000e+00 1.025641025641025640e-02 0.000000000000000000e+00 3.418803418803418800e-03 1.000000000000000000e+00 1.264957264957264904e-01 7.769230769230769384e-01 0.000000000000000000e+00 0.000000000000000000e+00 9.145299145299144727e-02 0.000000000000000000e+00 1.111111111111111154e-02 7.692307692307692735e-03 0.000000000000000000e+00 0.000000000000000000e+00 8.547008547008547001e-04 6.837606837606837601e-03 8.307692307692308153e-01
0.000000000000000000e+00 0.000000000000000000e+00 0.000000000000000000e+00 0.000000000000000000e+00 0.000000000000000000e+00 0.000000000000000000e+00 8.333333333333332871e-02 8.333333333333332871e-02 5.000000000000000000e-01 0.000000000000000000e+00 0.000000000000000000e+00 0.000000000000000000e+00 0.000000000000000000e+00 1.000000000000000000e+00 0.000000000000000000e+00 0.000000000000000000e+00 0.000000000000000000e+00 0.000000000000000000e+00 0.000000000000000000e+00 0.000000000000000000e+00 0.000000000000000000e+00
0.000000000000000000e+00 0.000000000000000000e+00 0.000000000000000000e+00 0.000000000000000000e+00 8.556149732620320358e-02 0.000000000000000000e+00 5.882352941176470507e-02 0.000000000000000000e+00 0.000000000000000000e+00 0.000000000000000000e+00 0.000000000000000000e+00 0.000000000000000000e+00 1.000000000000000000e+00 0.000000000000000000e+00 0.000000000000000000e+00 0.000000000000000000e+00 0.000000000000000000e+00 1.336898395721925056e-03 0.000000000000000000e+00 2.459893048128342363e-01 0.000000000000000000e+00
1.492537313432835792e-02 2.985074626865671585e-02 0.000000000000000000e+00 0.000000000000000000e+00 0.000000000000000000e+00 1.492537313432835792e-02 0.000000000000000000e+00 1.641791044776119424e-01 0.000000000000000000e+00 1.492537313432835792e-02 1.791044776119402882e-01 1.940298507462686617e-01 0.000000000000000000e+00 1.000000000000000000e+00 1.492537313432835792e-02 0.000000000000000000e+00 0.000000000000000000e+00 0.000000000000000000e+00 0.000000000000000000e+00 0.000000000000000000e+00 2.985074626865671585e-02
0.000000000000000000e+00 0.000000000000000000e+00 0.000000000000000000e+00 0.000000000000000000e+00 0.000000000000000000e+00 0.000000000000000000e+00 1.000000000000000000e+00 0.000000000000000000e+00 0.000000000000000000e+00 0.000000000000000000e+00 0.000000000000000000e+00 0.000000000000000000e+00 2.500000000000000000e-01 0.000000000000000000e+00 0.000000000000000000e+00 0.000000000000000000e+00 0.000000000000000000e+00 0.000000000000000000e+00 0.000000000000000000e+00 0.000000000000000000e+00 0.000000000000000000e+00
0.000000000000000000e+00 0.000000000000000000e+00 0.000000000000000000e+00 0.000000000000000000e+00 1.041666666666666713e-01 0.000000000000000000e+00 0.000000000000000000e+00 0.000000000000000000e+00 0.000000000000000000e+00 0.000000000000000000e+00 0.000000000000000000e+00 0.000000000000000000e+00 1.000000000000000000e+00 0.000000000000000000e+00 0.000000000000000000e+00 7.083333333333333703e-01 0.000000000000000000e+00 0.000000000000000000e+00 2.083333333333333426e-01 0.000000000000000000e+00 0.000000000000000000e+00
0.000000000000000000e+00 0.000000000000000000e+00 0.000000000000000000e+00 0.000000000000000000e+00 9.570957095709571594e-02 0.000000000000000000e+00 0.000000000000000000e+00 0.000000000000000000e+00 0.000000000000000000e+00 0.000000000000000000e+00 0.000000000000000000e+00 0.000000000000000000e+00 1.000000000000000000e+00 0.000000000000000000e+00 0.000000000000000000e+00 4.488448844884488365e-01 0.000000000000000000e+00 0.000000000000000000e+00 9.240924092409240342e-02 0.000000000000000000e+00 0.000000000000000000e+00
1.327885597548518828e-02 0.000000000000000000e+00 0.000000000000000000e+00 0.000000000000000000e+00 4.085801838610827498e-03 0.000000000000000000e+00 0.000000000000000000e+00 1.031664964249233846e-01 2.042900919305413662e-02 8.478038815117466820e-02 0.000000000000000000e+00 0.000000000000000000e+00 9.193054136874361654e-03 1.000000000000000000e+00 1.021450459652706875e-03 0.000000000000000000e+00 0.000000000000000000e+00 0.000000000000000000e+00 0.000000000000000000e+00 1.021450459652706875e-03 5.903983656792645140e-01
