4.400000000000000022e-01 0.000000000000000000e+00 0.000000000000000000e+00 0.000000000000000000e+00 0.000000000000000000e+00 1.650000000000000078e-01 0.000000000000000000e+00 1.499999999999999944e-02 1.000000000000000000e+00 0.000000000000000000e+00 0.000000000000000000e+00 0.000000000000000000e+00 0.000000000000000000e+00 0.000000000000000000e+00 1.650000000000000078e-01
0.000000000000000000e+00 6.810865191146880937e-01 5.231388329979879542e-02 0.000000000000000000e+00 0.000000000000000000e+00 0.000000000000000000e+00 0.000000000000000000e+00 1.000000000000000000e+00 0.000000000000000000e+00 0.000000000000000000e+00 4.024144869215292089e-03 5.030181086519114678e-03 1.408450704225352144e-02 1.207243460764587453e-02 0.000000000000000000e+00
0.000000000000000000e+00 2.310231023102310086e-02 1.980198019801980222e-02 0.000000000000000000e+00 0.000000000000000000e+00 0.000000000000000000e+00 0.000000000000000000e+00 2.343234323432343280e-01 0.000000000000000000e+00 1.000000000000000000e+00 0.000000000000000000e+00 3.300330033003300370e-03 0.000000000000000000e+00 3.300330033003300370e-03 0.000000000000000000e+00
4.653465346534653713e-01 0.000000000000000000e+00 0.000000000000000000e+00 0.000000000000000000e+00 0.000000000000000000e+00 8.910891089108910479e-02 0.000000000000000000e+00 0.000000000000000000e+00 1.000000000000000000e+00 0.000000000000000000e+00 0.000000000000000000e+00 0.000000000000000000e+00 0.000000000000000000e+00 0.000000000000000000e+00 7.920792079207920888e-02
9.803921568627450844e-03 1.470588235294117696e-01 9.803921568627450844e-03 1.960784313725490169e-02 0.000000000000000000e+00 0.000000000000000000e+00 0.000000000000000000e+00 8.137254901960784270e-01 1.000000000000000000e+00 2.941176470588235253e-02 0.000000000000000000e+00 1.960784313725490169e-02 0.000000000000000000e+00 4.901960784313725422e-02 3.921568627450980338e-02
0.000000000000000000e+00 7.633587786259541687e-03 0.000000000000000000e+00 7.633587786259541687e-03 0.000000000000000000e+00 0.000000000000000000e+00 0.000000000000000000e+00 1.526717557251908337e-02 1.000000000000000000e+00 7.633587786259541687e-03 0.000000000000000000e+00 7.633587786259541687e-03 0.000000000000000000e+00 0.000000000000000000e+00 1.221374045801526670e-01
0.000000000000000000e+00 0.000000000000000000e+00 0.000000000000000000e+00 0.000000000000000000e+00 0.000000000000000000e+00 0.000000000000000000e+00 0.000000000000000000e+00 0.000000000000000000e+00 0.000000000000000000e+00 0.000000000000000000e+00 0.000000000000000000e+00 0.000000000000000000e+00 0.000000000000000000e+00 0.000000000000000000e+00 0.000000000000000000e+00
0.000000000000000000e+00 1.000000000000000000e+00 2.971372161895360353e-01 0.000000000000000000e+00 0.000000000000000000e+00 0.000000000000000000e+00 0.000000000000000000e+00 0.000000000000000000e+00 0.000000000000000000e+00 0.000000000000000000e+00 8.983218163869693962e-02 2.764067127344521299e-02 1.490621915103652606e-01 1.095755182625863799e-01 0.000000000000000000e+00
1.374911410347271490e-01 9.213323883770375283e-03 3.543586109142452065e-03 1.006378454996456479e-01 1.176470588235294101e-01 7.016300496102055584e-02 0.000000000000000000e+00 1.176470588235294101e-01 0.000000000000000000e+00 1.630049610205527855e-02 0.000000000000000000e+00 0.000000000000000000e+00 0.000000000000000000e+00 0.000000000000000000e+00 1.000000000000000000e+00
0.000000000000000000e+00 0.000000000000000000e+00 0.000000000000000000e+00 1.444043321299639041e-02 8.303249097472924223e-02 0.000000000000000000e+00 0.000000000000000000e+00 0.000000000000000000e+00 1.000000000000000000e+00 7.220216606498195203e-03 0.000000000000000000e+00 0.000000000000000000e+00 0.000000000000000000e+00 0.000000000000000000e+00 1.046931407942238296e-01
0.000000000000000000e+00 9.523809523809523281e-02 4.761904761904761640e-02 0.000000000000000000e+00 0.000000000000000000e+00 0.000000000000000000e+00 0.000000000000000000e+00 1.000000000000000000e+00 0.000000000000000000e+00 0.000000000000000000e+00 0.000000000000000000e+00 0.000000000000000000e+00 0.000000000000000000e+00 0.000000000000000000e+00 0.000000000000000000e+00
0.000000000000000000e+00 3.529411764705882582e-01 1.000000000000000000e+00 0.000000000000000000e+00 0.000000000000000000e+00 0.000000000000000000e+00 0.000000000000000000e+00 8.235294117647058432e-01 0.000000000000000000e+00 0.000000000000000000e+00 5.882352941176470507e-02 0.000000000000000000e+00 0.000000000000000000e+00 0.000000000000000000e+00 0.000000000000000000e+00
0.000000000000000000e+00 6.666666666666666574e-02 6.666666666666667095e-03 0.000000000000000000e+00 0.000000000000000000e+00 0.000000000000000000e+00 0.000000000000000000e+00 1.000000000000000000e+00 0.000000000000000000e+00 0.000000000000000000e+00 2.733333333333333171e-01 6.666666666666667095e-03 5.933333333333333792e-01 0.000000000000000000e+00 0.000000000000000000e+00
0.000000000000000000e+00 3.703703703703703498e-02 0.000000000000000000e+00 0.000000000000000000e+00 0.000000000000000000e+00 0.000000000000000000e+00 0.000000000000000000e+00 1.000000000000000000e+00 0.000000000000000000e+00 0.000000000000000000e+00 8.641975308641974829e-02 0.000000000000000000e+00 4.691358024691357764e-01 0.000000000000000000e+00 0.000000000000000000e+00
1.917613636363636395e-02 7.102272727272727470e-04 7.102272727272727470e-04 1.136363636363636395e-02 2.059659090909090814e-02 8.522727272727272096e-03 0.000000000000000000e+00 3.551136363636363518e-03 1.000000000000000000e+00 1.420454545454545494e-03 0.000000000000000000e+00 0.000000000000000000e+00 0.000000000000000000e+00 0.000000000000000000e+00 5.944602272727272929e-01
