0.000000000000000000e+00 0.000000000000000000e+00 0.000000000000000000e+00 0.000000000000000000e+00 1.234567901234567833e-01 0.000000000000000000e+00 9.012345679012345734e-01 1.000000000000000000e+00 0.000000000000000000e+00 6.172839506172839164e-02
1.000000000000000000e+00 0.000000000000000000e+00 0.000000000000000000e+00 0.000000000000000000e+00 0.000000000000000000e+00 0.000000000000000000e+00 0.000000000000000000e+00 0.000000000000000000e+00 7.928994082840237212e-01 0.000000000000000000e+00
0.000000000000000000e+00 4.488330341113105915e-02 5.691202872531417878e-01 0.000000000000000000e+00 0.000000000000000000e+00 1.000000000000000000e+00 0.000000000000000000e+00 0.000000000000000000e+00 0.000000000000000000e+00 0.000000000000000000e+00
0.000000000000000000e+00 0.000000000000000000e+00 0.000000000000000000e+00 0.000000000000000000e+00 0.000000000000000000e+00 0.000000000000000000e+00 0.000000000000000000e+00 0.000000000000000000e+00 0.000000000000000000e+00 0.000000000000000000e+00
0.000000000000000000e+00 0.000000000000000000e+00 0.000000000000000000e+00 0.000000000000000000e+00 1.000000000000000000e+00 0.000000000000000000e+00 3.846153846153846367e-01 8.461538461538461453e-01 0.000000000000000000e+00 3.846153846153846367e-02
0.000000000000000000e+00 4.955436720142602502e-01 1.000000000000000000e+00 0.000000000000000000e+00 0.000000000000000000e+00 0.000000000000000000e+00 0.000000000000000000e+00 0.000000000000000000e+00 0.000000000000000000e+00 0.000000000000000000e+00
0.000000000000000000e+00 0.000000000000000000e+00 1.619047619047618916e-02 0.000000000000000000e+00 0.000000000000000000e+00 2.485714285714285821e-01 0.000000000000000000e+00 0.000000000000000000e+00 0.000000000000000000e+00 1.000000000000000000e+00
0.000000000000000000e+00 0.000000000000000000e+00 0.000000000000000000e+00 0.000000000000000000e+00 3.150684931506849140e-01 0.000000000000000000e+00 1.000000000000000000e+00 0.000000000000000000e+00 0.000000000000000000e+00 9.589041095890410427e-02
0.000000000000000000e+00 0.000000000000000000e+00 0.000000000000000000e+00 0.000000000000000000e+00 0.000000000000000000e+00 0.000000000000000000e+00 1.000000000000000000e+00 0.000000000000000000e+00 0.000000000000000000e+00 1.440677966101694962e-01
0.000000000000000000e+00 9.487666034155597906e-04 3.795066413662239162e-03 0.000000000000000000e+00 0.000000000000000000e+00 1.992409867172675528e-02 1.000000000000000000e+00 0.000000000000000000e+00 0.000000000000000000e+00 5.616698292220113631e-01
