5.538277511961722244e-01 4.066985645933014065e-02 0.000000000000000000e+00 1.315789473684210453e-02 0.000000000000000000e+00 0.000000000000000000e+00 0.000000000000000000e+00 1.000000000000000000e+00 0.000000000000000000e+00 0.000000000000000000e+00 1.076555023923445042e-02 0.000000000000000000e+00 8.373205741626794582e-03 0.000000000000000000e+00 0.000000000000000000e+00
1.650165016501650012e-02 3.300330033003300370e-03 0.000000000000000000e+00 6.600660066006600740e-03 0.000000000000000000e+00 0.000000000000000000e+00 0.000000000000000000e+00 2.046204620462046264e-01 0.000000000000000000e+00 1.000000000000000000e+00 0.000000000000000000e+00 0.000000000000000000e+00 0.000000000000000000e+00 0.000000000000000000e+00 0.000000000000000000e+00
1.052631578947368397e-02 0.000000000000000000e+00 0.000000000000000000e+00 0.000000000000000000e+00 0.000000000000000000e+00 1.157894736842105254e-01 0.000000000000000000e+00 2.105263157894736795e-02 1.000000000000000000e+00 0.000000000000000000e+00 0.000000000000000000e+00 0.000000000000000000e+00 0.000000000000000000e+00 3.157894736842105088e-01 9.473684210526316096e-02
5.494505494505494414e-02 0.000000000000000000e+00 0.000000000000000000e+00 0.000000000000000000e+00 0.000000000000000000e+00 0.000000000000000000e+00 0.000000000000000000e+00 1.000000000000000000e+00 0.000000000000000000e+00 0.000000000000000000e+00 1.758241758241758379e-01 0.000000000000000000e+00 2.527472527472527375e-01 0.000000000000000000e+00 0.000000000000000000e+00
1.442307692307692180e-01 1.923076923076923184e-02 2.884615384615384776e-02 0.000000000000000000e+00 0.000000000000000000e+00 0.000000000000000000e+00 0.000000000000000000e+00 1.000000000000000000e+00 4.615384615384615641e-01 0.000000000000000000e+00 0.000000000000000000e+00 9.615384615384615918e-03 0.000000000000000000e+00 0.000000000000000000e+00 4.807692307692307959e-02
0.000000000000000000e+00 0.000000000000000000e+00 0.000000000000000000e+00 0.000000000000000000e+00 4.310344827586207184e-02 0.000000000000000000e+00 0.000000000000000000e+00 3.448275862068965469e-02 1.000000000000000000e+00 8.620689655172413673e-03 0.000000000000000000e+00 0.000000000000000000e+00 0.000000000000000000e+00 0.000000000000000000e+00 8.620689655172414367e-02
0.000000000000000000e+00 0.000000000000000000e+00 0.000000000000000000e+00 0.000000000000000000e+00 0.000000000000000000e+00 0.000000000000000000e+00 0.000000000000000000e+00 0.000000000000000000e+00 0.000000000000000000e+00 0.000000000000000000e+00 0.000000000000000000e+00 0.000000000000000000e+00 0.000000000000000000e+00 0.000000000000000000e+00 0.000000000000000000e+00
1.000000000000000000e+00 3.744075829383886056e-01 0.000000000000000000e+00 1.409952606635071215e-01 0.000000000000000000e+00 0.000000000000000000e+00 0.000000000000000000e+00 0.000000000000000000e+00 0.000000000000000000e+00 0.000000000000000000e+00 1.066350710900473980e-01 8.293838862559242339e-03 9.478672985781989857e-02 0.000000000000000000e+00 0.000000000000000000e+00
1.215066828675577179e-02 8.505467800729039560e-03 1.530984204131227155e-01 1.215066828675577049e-03 1.834750911300121468e-01 1.081409477521263623e-01 0.000000000000000000e+00 1.713244228432563854e-01 0.000000000000000000e+00 4.860267314702308196e-03 1.215066828675577049e-03 1.215066828675577049e-03 0.000000000000000000e+00 9.113001215066829364e-02 1.000000000000000000e+00
0.000000000000000000e+00 0.000000000000000000e+00 3.435114503816794063e-02 0.000000000000000000e+00 1.526717557251908337e-02 0.000000000000000000e+00 0.000000000000000000e+00 0.000000000000000000e+00 1.000000000000000000e+00 0.000000000000000000e+00 0.000000000000000000e+00 0.000000000000000000e+00 0.000000000000000000e+00 0.000000000000000000e+00 1.374045801526717625e-01
6.870229007633588125e-02 6.106870229007633349e-02 0.000000000000000000e+00 7.633587786259541687e-03 0.000000000000000000e+00 0.000000000000000000e+00 0.000000000000000000e+00 1.000000000000000000e+00 0.000000000000000000e+00 0.000000000000000000e+00 0.000000000000000000e+00 0.000000000000000000e+00 0.000000000000000000e+00 0.000000000000000000e+00 0.000000000000000000e+00
0.000000000000000000e+00 1.000000000000000000e+00 0.000000000000000000e+00 0.000000000000000000e+00 0.000000000000000000e+00 0.000000000000000000e+00 0.000000000000000000e+00 8.000000000000000444e-01 0.000000000000000000e+00 0.000000000000000000e+00 0.000000000000000000e+00 0.000000000000000000e+00 0.000000000000000000e+00 0.000000000000000000e+00 0.000000000000000000e+00
9.859154929577464144e-02 0.000000000000000000e+00 0.000000000000000000e+00 0.000000000000000000e+00 0.000000000000000000e+00 0.000000000000000000e+00 0.000000000000000000e+00 1.000000000000000000e+00 0.000000000000000000e+00 0.000000000000000000e+00 4.647887323943661886e-01 0.000000000000000000e+00 6.619718309859154992e-01 0.000000000000000000e+00 0.000000000000000000e+00
0.000000000000000000e+00 0.000000000000000000e+00 0.000000000000000000e+00 0.000000000000000000e+00 0.000000000000000000e+00 3.246753246753246724e-01 0.000000000000000000e+00 2.597402597402597574e-02 1.000000000000000000e+00 0.000000000000000000e+00 0.000000000000000000e+00 0.000000000000000000e+00 1.298701298701298787e-02 6.623376623376623362e-01 7.792207792207792028e-02
1.203369434416365867e-03 1.203369434416365867e-03 1.203369434416365867e-02 1.203369434416365867e-03 2.166064981949458387e-02 1.323706377858002367e-02 0.000000000000000000e+00 9.626955475330926937e-03 1.000000000000000000e+00 2.406738868832731734e-03 0.000000000000000000e+00 0.000000000000000000e+00 0.000000000000000000e+00 7.220216606498195203e-03 4.681107099879662781e-01
