1.000000000000000000e+00 0.000000000000000000e+00 0.000000000000000000e+00 5.787037037037036716e-04 3.923611111111111049e-01 0.000000000000000000e+00 4.629629629629629373e-03 6.863425925925925597e-01 0.000000000000000000e+00 2.893518518518518358e-03 1.157407407407407343e-02 0.000000000000000000e+00 6.018518518518518184e-02
0.000000000000000000e+00 5.670261941448382359e-01 4.160246533127889140e-02 0.000000000000000000e+00 0.000000000000000000e+00 0.000000000000000000e+00 1.000000000000000000e+00 0.000000000000000000e+00 0.000000000000000000e+00 5.084745762711864736e-02 1.217257318952234268e-01 8.782742681047765732e-02 0.000000000000000000e+00
0.000000000000000000e+00 0.000000000000000000e+00 0.000000000000000000e+00 0.000000000000000000e+00 0.000000000000000000e+00 0.000000000000000000e+00 0.000000000000000000e+00 0.000000000000000000e+00 1.000000000000000000e+00 0.000000000000000000e+00 0.000000000000000000e+00 0.000000000000000000e+00 0.000000000000000000e+00
1.000000000000000000e+00 0.000000000000000000e+00 0.000000000000000000e+00 0.000000000000000000e+00 1.621621621621621712e-01 0.000000000000000000e+00 5.689900426742532276e-03 6.600284495021336850e-01 0.000000000000000000e+00 0.000000000000000000e+00 8.534850640113798848e-03 0.000000000000000000e+00 4.978662873399715416e-02
5.213764337851928797e-03 3.128258602711157538e-03 0.000000000000000000e+00 2.022940563086548516e-01 0.000000000000000000e+00 0.000000000000000000e+00 1.772679874869655808e-02 1.000000000000000000e+00 0.000000000000000000e+00 0.000000000000000000e+00 0.000000000000000000e+00 7.299270072992700489e-03 7.507820646506778439e-02
0.000000000000000000e+00 0.000000000000000000e+00 0.000000000000000000e+00 0.000000000000000000e+00 0.000000000000000000e+00 0.000000000000000000e+00 0.000000000000000000e+00 0.000000000000000000e+00 0.000000000000000000e+00 0.000000000000000000e+00 0.000000000000000000e+00 0.000000000000000000e+00 0.000000000000000000e+00
0.000000000000000000e+00 5.810451727192205151e-01 2.187776793622674965e-01 0.000000000000000000e+00 0.000000000000000000e+00 0.000000000000000000e+00 0.000000000000000000e+00 0.000000000000000000e+00 0.000000000000000000e+00 3.968113374667847637e-01 1.000000000000000000e+00 8.317094774136404300e-01 0.000000000000000000e+00
1.000000000000000000e+00 9.235936188077246631e-03 0.000000000000000000e+00 8.429890848026868611e-01 3.551637279596977503e-01 0.000000000000000000e+00 1.402183039462636394e-01 0.000000000000000000e+00 0.000000000000000000e+00 3.358522250209907550e-03 9.235936188077246631e-03 2.183039462636440081e-02 6.129303106633081644e-01
0.000000000000000000e+00 0.000000000000000000e+00 0.000000000000000000e+00 1.306122448979591955e-01 0.000000000000000000e+00 0.000000000000000000e+00 0.000000000000000000e+00 1.000000000000000000e+00 0.000000000000000000e+00 0.000000000000000000e+00 0.000000000000000000e+00 0.000000000000000000e+00 1.102040816326530642e-01
0.000000000000000000e+00 6.237816764132553260e-02 2.631578947368420907e-02 0.000000000000000000e+00 0.000000000000000000e+00 0.000000000000000000e+00 1.000000000000000000e+00 0.000000000000000000e+00 0.000000000000000000e+00 0.000000000000000000e+00 1.949317738791422894e-03 2.124756335282650954e-01 0.000000000000000000e+00
0.000000000000000000e+00 4.312227074235808200e-02 5.458515283842794476e-04 0.000000000000000000e+00 0.000000000000000000e+00 0.000000000000000000e+00 6.069868995633187492e-01 0.000000000000000000e+00 0.000000000000000000e+00 3.875545851528384156e-01 1.000000000000000000e+00 1.637554585152838343e-03 0.000000000000000000e+00
0.000000000000000000e+00 4.573170731707316972e-02 0.000000000000000000e+00 0.000000000000000000e+00 0.000000000000000000e+00 0.000000000000000000e+00 6.524390243902439268e-01 0.000000000000000000e+00 0.000000000000000000e+00 2.088414634146341375e-01 1.000000000000000000e+00 0.000000000000000000e+00 0.000000000000000000e+00
1.444600280504908796e-01 2.805049088359046205e-03 2.805049088359046205e-03 1.332398316970546948e-01 5.890603085553997031e-02 0.000000000000000000e+00 1.122019635343618482e-02 1.000000000000000000e+00 0.000000000000000000e+00 0.000000000000000000e+00 2.805049088359046205e-03 1.402524544179523103e-03 6.199158485273492669e-01
