3.500000000000000333e-02 8.999999999999999667e-02 0.000000000000000000e+00 1.000000000000000000e+00 0.000000000000000000e+00 0.000000000000000000e+00 0.000000000000000000e+00 0.000000000000000000e+00 1.499999999999999944e-02 0.000000000000000000e+00 3.500000000000000333e-02 0.000000000000000000e+00 5.000000000000000278e-02 0.000000000000000000e+00 0.000000000000000000e+00 0.000000000000000000e+00 0.000000000000000000e+00 1.000000000000000021e-02 0.000000000000000000e+00 0.000000000000000000e+00 0.000000000000000000e+00 3.449999999999999734e-01
5.000000000000000278e-02 7.500000000000000000e-01 0.000000000000000000e+00 1.000000000000000000e+00 0.000000000000000000e+00 0.000000000000000000e+00 0.000000000000000000e+00 0.000000000000000000e+00 5.000000000000000278e-02 0.000000000000000000e+00 0.000000000000000000e+00 0.000000000000000000e+00 5.000000000000000278e-02 0.000000000000000000e+00 0.000000000000000000e+00 0.000000000000000000e+00 0.000000000000000000e+00 0.000000000000000000e+00 0.000000000000000000e+00 0.000000000000000000e+00 0.000000000000000000e+00 7.500000000000000000e-01
0.000000000000000000e+00 0.000000000000000000e+00 0.000000000000000000e+00 0.000000000000000000e+00 5.617977528089887485e-03 0.000000000000000000e+00 0.000000000000000000e+00 0.000000000000000000e+00 7.303370786516853730e-02 0.000000000000000000e+00 0.000000000000000000e+00 1.123595505617977497e-02 0.000000000000000000e+00 0.000000000000000000e+00 0.000000000000000000e+00 0.000000000000000000e+00 2.247191011235954994e-02 1.685393258426966245e-02 2.808988764044943742e-02 0.000000000000000000e+00 0.000000000000000000e+00 1.000000000000000000e+00
2.339181286549707472e-02 1.052631578947368363e-01 0.000000000000000000e+00 0.000000000000000000e+00 1.754385964912280604e-02 0.000000000000000000e+00 0.000000000000000000e+00 0.000000000000000000e+00 7.602339181286549286e-02 0.000000000000000000e+00 2.339181286549707472e-02 0.000000000000000000e+00 1.754385964912280604e-02 0.000000000000000000e+00 5.847953216374268681e-03 2.339181286549707472e-02 0.000000000000000000e+00 5.263157894736841813e-02 0.000000000000000000e+00 0.000000000000000000e+00 0.000000000000000000e+00 1.000000000000000000e+00
0.000000000000000000e+00 0.000000000000000000e+00 0.000000000000000000e+00 0.000000000000000000e+00 0.000000000000000000e+00 0.000000000000000000e+00 0.000000000000000000e+00 0.000000000000000000e+00 0.000000000000000000e+00 0.000000000000000000e+00 0.000000000000000000e+00 0.000000000000000000e+00 0.000000000000000000e+00 0.000000000000000000e+00 6.250000000000000000e-02 0.000000000000000000e+00 0.000000000000000000e+00 0.000000000000000000e+00 1.000000000000000000e+00 0.000000000000000000e+00 0.000000000000000000e+00 4.375000000000000000e-01
0.000000000000000000e+00 0.000000000000000000e+00 0.000000000000000000e+00 0.000000000000000000e+00 0.000000000000000000e+00 0.000000000000000000e+00 0.000000000000000000e+00 0.000000000000000000e+00 0.000000000000000000e+00 0.000000000000000000e+00 0.000000000000000000e+00 1.000000000000000000e+00 0.000000000000000000e+00 0.000000000000000000e+00 0.000000000000000000e+00 0.000000000000000000e+00 3.333333333333333148e-01 0.000000000000000000e+00 0.000000000000000000e+00 0.000000000000000000e+00 0.000000000000000000e+00 0.000000000000000000e+00
0.000000000000000000e+00 1.000000000000000000e+00 0.000000000000000000e+00 0.000000000000000000e+00 0.000000000000000000e+00 0.000000000000000000e+00 0.000000000000000000e+00 0.000000000000000000e+00 0.000000000000000000e+00 0.000000000000000000e+00 0.000000000000000000e+00 0.000000000000000000e+00 0.000000000000000000e+00 0.000000000000000000e+00 0.000000000000000000e+00 0.000000000000000000e+00 0.000000000000000000e+00 0.000000000000000000e+00 0.000000000000000000e+00 0.000000000000000000e+00 0.000000000000000000e+00 1.000000000000000000e+00
0.000000000000000000e+00 0.000000000000000000e+00 0.000000000000000000e+00 0.000000000000000000e+00 0.000000000000000000e+00 1.265822784810126563e-02 0.000000000000000000e+00 3.291139240506328889e-01 0.000000000000000000e+00 0.000000000000000000e+00 0.000000000000000000e+00 1.012658227848101250e-01 0.000000000000000000e+00 1.265822784810126563e-02 0.000000000000000000e+00 0.000000000000000000e+00 1.000000000000000000e+00 0.000000000000000000e+00 0.000000000000000000e+00 0.000000000000000000e+00 3.375527426160337269e-02 0.000000000000000000e+00
0.000000000000000000e+00 0.000000000000000000e+00 3.355704697986577108e-03 0.000000000000000000e+00 3.355704697986577108e-03 3.355704697986577108e-03 0.000000000000000000e+00 1.006711409395973089e-02 4.060402684563758635e-01 0.000000000000000000e+00 0.000000000000000000e+00 6.711409395973154217e-03 0.000000000000000000e+00 0.000000000000000000e+00 7.382550335570470246e-02 0.000000000000000000e+00 3.355704697986577195e-02 4.697986577181208212e-02 3.355704697986577195e-02 0.000000000000000000e+00 0.000000000000000000e+00 1.000000000000000000e+00
0.000000000000000000e+00 0.000000000000000000e+00 0.000000000000000000e+00 0.000000000000000000e+00 0.000000000000000000e+00 0.000000000000000000e+00 0.000000000000000000e+00 0.000000000000000000e+00 0.000000000000000000e+00 0.000000000000000000e+00 0.000000000000000000e+00 0.000000000000000000e+00 0.000000000000000000e+00 0.000000000000000000e+00 0.000000000000000000e+00 0.000000000000000000e+00 0.000000000000000000e+00 0.000000000000000000e+00 0.000000000000000000e+00 0.000000000000000000e+00 0.000000000000000000e+00 0.000000000000000000e+00
0.000000000000000000e+00 2.000000000000000111e-01 0.000000000000000000e+00 1.000000000000000000e+00 0.000000000000000000e+00 0.000000000000000000e+00 0.000000000000000000e+00 0.000000000000000000e+00 0.000000000000000000e+00 0.000000000000000000e+00 0.000000000000000000e+00 0.000000000000000000e+00 0.000000000000000000e+00 0.000000000000000000e+00 0.000000000000000000e+00 0.000000000000000000e+00 0.000000000000000000e+00 2.000000000000000111e-01 0.000000000000000000e+00 0.000000000000000000e+00 0.000000000000000000e+00 8.000000000000000444e-01
1.000000000000000000e+00 0.000000000000000000e+00 0.000000000000000000e+00 0.000000000000000000e+00 0.000000000000000000e+00 3.300330033003300370e-03 0.000000000000000000e+00 3.300330033003300023e-02 0.000000000000000000e+00 0.000000000000000000e+00 0.000000000000000000e+00 5.280528052805280592e-02 0.000000000000000000e+00 0.000000000000000000e+00 0.000000000000000000e+00 0.000000000000000000e+00 3.993399339933993430e-01 0.000000000000000000e+00 0.000000000000000000e+00 0.000000000000000000e+00 3.300330033003300370e-03 0.000000000000000000e+00
0.000000000000000000e+00 0.000000000000000000e+00 0.000000000000000000e+00 9.090909090909091161e-02 0.000000000000000000e+00 0.000000000000000000e+00 0.000000000000000000e+00 0.000000000000000000e+00 0.000000000000000000e+00 0.000000000000000000e+00 0.000000000000000000e+00 0.000000000000000000e+00 0.000000000000000000e+00 0.000000000000000000e+00 1.818181818181818232e-01 1.000000000000000000e+00 0.000000000000000000e+00 0.000000000000000000e+00 0.000000000000000000e+00 0.000000000000000000e+00 0.000000000000000000e+00 0.000000000000000000e+00
0.000000000000000000e+00 0.000000000000000000e+00 0.000000000000000000e+00 0.000000000000000000e+00 0.000000000000000000e+00 0.000000000000000000e+00 0.000000000000000000e+00 2.515723270440251447e-03 0.000000000000000000e+00 0.000000000000000000e+00 0.000000000000000000e+00 0.000000000000000000e+00 0.000000000000000000e+00 1.000000000000000000e+00 0.000000000000000000e+00 0.000000000000000000e+00 1.031446540880503193e-01 0.000000000000000000e+00 0.000000000000000000e+00 7.672955974842766980e-02 0.000000000000000000e+00 0.000000000000000000e+00
0.000000000000000000e+00 0.000000000000000000e+00 6.441504178272980385e-02 0.000000000000000000e+00 6.963788300835654617e-04 0.000000000000000000e+00 0.000000000000000000e+00 0.000000000000000000e+00 6.615598885793871724e-03 0.000000000000000000e+00 0.000000000000000000e+00 0.000000000000000000e+00 0.000000000000000000e+00 1.392757660167130923e-03 1.000000000000000000e+00 0.000000000000000000e+00 3.481894150417827309e-04 0.000000000000000000e+00 6.963788300835654617e-04 3.481894150417827309e-04 0.000000000000000000e+00 8.635097493036211769e-02
0.000000000000000000e+00 0.000000000000000000e+00 1.785714285714285615e-02 7.142857142857142461e-02 0.000000000000000000e+00 0.000000000000000000e+00 3.571428571428571230e-02 0.000000000000000000e+00 0.000000000000000000e+00 0.000000000000000000e+00 0.000000000000000000e+00 0.000000000000000000e+00 0.000000000000000000e+00 0.000000000000000000e+00 1.071428571428571369e-01 1.000000000000000000e+00 0.000000000000000000e+00 0.000000000000000000e+00 0.000000000000000000e+00 0.000000000000000000e+00 0.000000000000000000e+00 3.571428571428571230e-02
0.000000000000000000e+00 0.000000000000000000e+00 0.000000000000000000e+00 0.000000000000000000e+00 0.000000000000000000e+00 1.081081081081081141e-01 0.000000000000000000e+00 6.666666666666666297e-01 0.000000000000000000e+00 0.000000000000000000e+00 0.000000000000000000e+00 1.000000000000000000e+00 0.000000000000000000e+00 4.804804804804804763e-01 0.000000000000000000e+00 0.000000000000000000e+00 0.000000000000000000e+00 0.000000000000000000e+00 0.000000000000000000e+00 4.204204204204204515e-02 3.033033033033032955e-01 0.000000000000000000e+00
0.000000000000000000e+00 0.000000000000000000e+00 1.117318435754189980e-02 0.000000000000000000e+00 0.000000000000000000e+00 0.000000000000000000e+00 0.000000000000000000e+00 0.000000000000000000e+00 5.586592178770949900e-03 0.000000000000000000e+00 0.000000000000000000e+00 0.000000000000000000e+00 0.000000000000000000e+00 0.000000000000000000e+00 1.000000000000000000e+00 0.000000000000000000e+00 0.000000000000000000e+00 0.000000000000000000e+00 0.000000000000000000e+00 0.000000000000000000e+00 0.000000000000000000e+00 8.938547486033519840e-02
0.000000000000000000e+00 0.000000000000000000e+00 0.000000000000000000e+00 0.000000000000000000e+00 0.000000000000000000e+00 2.061855670103092744e-02 0.000000000000000000e+00 1.958762886597938124e-01 0.000000000000000000e+00 0.000000000000000000e+00 0.000000000000000000e+00 1.030927835051546372e-02 0.000000000000000000e+00 1.030927835051546372e-02 1.030927835051546372e-02 0.000000000000000000e+00 1.000000000000000000e+00 0.000000000000000000e+00 2.061855670103092744e-02 0.000000000000000000e+00 6.185567010309278579e-02 2.886597938144329634e-01
0.000000000000000000e+00 0.000000000000000000e+00 0.000000000000000000e+00 0.000000000000000000e+00 0.000000000000000000e+00 9.708737864077669061e-03 0.000000000000000000e+00 8.737864077669903196e-02 0.000000000000000000e+00 0.000000000000000000e+00 0.000000000000000000e+00 1.553398058252427050e-01 0.000000000000000000e+00 0.000000000000000000e+00 0.000000000000000000e+00 0.000000000000000000e+00 1.000000000000000000e+00 0.000000000000000000e+00 0.000000000000000000e+00 0.000000000000000000e+00 7.766990291262135249e-02 0.000000000000000000e+00
0.000000000000000000e+00 0.000000000000000000e+00 0.000000000000000000e+00 0.000000000000000000e+00 0.000000000000000000e+00 0.000000000000000000e+00 0.000000000000000000e+00 0.000000000000000000e+00 0.000000000000000000e+00 0.000000000000000000e+00 0.000000000000000000e+00 0.000000000000000000e+00 0.000000000000000000e+00 1.000000000000000000e+00 0.000000000000000000e+00 0.000000000000000000e+00 5.833333333333333426e-02 0.000000000000000000e+00 0.000000000000000000e+00 0.000000000000000000e+00 0.000000000000000000e+00 0.000000000000000000e+00
0.000000000000000000e+00 0.000000000000000000e+00 5.448717948717948789e-02 0.000000000000000000e+00 5.448717948717948789e-02 0.000000000000000000e+00 0.000000000000000000e+00 2.564102564102564014e-02 1.000000000000000000e+00 0.000000000000000000e+00 0.000000000000000000e+00 8.333333333333332871e-02 0.000000000000000000e+00 6.410256410256410034e-03 8.012820512820513219e-01 0.000000000000000000e+00 3.557692307692307820e-01 5.416666666666666297e-01 3.910256410256410242e-01 0.000000000000000000e+00 9.615384615384615918e-03 0.000000000000000000e+00
