4.696132596685082677e-02 0.000000000000000000e+00 0.000000000000000000e+00 1.657458563535911533e-02 0.000000000000000000e+00 0.000000000000000000e+00 0.000000000000000000e+00 0.000000000000000000e+00 0.000000000000000000e+00 1.000000000000000000e+00 0.000000000000000000e+00 0.000000000000000000e+00 0.000000000000000000e+00
4.835164835164835195e-01 7.692307692307692735e-02 4.395604395604395948e-02 0.000000000000000000e+00 0.000000000000000000e+00 1.000000000000000000e+00 3.021978021978021789e-01 0.000000000000000000e+00 0.000000000000000000e+00 0.000000000000000000e+00 3.736263736263736313e-01 1.483516483516483520e-01 0.000000000000000000e+00
0.000000000000000000e+00 4.315196998123827649e-02 5.928705440900562396e-01 0.000000000000000000e+00 0.000000000000000000e+00 0.000000000000000000e+00 1.000000000000000000e+00 0.000000000000000000e+00 0.000000000000000000e+00 0.000000000000000000e+00 6.566604127579737764e-03 0.000000000000000000e+00 0.000000000000000000e+00
0.000000000000000000e+00 0.000000000000000000e+00 2.777777777777777624e-02 0.000000000000000000e+00 0.000000000000000000e+00 0.000000000000000000e+00 8.333333333333332871e-02 0.000000000000000000e+00 9.166666666666666297e-01 0.000000000000000000e+00 0.000000000000000000e+00 1.000000000000000000e+00 0.000000000000000000e+00
0.000000000000000000e+00 0.000000000000000000e+00 0.000000000000000000e+00 0.000000000000000000e+00 0.000000000000000000e+00 0.000000000000000000e+00 0.000000000000000000e+00 0.000000000000000000e+00 0.000000000000000000e+00 0.000000000000000000e+00 0.000000000000000000e+00 0.000000000000000000e+00 0.000000000000000000e+00
0.000000000000000000e+00 0.000000000000000000e+00 0.000000000000000000e+00 0.000000000000000000e+00 0.000000000000000000e+00 3.007518796992481036e-02 0.000000000000000000e+00 1.000000000000000000e+00 0.000000000000000000e+00 0.000000000000000000e+00 0.000000000000000000e+00 0.000000000000000000e+00 0.000000000000000000e+00
0.000000000000000000e+00 2.730627306273062938e-01 1.000000000000000000e+00 0.000000000000000000e+00 0.000000000000000000e+00 0.000000000000000000e+00 0.000000000000000000e+00 0.000000000000000000e+00 0.000000000000000000e+00 0.000000000000000000e+00 5.166051660516605276e-02 0.000000000000000000e+00 0.000000000000000000e+00
1.000000000000000000e+00 0.000000000000000000e+00 0.000000000000000000e+00 0.000000000000000000e+00 0.000000000000000000e+00 6.176470588235294379e-01 0.000000000000000000e+00 5.882352941176470507e-02 0.000000000000000000e+00 0.000000000000000000e+00 0.000000000000000000e+00 3.823529411764705621e-01 0.000000000000000000e+00
0.000000000000000000e+00 2.181025081788440668e-03 9.814612868047982788e-03 3.162486368593239033e-02 0.000000000000000000e+00 0.000000000000000000e+00 2.726281352235550570e-01 0.000000000000000000e+00 0.000000000000000000e+00 0.000000000000000000e+00 3.271537622682660785e-03 4.143947655398037139e-02 1.000000000000000000e+00
6.529680365296803846e-01 0.000000000000000000e+00 0.000000000000000000e+00 0.000000000000000000e+00 0.000000000000000000e+00 0.000000000000000000e+00 0.000000000000000000e+00 0.000000000000000000e+00 0.000000000000000000e+00 7.762557077625570345e-02 0.000000000000000000e+00 1.000000000000000000e+00 0.000000000000000000e+00
0.000000000000000000e+00 1.000000000000000000e+00 8.536585365853659180e-02 0.000000000000000000e+00 0.000000000000000000e+00 0.000000000000000000e+00 4.878048780487804770e-01 8.536585365853659180e-02 0.000000000000000000e+00 0.000000000000000000e+00 4.878048780487805047e-02 0.000000000000000000e+00 0.000000000000000000e+00
0.000000000000000000e+00 6.756756756756757132e-03 3.378378378378378566e-03 1.250000000000000000e-01 0.000000000000000000e+00 0.000000000000000000e+00 6.756756756756757132e-03 0.000000000000000000e+00 1.000000000000000000e+00 0.000000000000000000e+00 0.000000000000000000e+00 3.378378378378378566e-03 1.283783783783783716e-01
0.000000000000000000e+00 0.000000000000000000e+00 9.793253536452665303e-03 1.088139281828074019e-03 0.000000000000000000e+00 0.000000000000000000e+00 2.176278563656148038e-02 0.000000000000000000e+00 1.000000000000000000e+00 0.000000000000000000e+00 2.176278563656148038e-03 4.352557127312296076e-03 5.995647442872688027e-01
