1.000000000000000000e+00 0.000000000000000000e+00 0.000000000000000000e+00 0.000000000000000000e+00 5.479452054794520244e-02 0.000000000000000000e+00 3.116438356164383805e-01 0.000000000000000000e+00 0.000000000000000000e+00 7.945205479452054353e-01 0.000000000000000000e+00 6.849315068493150305e-03 3.424657534246575152e-03 0.000000000000000000e+00 0.000000000000000000e+00
0.000000000000000000e+00 6.287878787878787845e-01 5.681818181818181629e-02 0.000000000000000000e+00 0.000000000000000000e+00 0.000000000000000000e+00 0.000000000000000000e+00 0.000000000000000000e+00 1.000000000000000000e+00 0.000000000000000000e+00 0.000000000000000000e+00 1.893939393939393992e-02 4.924242424242424032e-02 4.545454545454545581e-02 7.575757575757575968e-03
0.000000000000000000e+00 1.709401709401709574e-02 0.000000000000000000e+00 0.000000000000000000e+00 0.000000000000000000e+00 0.000000000000000000e+00 0.000000000000000000e+00 0.000000000000000000e+00 3.162393162393162260e-01 0.000000000000000000e+00 1.000000000000000000e+00 0.000000000000000000e+00 0.000000000000000000e+00 0.000000000000000000e+00 0.000000000000000000e+00
1.000000000000000000e+00 0.000000000000000000e+00 0.000000000000000000e+00 0.000000000000000000e+00 4.761904761904761640e-02 0.000000000000000000e+00 7.619047619047619735e-02 0.000000000000000000e+00 0.000000000000000000e+00 7.619047619047618625e-01 0.000000000000000000e+00 0.000000000000000000e+00 0.000000000000000000e+00 0.000000000000000000e+00 0.000000000000000000e+00
5.396825396825397081e-02 0.000000000000000000e+00 0.000000000000000000e+00 3.809523809523809867e-02 5.714285714285713969e-01 2.539682539682539680e-02 1.269841269841269840e-02 0.000000000000000000e+00 1.904761904761904934e-02 1.000000000000000000e+00 9.523809523809524669e-03 0.000000000000000000e+00 3.174603174603174600e-03 0.000000000000000000e+00 0.000000000000000000e+00
0.000000000000000000e+00 2.272727272727272790e-02 2.272727272727272790e-02 4.545454545454545581e-02 2.272727272727272790e-02 0.000000000000000000e+00 0.000000000000000000e+00 0.000000000000000000e+00 7.954545454545454142e-01 1.000000000000000000e+00 4.545454545454545581e-02 0.000000000000000000e+00 0.000000000000000000e+00 6.818181818181817677e-02 0.000000000000000000e+00
0.000000000000000000e+00 1.226993865030674875e-02 0.000000000000000000e+00 6.748466257668711554e-02 7.361963190184049599e-02 6.134969325153374377e-03 6.134969325153374377e-03 0.000000000000000000e+00 1.840490797546012400e-02 1.000000000000000000e+00 0.000000000000000000e+00 0.000000000000000000e+00 0.000000000000000000e+00 0.000000000000000000e+00 0.000000000000000000e+00
0.000000000000000000e+00 0.000000000000000000e+00 0.000000000000000000e+00 0.000000000000000000e+00 0.000000000000000000e+00 0.000000000000000000e+00 0.000000000000000000e+00 0.000000000000000000e+00 0.000000000000000000e+00 0.000000000000000000e+00 0.000000000000000000e+00 0.000000000000000000e+00 0.000000000000000000e+00 0.000000000000000000e+00 0.000000000000000000e+00
0.000000000000000000e+00 1.000000000000000000e+00 4.468864468864469086e-01 0.000000000000000000e+00 0.000000000000000000e+00 0.000000000000000000e+00 0.000000000000000000e+00 0.000000000000000000e+00 0.000000000000000000e+00 0.000000000000000000e+00 0.000000000000000000e+00 2.564102564102563875e-01 6.886446886446886406e-01 4.578754578754578586e-01 2.930402930402930400e-02
6.940063091482649993e-01 9.463722397476340836e-03 2.208201892744479644e-02 5.236593059936908157e-01 1.000000000000000000e+00 2.176656151419558427e-01 2.807570977917980826e-01 0.000000000000000000e+00 1.608832807570977907e-01 0.000000000000000000e+00 5.362776025236593025e-02 3.154574132492113468e-03 0.000000000000000000e+00 0.000000000000000000e+00 0.000000000000000000e+00
0.000000000000000000e+00 0.000000000000000000e+00 9.433962264150943036e-03 6.603773584905660299e-02 1.415094339622641473e-01 1.037735849056603821e-01 0.000000000000000000e+00 0.000000000000000000e+00 0.000000000000000000e+00 1.000000000000000000e+00 1.886792452830188607e-02 0.000000000000000000e+00 0.000000000000000000e+00 0.000000000000000000e+00 0.000000000000000000e+00
0.000000000000000000e+00 7.352941176470588480e-02 3.676470588235294240e-02 0.000000000000000000e+00 0.000000000000000000e+00 0.000000000000000000e+00 0.000000000000000000e+00 0.000000000000000000e+00 1.000000000000000000e+00 0.000000000000000000e+00 0.000000000000000000e+00 0.000000000000000000e+00 0.000000000000000000e+00 4.411764705882353227e-02 0.000000000000000000e+00
0.000000000000000000e+00 6.220095693779904150e-02 0.000000000000000000e+00 0.000000000000000000e+00 0.000000000000000000e+00 0.000000000000000000e+00 0.000000000000000000e+00 0.000000000000000000e+00 8.851674641148324918e-01 0.000000000000000000e+00 0.000000000000000000e+00 3.444976076555024136e-01 1.000000000000000000e+00 0.000000000000000000e+00 0.000000000000000000e+00
0.000000000000000000e+00 1.044776119402985037e-01 0.000000000000000000e+00 0.000000000000000000e+00 0.000000000000000000e+00 0.000000000000000000e+00 0.000000000000000000e+00 0.000000000000000000e+00 9.701492537313433084e-01 0.000000000000000000e+00 0.000000000000000000e+00 1.044776119402985037e-01 1.000000000000000000e+00 0.000000000000000000e+00 0.000000000000000000e+00
0.000000000000000000e+00 0.000000000000000000e+00 1.000000000000000000e+00 0.000000000000000000e+00 0.000000000000000000e+00 0.000000000000000000e+00 0.000000000000000000e+00 0.000000000000000000e+00 6.666666666666666297e-01 0.000000000000000000e+00 0.000000000000000000e+00 0.000000000000000000e+00 0.000000000000000000e+00 0.000000000000000000e+00 0.000000000000000000e+00
