7.621145374449339593e-01 0.000000000000000000e+00 0.000000000000000000e+00 0.000000000000000000e+00 7.048458149779736337e-02 0.000000000000000000e+00 3.920704845814977912e-01 0.000000000000000000e+00 8.810572687224670421e-03 1.000000000000000000e+00 0.000000000000000000e+00 4.405286343612335211e-03 0.000000000000000000e+00 0.000000000000000000e+00 0.000000000000000000e+00
0.000000000000000000e+00 6.928446771378709013e-01 4.363001745200698056e-02 0.000000000000000000e+00 0.000000000000000000e+00 0.000000000000000000e+00 0.000000000000000000e+00 0.000000000000000000e+00 1.000000000000000000e+00 0.000000000000000000e+00 0.000000000000000000e+00 1.745200698080279222e-02 2.268760907504362850e-02 2.705061082024432656e-02 6.108202443280977105e-03
0.000000000000000000e+00 3.630363036303630581e-02 2.310231023102310086e-02 0.000000000000000000e+00 0.000000000000000000e+00 0.000000000000000000e+00 0.000000000000000000e+00 0.000000000000000000e+00 4.488448844884488365e-01 0.000000000000000000e+00 1.000000000000000000e+00 0.000000000000000000e+00 0.000000000000000000e+00 2.640264026402640296e-02 1.980198019801980222e-02
5.748502994011975842e-01 0.000000000000000000e+00 0.000000000000000000e+00 0.000000000000000000e+00 6.586826347305389795e-02 5.988023952095808747e-03 1.137724550898203540e-01 0.000000000000000000e+00 5.988023952095808747e-03 1.000000000000000000e+00 0.000000000000000000e+00 0.000000000000000000e+00 0.000000000000000000e+00 0.000000000000000000e+00 0.000000000000000000e+00
1.328609388839681153e-02 3.542958370239149800e-03 8.857395925597874500e-04 1.948627103631532173e-02 6.926483613817537854e-01 1.062887511071744853e-02 9.743135518157660865e-03 0.000000000000000000e+00 2.657218777679362133e-03 1.000000000000000000e+00 8.857395925597874500e-04 0.000000000000000000e+00 0.000000000000000000e+00 0.000000000000000000e+00 0.000000000000000000e+00
1.041666666666666609e-02 9.375000000000000000e-02 0.000000000000000000e+00 0.000000000000000000e+00 0.000000000000000000e+00 0.000000000000000000e+00 1.041666666666666609e-02 0.000000000000000000e+00 1.000000000000000000e+00 6.041666666666666297e-01 1.041666666666666609e-02 1.041666666666666609e-02 0.000000000000000000e+00 4.166666666666666435e-02 5.208333333333333565e-02
0.000000000000000000e+00 4.149377593360995854e-03 4.149377593360995854e-03 2.489626556016597339e-02 6.639004149377593367e-02 1.659751037344398342e-02 0.000000000000000000e+00 0.000000000000000000e+00 2.904564315352697185e-02 1.000000000000000000e+00 4.149377593360995854e-03 0.000000000000000000e+00 0.000000000000000000e+00 0.000000000000000000e+00 0.000000000000000000e+00
0.000000000000000000e+00 0.000000000000000000e+00 0.000000000000000000e+00 0.000000000000000000e+00 0.000000000000000000e+00 0.000000000000000000e+00 0.000000000000000000e+00 0.000000000000000000e+00 0.000000000000000000e+00 0.000000000000000000e+00 0.000000000000000000e+00 0.000000000000000000e+00 0.000000000000000000e+00 0.000000000000000000e+00 0.000000000000000000e+00
0.000000000000000000e+00 1.000000000000000000e+00 3.104325699745547062e-01 0.000000000000000000e+00 0.000000000000000000e+00 0.000000000000000000e+00 0.000000000000000000e+00 0.000000000000000000e+00 0.000000000000000000e+00 0.000000000000000000e+00 0.000000000000000000e+00 1.653944020356234168e-01 2.417302798982188250e-01 2.044105173876166193e-01 3.307888040712467920e-02
1.971706454465075031e-01 7.957559681697612755e-03 5.305039787798408214e-03 2.281167108753315576e-01 1.000000000000000000e+00 1.202475685234305897e-01 1.388152077807250084e-01 0.000000000000000000e+00 1.282051282051281937e-01 0.000000000000000000e+00 3.890362511052166544e-02 1.768346595932802738e-03 8.841732979664013690e-04 3.536693191865605476e-03 0.000000000000000000e+00
0.000000000000000000e+00 0.000000000000000000e+00 0.000000000000000000e+00 3.061224489795918297e-02 8.163265306122448328e-02 7.823129251700680631e-02 0.000000000000000000e+00 0.000000000000000000e+00 0.000000000000000000e+00 1.000000000000000000e+00 0.000000000000000000e+00 0.000000000000000000e+00 0.000000000000000000e+00 0.000000000000000000e+00 3.401360544217686948e-03
0.000000000000000000e+00 8.865248226950354915e-02 2.127659574468085055e-02 0.000000000000000000e+00 0.000000000000000000e+00 0.000000000000000000e+00 0.000000000000000000e+00 0.000000000000000000e+00 1.000000000000000000e+00 0.000000000000000000e+00 0.000000000000000000e+00 0.000000000000000000e+00 0.000000000000000000e+00 2.836879432624113406e-02 7.092198581560283516e-03
0.000000000000000000e+00 9.090909090909091161e-02 0.000000000000000000e+00 0.000000000000000000e+00 0.000000000000000000e+00 0.000000000000000000e+00 0.000000000000000000e+00 0.000000000000000000e+00 1.000000000000000000e+00 0.000000000000000000e+00 0.000000000000000000e+00 3.286713286713286442e-01 7.027972027972028135e-01 0.000000000000000000e+00 3.496503496503496500e-03
0.000000000000000000e+00 7.954545454545454419e-02 0.000000000000000000e+00 0.000000000000000000e+00 0.000000000000000000e+00 0.000000000000000000e+00 0.000000000000000000e+00 0.000000000000000000e+00 1.000000000000000000e+00 0.000000000000000000e+00 0.000000000000000000e+00 5.681818181818181629e-02 5.397727272727272929e-01 0.000000000000000000e+00 5.681818181818181976e-03
0.000000000000000000e+00 5.714285714285714107e-02 1.000000000000000000e+00 0.000000000000000000e+00 0.000000000000000000e+00 0.000000000000000000e+00 0.000000000000000000e+00 0.000000000000000000e+00 7.142857142857143016e-01 0.000000000000000000e+00 0.000000000000000000e+00 0.000000000000000000e+00 0.000000000000000000e+00 0.000000000000000000e+00 0.000000000000000000e+00
