1.000000000000000000e+00 0.000000000000000000e+00 0.000000000000000000e+00 1.662971175166297116e-03 0.000000000000000000e+00 3.919068736141906872e-01 0.000000000000000000e+00 4.988913525498891131e-03 9.883592017738359603e-01 2.217294900221729488e-03 5.543237250554323720e-04 0.000000000000000000e+00 1.662971175166297116e-03 0.000000000000000000e+00 9.035476718403546992e-02
0.000000000000000000e+00 7.671865973425765484e-01 3.292894280762564962e-02 0.000000000000000000e+00 0.000000000000000000e+00 0.000000000000000000e+00 0.000000000000000000e+00 1.000000000000000000e+00 0.000000000000000000e+00 0.000000000000000000e+00 3.350664355863662569e-02 5.777007510109762826e-04 7.452339688041594024e-02 5.603697284806469919e-02 0.000000000000000000e+00
0.000000000000000000e+00 8.730158730158729674e-02 1.587301587301587213e-02 0.000000000000000000e+00 0.000000000000000000e+00 0.000000000000000000e+00 0.000000000000000000e+00 4.047619047619047672e-01 0.000000000000000000e+00 1.000000000000000000e+00 1.058201058201058142e-02 5.291005291005290712e-03 7.936507936507936067e-03 3.968253968253968034e-02 0.000000000000000000e+00
9.409395973154361936e-01 0.000000000000000000e+00 0.000000000000000000e+00 0.000000000000000000e+00 1.342281879194630800e-03 1.691275167785235012e-01 0.000000000000000000e+00 4.026845637583893051e-03 1.000000000000000000e+00 0.000000000000000000e+00 0.000000000000000000e+00 0.000000000000000000e+00 5.369127516778523200e-03 0.000000000000000000e+00 8.590604026845637120e-02
1.176470588235294101e-02 1.294117647058823650e-01 0.000000000000000000e+00 3.529411764705882304e-02 0.000000000000000000e+00 1.176470588235294101e-02 0.000000000000000000e+00 1.000000000000000000e+00 2.470588235294117752e-01 0.000000000000000000e+00 0.000000000000000000e+00 1.176470588235294101e-02 0.000000000000000000e+00 2.470588235294117752e-01 1.176470588235294101e-02
2.465078060805258719e-03 0.000000000000000000e+00 8.216926869350862396e-04 1.848808545603944087e-01 9.038619556285949069e-03 0.000000000000000000e+00 0.000000000000000000e+00 9.038619556285949069e-03 1.000000000000000000e+00 2.465078060805258719e-03 0.000000000000000000e+00 0.000000000000000000e+00 0.000000000000000000e+00 4.930156121610517438e-03 9.449465899753492493e-02
0.000000000000000000e+00 0.000000000000000000e+00 0.000000000000000000e+00 0.000000000000000000e+00 0.000000000000000000e+00 0.000000000000000000e+00 0.000000000000000000e+00 0.000000000000000000e+00 0.000000000000000000e+00 0.000000000000000000e+00 0.000000000000000000e+00 0.000000000000000000e+00 0.000000000000000000e+00 0.000000000000000000e+00 0.000000000000000000e+00
0.000000000000000000e+00 9.451754385964912242e-01 2.467105263157894635e-01 0.000000000000000000e+00 0.000000000000000000e+00 0.000000000000000000e+00 0.000000000000000000e+00 0.000000000000000000e+00 0.000000000000000000e+00 0.000000000000000000e+00 3.919956140350877027e-01 1.260964912280701684e-02 1.000000000000000000e+00 6.721491228070175517e-01 0.000000000000000000e+00
1.000000000000000000e+00 4.931506849315068358e-03 6.027397260273972823e-03 6.909589041095890449e-01 6.082191780821917526e-02 3.846575342465753389e-01 0.000000000000000000e+00 9.041095890410959235e-02 0.000000000000000000e+00 1.150684931506849341e-02 2.191780821917808063e-03 0.000000000000000000e+00 4.931506849315068358e-03 6.027397260273972823e-03 8.147945205479452113e-01
1.315789473684210453e-02 0.000000000000000000e+00 0.000000000000000000e+00 1.414473684210526272e-01 2.960526315789473520e-02 6.578947368421052266e-03 0.000000000000000000e+00 3.289473684210526133e-03 1.000000000000000000e+00 0.000000000000000000e+00 0.000000000000000000e+00 0.000000000000000000e+00 0.000000000000000000e+00 0.000000000000000000e+00 1.578947368421052544e-01
0.000000000000000000e+00 8.580343213728548746e-02 4.446177847113884363e-02 0.000000000000000000e+00 0.000000000000000000e+00 0.000000000000000000e+00 0.000000000000000000e+00 1.000000000000000000e+00 0.000000000000000000e+00 0.000000000000000000e+00 0.000000000000000000e+00 0.000000000000000000e+00 0.000000000000000000e+00 1.466458658346333765e-01 0.000000000000000000e+00
0.000000000000000000e+00 0.000000000000000000e+00 3.684210526315789269e-01 0.000000000000000000e+00 0.000000000000000000e+00 0.000000000000000000e+00 0.000000000000000000e+00 1.000000000000000000e+00 0.000000000000000000e+00 0.000000000000000000e+00 5.263157894736841813e-02 0.000000000000000000e+00 3.157894736842105088e-01 5.263157894736841813e-02 0.000000000000000000e+00
0.000000000000000000e+00 6.484295845997974095e-02 2.532928064842958522e-03 0.000000000000000000e+00 0.000000000000000000e+00 0.000000000000000000e+00 0.000000000000000000e+00 9.184397163120567864e-01 0.000000000000000000e+00 0.000000000000000000e+00 3.662613981762917748e-01 2.026342451874366905e-03 1.000000000000000000e+00 2.026342451874366905e-03 0.000000000000000000e+00
0.000000000000000000e+00 7.725321888412017834e-02 0.000000000000000000e+00 0.000000000000000000e+00 0.000000000000000000e+00 0.000000000000000000e+00 0.000000000000000000e+00 9.771101573676680419e-01 0.000000000000000000e+00 0.000000000000000000e+00 1.874105865522174563e-01 4.291845493562231745e-03 1.000000000000000000e+00 0.000000000000000000e+00 0.000000000000000000e+00
8.990944372574385945e-02 2.587322121604139925e-03 6.468305304010349812e-04 7.050452781371280286e-02 8.408796895213453346e-03 3.492884864165588660e-02 0.000000000000000000e+00 4.527813712807244109e-03 1.000000000000000000e+00 2.587322121604139925e-03 0.000000000000000000e+00 0.000000000000000000e+00 0.000000000000000000e+00 6.468305304010349812e-04 7.871927554980595598e-01
