4.383561643835616473e-02 0.000000000000000000e+00 0.000000000000000000e+00 0.000000000000000000e+00 2.739726027397260295e-03 0.000000000000000000e+00 0.000000000000000000e+00 0.000000000000000000e+00 0.000000000000000000e+00 0.000000000000000000e+00 1.000000000000000000e+00 0.000000000000000000e+00 0.000000000000000000e+00
0.000000000000000000e+00 5.978021978021977878e-01 4.505494505494505447e-02 0.000000000000000000e+00 0.000000000000000000e+00 0.000000000000000000e+00 0.000000000000000000e+00 1.000000000000000000e+00 0.000000000000000000e+00 0.000000000000000000e+00 0.000000000000000000e+00 0.000000000000000000e+00 2.197802197802197800e-03
3.678756476683937571e-01 4.663212435233160535e-02 3.108808290155440357e-02 0.000000000000000000e+00 0.000000000000000000e+00 0.000000000000000000e+00 1.000000000000000000e+00 3.626943005181347268e-01 0.000000000000000000e+00 0.000000000000000000e+00 0.000000000000000000e+00 1.347150259067357581e-01 5.129533678756477144e-01
0.000000000000000000e+00 9.451795841209830124e-04 0.000000000000000000e+00 5.935727788279773209e-01 1.890359168241965981e-02 0.000000000000000000e+00 0.000000000000000000e+00 1.039697542533081324e-02 0.000000000000000000e+00 1.000000000000000000e+00 0.000000000000000000e+00 2.835538752362949146e-03 0.000000000000000000e+00
0.000000000000000000e+00 1.700000000000000122e-01 0.000000000000000000e+00 1.000000000000000056e-01 5.000000000000000278e-02 0.000000000000000000e+00 0.000000000000000000e+00 1.000000000000000000e+00 0.000000000000000000e+00 8.199999999999999512e-01 0.000000000000000000e+00 4.299999999999999933e-01 7.000000000000000666e-02
0.000000000000000000e+00 0.000000000000000000e+00 0.000000000000000000e+00 0.000000000000000000e+00 0.000000000000000000e+00 0.000000000000000000e+00 0.000000000000000000e+00 0.000000000000000000e+00 0.000000000000000000e+00 0.000000000000000000e+00 0.000000000000000000e+00 0.000000000000000000e+00 0.000000000000000000e+00
0.000000000000000000e+00 0.000000000000000000e+00 0.000000000000000000e+00 0.000000000000000000e+00 0.000000000000000000e+00 0.000000000000000000e+00 1.282051282051282007e-02 0.000000000000000000e+00 1.000000000000000000e+00 0.000000000000000000e+00 0.000000000000000000e+00 0.000000000000000000e+00 0.000000000000000000e+00
0.000000000000000000e+00 1.000000000000000000e+00 3.503808487486398393e-01 0.000000000000000000e+00 0.000000000000000000e+00 0.000000000000000000e+00 0.000000000000000000e+00 0.000000000000000000e+00 0.000000000000000000e+00 0.000000000000000000e+00 0.000000000000000000e+00 0.000000000000000000e+00 2.611534276387377645e-02
1.000000000000000000e+00 0.000000000000000000e+00 0.000000000000000000e+00 0.000000000000000000e+00 0.000000000000000000e+00 0.000000000000000000e+00 7.866666666666666252e-01 0.000000000000000000e+00 3.333333333333333287e-02 0.000000000000000000e+00 0.000000000000000000e+00 3.733333333333333504e-01 0.000000000000000000e+00
0.000000000000000000e+00 5.763688760806916049e-03 2.881844380403458025e-03 1.000000000000000000e+00 1.844380403458213136e-01 0.000000000000000000e+00 0.000000000000000000e+00 1.498559077809798190e-01 0.000000000000000000e+00 0.000000000000000000e+00 0.000000000000000000e+00 2.113352545629202522e-02 9.606147934678193777e-04
6.515837104072398356e-01 0.000000000000000000e+00 0.000000000000000000e+00 0.000000000000000000e+00 0.000000000000000000e+00 0.000000000000000000e+00 0.000000000000000000e+00 0.000000000000000000e+00 0.000000000000000000e+00 0.000000000000000000e+00 7.239819004524887525e-02 1.000000000000000000e+00 0.000000000000000000e+00
0.000000000000000000e+00 0.000000000000000000e+00 7.117437722419928461e-03 1.494661921708184960e-01 1.637010676156583633e-01 0.000000000000000000e+00 0.000000000000000000e+00 0.000000000000000000e+00 0.000000000000000000e+00 1.000000000000000000e+00 0.000000000000000000e+00 1.779359430604982376e-02 0.000000000000000000e+00
0.000000000000000000e+00 1.000000000000000021e-02 1.000000000000000000e+00 0.000000000000000000e+00 0.000000000000000000e+00 0.000000000000000000e+00 1.000000000000000021e-02 1.799999999999999933e-01 1.300000000000000044e-01 0.000000000000000000e+00 0.000000000000000000e+00 0.000000000000000000e+00 2.999999999999999889e-02
