0.000000000000000000e+00 0.000000000000000000e+00 0.000000000000000000e+00 0.000000000000000000e+00 1.375000000000000111e-01 0.000000000000000000e+00 8.125000000000000000e-01 1.000000000000000000e+00 0.000000000000000000e+00 8.749999999999999445e-02
1.000000000000000000e+00 0.000000000000000000e+00 0.000000000000000000e+00 0.000000000000000000e+00 0.000000000000000000e+00 0.000000000000000000e+00 0.000000000000000000e+00 0.000000000000000000e+00 8.588957055214724301e-01 0.000000000000000000e+00
0.000000000000000000e+00 5.351170568561872815e-02 6.321070234113712605e-01 0.000000000000000000e+00 0.000000000000000000e+00 1.000000000000000000e+00 0.000000000000000000e+00 0.000000000000000000e+00 0.000000000000000000e+00 0.000000000000000000e+00
0.000000000000000000e+00 0.000000000000000000e+00 0.000000000000000000e+00 0.000000000000000000e+00 0.000000000000000000e+00 0.000000000000000000e+00 0.000000000000000000e+00 0.000000000000000000e+00 0.000000000000000000e+00 0.000000000000000000e+00
0.000000000000000000e+00 0.000000000000000000e+00 0.000000000000000000e+00 0.000000000000000000e+00 9.629629629629629095e-01 0.000000000000000000e+00 2.962962962962962798e-01 1.000000000000000000e+00 0.000000000000000000e+00 7.407407407407406996e-02
0.000000000000000000e+00 4.457236842105263275e-01 1.000000000000000000e+00 0.000000000000000000e+00 0.000000000000000000e+00 0.000000000000000000e+00 0.000000000000000000e+00 0.000000000000000000e+00 0.000000000000000000e+00 0.000000000000000000e+00
0.000000000000000000e+00 0.000000000000000000e+00 1.565762004175365318e-02 0.000000000000000000e+00 0.000000000000000000e+00 2.787056367432150239e-01 0.000000000000000000e+00 0.000000000000000000e+00 0.000000000000000000e+00 1.000000000000000000e+00
0.000000000000000000e+00 0.000000000000000000e+00 0.000000000000000000e+00 0.000000000000000000e+00 3.333333333333333148e-01 0.000000000000000000e+00 1.000000000000000000e+00 0.000000000000000000e+00 0.000000000000000000e+00 3.846153846153846367e-02
0.000000000000000000e+00 0.000000000000000000e+00 0.000000000000000000e+00 0.000000000000000000e+00 0.000000000000000000e+00 0.000000000000000000e+00 1.000000000000000000e+00 0.000000000000000000e+00 0.000000000000000000e+00 1.015625000000000000e-01
0.000000000000000000e+00 1.040582726326743073e-03 7.284079084287201078e-03 0.000000000000000000e+00 0.000000000000000000e+00 1.456815816857440216e-02 1.000000000000000000e+00 0.000000000000000000e+00 0.000000000000000000e+00 5.879292403746098072e-01
