0.000000000000000000e+00 0.000000000000000000e+00 0.000000000000000000e+00 0.000000000000000000e+00 0.000000000000000000e+00 0.000000000000000000e+00 0.000000000000000000e+00 0.000000000000000000e+00 0.000000000000000000e+00 0.000000000000000000e+00 0.000000000000000000e+00 0.000000000000000000e+00 0.000000000000000000e+00 0.000000000000000000e+00 0.000000000000000000e+00 0.000000000000000000e+00 0.000000000000000000e+00 0.000000000000000000e+00 0.000000000000000000e+00 0.000000000000000000e+00 0.000000000000000000e+00
0.000000000000000000e+00 1.298701298701298787e-02 0.000000000000000000e+00 0.000000000000000000e+00 0.000000000000000000e+00 3.896103896103896014e-02 3.896103896103896014e-02 0.000000000000000000e+00 1.298701298701298787e-02 0.000000000000000000e+00 1.818181818181818232e-01 5.194805194805195148e-02 0.000000000000000000e+00 1.298701298701298787e-02 9.610389610389610260e-01 1.298701298701298787e-02 0.000000000000000000e+00 1.000000000000000000e+00 0.000000000000000000e+00 0.000000000000000000e+00 0.000000000000000000e+00
0.000000000000000000e+00 0.000000000000000000e+00 6.319115323854660460e-01 0.000000000000000000e+00 4.107424960505529077e-02 0.000000000000000000e+00 0.000000000000000000e+00 3.159557661927329952e-02 0.000000000000000000e+00 0.000000000000000000e+00 0.000000000000000000e+00 0.000000000000000000e+00 1.000000000000000000e+00 0.000000000000000000e+00 0.000000000000000000e+00 0.000000000000000000e+00 2.527646129541864101e-02 0.000000000000000000e+00 1.895734597156398249e-02 0.000000000000000000e+00 0.000000000000000000e+00
0.000000000000000000e+00 0.000000000000000000e+00 0.000000000000000000e+00 0.000000000000000000e+00 0.000000000000000000e+00 0.000000000000000000e+00 0.000000000000000000e+00 0.000000000000000000e+00 0.000000000000000000e+00 0.000000000000000000e+00 0.000000000000000000e+00 0.000000000000000000e+00 0.000000000000000000e+00 0.000000000000000000e+00 1.000000000000000000e+00 0.000000000000000000e+00 0.000000000000000000e+00 1.000000000000000000e+00 0.000000000000000000e+00 0.000000000000000000e+00 0.000000000000000000e+00
0.000000000000000000e+00 1.000000000000000000e+00 1.714285714285714371e-02 0.000000000000000000e+00 1.142857142857142856e-02 0.000000000000000000e+00 0.000000000000000000e+00 0.000000000000000000e+00 0.000000000000000000e+00 0.000000000000000000e+00 0.000000000000000000e+00 0.000000000000000000e+00 1.600000000000000033e-01 0.000000000000000000e+00 0.000000000000000000e+00 7.314285714285714279e-01 1.714285714285714371e-02 0.000000000000000000e+00 0.000000000000000000e+00 0.000000000000000000e+00 0.000000000000000000e+00
0.000000000000000000e+00 0.000000000000000000e+00 0.000000000000000000e+00 0.000000000000000000e+00 0.000000000000000000e+00 0.000000000000000000e+00 7.784431137724551197e-02 0.000000000000000000e+00 2.994011976047904373e-03 1.377245508982035960e-01 0.000000000000000000e+00 0.000000000000000000e+00 2.095808383233532801e-02 0.000000000000000000e+00 1.000000000000000000e+00 8.982035928143712253e-03 2.994011976047904373e-03 0.000000000000000000e+00 5.988023952095808747e-03 4.700598802395209441e-01 0.000000000000000000e+00
0.000000000000000000e+00 0.000000000000000000e+00 3.601440576230492165e-03 0.000000000000000000e+00 0.000000000000000000e+00 4.921968787515006161e-02 6.458583433373349392e-01 1.200480192076830649e-03 3.601440576230492165e-03 3.001200480192076775e-02 0.000000000000000000e+00 0.000000000000000000e+00 1.680672268907562952e-02 0.000000000000000000e+00 1.000000000000000000e+00 7.202881152460984329e-03 0.000000000000000000e+00 0.000000000000000000e+00 0.000000000000000000e+00 2.040816326530612082e-02 0.000000000000000000e+00
0.000000000000000000e+00 0.000000000000000000e+00 5.978260869565217572e-02 0.000000000000000000e+00 0.000000000000000000e+00 0.000000000000000000e+00 0.000000000000000000e+00 0.000000000000000000e+00 0.000000000000000000e+00 0.000000000000000000e+00 0.000000000000000000e+00 0.000000000000000000e+00 1.000000000000000000e+00 0.000000000000000000e+00 0.000000000000000000e+00 0.000000000000000000e+00 2.065217391304347838e-01 0.000000000000000000e+00 6.304347826086956763e-01 0.000000000000000000e+00 0.000000000000000000e+00
0.000000000000000000e+00 0.000000000000000000e+00 2.127659574468085055e-02 0.000000000000000000e+00 0.000000000000000000e+00 6.382978723404254817e-02 6.382978723404254817e-02 2.127659574468085055e-02 0.000000000000000000e+00 0.000000000000000000e+00 0.000000000000000000e+00 0.000000000000000000e+00 8.510638297872340219e-02 0.000000000000000000e+00 1.000000000000000000e+00 0.000000000000000000e+00 0.000000000000000000e+00 0.000000000000000000e+00 0.000000000000000000e+00 2.127659574468085055e-02 0.000000000000000000e+00
0.000000000000000000e+00 0.000000000000000000e+00 4.376367614879649731e-03 0.000000000000000000e+00 0.000000000000000000e+00 5.689277899343544997e-02 7.002188183807439570e-02 0.000000000000000000e+00 2.188183807439824866e-03 0.000000000000000000e+00 0.000000000000000000e+00 0.000000000000000000e+00 1.969365426695842552e-02 0.000000000000000000e+00 1.000000000000000000e+00 1.094091903719912433e-02 0.000000000000000000e+00 0.000000000000000000e+00 0.000000000000000000e+00 0.000000000000000000e+00 4.376367614879649731e-03
0.000000000000000000e+00 0.000000000000000000e+00 0.000000000000000000e+00 0.000000000000000000e+00 0.000000000000000000e+00 0.000000000000000000e+00 1.052631578947368363e-01 0.000000000000000000e+00 0.000000000000000000e+00 0.000000000000000000e+00 1.000000000000000000e+00 0.000000000000000000e+00 0.000000000000000000e+00 0.000000000000000000e+00 4.736842105263157632e-01 0.000000000000000000e+00 0.000000000000000000e+00 8.421052631578946901e-01 0.000000000000000000e+00 0.000000000000000000e+00 0.000000000000000000e+00
0.000000000000000000e+00 0.000000000000000000e+00 0.000000000000000000e+00 2.500000000000000000e-01 0.000000000000000000e+00 0.000000000000000000e+00 0.000000000000000000e+00 0.000000000000000000e+00 0.000000000000000000e+00 0.000000000000000000e+00 0.000000000000000000e+00 0.000000000000000000e+00 0.000000000000000000e+00 0.000000000000000000e+00 1.000000000000000000e+00 0.000000000000000000e+00 0.000000000000000000e+00 5.000000000000000000e-01 0.000000000000000000e+00 0.000000000000000000e+00 0.000000000000000000e+00
0.000000000000000000e+00 0.000000000000000000e+00 1.000000000000000000e+00 0.000000000000000000e+00 4.402515723270440384e-01 0.000000000000000000e+00 0.000000000000000000e+00 4.685534591194968623e-01 0.000000000000000000e+00 0.000000000000000000e+00 0.000000000000000000e+00 0.000000000000000000e+00 0.000000000000000000e+00 0.000000000000000000e+00 0.000000000000000000e+00 0.000000000000000000e+00 3.459119496855345699e-01 0.000000000000000000e+00 3.380503144654087855e-01 0.000000000000000000e+00 4.716981132075472039e-02
0.000000000000000000e+00 0.000000000000000000e+00 0.000000000000000000e+00 0.000000000000000000e+00 0.000000000000000000e+00 0.000000000000000000e+00 0.000000000000000000e+00 0.000000000000000000e+00 0.000000000000000000e+00 0.000000000000000000e+00 0.000000000000000000e+00 0.000000000000000000e+00 0.000000000000000000e+00 0.000000000000000000e+00 1.000000000000000000e+00 0.000000000000000000e+00 0.000000000000000000e+00 0.000000000000000000e+00 0.000000000000000000e+00 0.000000000000000000e+00 0.000000000000000000e+00
0.000000000000000000e+00 0.000000000000000000e+00 2.132701421800948030e-02 0.000000000000000000e+00 0.000000000000000000e+00 5.864928909952606961e-01 1.000000000000000000e+00 1.303317535545023623e-02 3.199052132701421525e-02 3.542654028436019176e-01 0.000000000000000000e+00 0.000000000000000000e+00 2.452606635071090113e-01 0.000000000000000000e+00 0.000000000000000000e+00 5.450236966824644619e-02 3.554502369668246283e-03 0.000000000000000000e+00 1.066350710900474015e-02 3.412322274881516848e-01 2.369668246445497811e-03
0.000000000000000000e+00 0.000000000000000000e+00 0.000000000000000000e+00 0.000000000000000000e+00 7.042253521126760722e-03 4.225352112676056260e-02 9.154929577464789026e-02 7.042253521126760722e-03 1.830985915492957805e-01 1.408450704225352144e-02 0.000000000000000000e+00 0.000000000000000000e+00 0.000000000000000000e+00 0.000000000000000000e+00 1.000000000000000000e+00 0.000000000000000000e+00 0.000000000000000000e+00 0.000000000000000000e+00 0.000000000000000000e+00 0.000000000000000000e+00 0.000000000000000000e+00
0.000000000000000000e+00 0.000000000000000000e+00 5.172413793103448204e-02 0.000000000000000000e+00 4.310344827586207184e-02 0.000000000000000000e+00 0.000000000000000000e+00 4.310344827586207184e-02 0.000000000000000000e+00 0.000000000000000000e+00 0.000000000000000000e+00 0.000000000000000000e+00 1.000000000000000000e+00 0.000000000000000000e+00 0.000000000000000000e+00 0.000000000000000000e+00 0.000000000000000000e+00 0.000000000000000000e+00 0.000000000000000000e+00 0.000000000000000000e+00 0.000000000000000000e+00
0.000000000000000000e+00 4.285714285714285754e-02 0.000000000000000000e+00 1.428571428571428527e-02 0.000000000000000000e+00 4.285714285714285754e-02 2.857142857142857054e-02 0.000000000000000000e+00 1.428571428571428527e-02 0.000000000000000000e+00 1.857142857142857206e-01 4.285714285714285754e-02 0.000000000000000000e+00 0.000000000000000000e+00 1.000000000000000000e+00 0.000000000000000000e+00 0.000000000000000000e+00 0.000000000000000000e+00 0.000000000000000000e+00 0.000000000000000000e+00 0.000000000000000000e+00
0.000000000000000000e+00 0.000000000000000000e+00 6.222222222222222043e-02 0.000000000000000000e+00 4.444444444444444441e-03 0.000000000000000000e+00 0.000000000000000000e+00 0.000000000000000000e+00 0.000000000000000000e+00 0.000000000000000000e+00 0.000000000000000000e+00 0.000000000000000000e+00 1.000000000000000000e+00 0.000000000000000000e+00 0.000000000000000000e+00 0.000000000000000000e+00 5.066666666666667096e-01 0.000000000000000000e+00 7.777777777777777901e-01 0.000000000000000000e+00 0.000000000000000000e+00
0.000000000000000000e+00 0.000000000000000000e+00 0.000000000000000000e+00 0.000000000000000000e+00 0.000000000000000000e+00 0.000000000000000000e+00 6.498194945848374815e-02 0.000000000000000000e+00 0.000000000000000000e+00 5.848375451263537750e-01 0.000000000000000000e+00 0.000000000000000000e+00 1.444043321299639041e-02 0.000000000000000000e+00 1.000000000000000000e+00 3.610108303249097601e-03 3.610108303249097601e-03 0.000000000000000000e+00 0.000000000000000000e+00 7.436823104693141007e-01 0.000000000000000000e+00
0.000000000000000000e+00 0.000000000000000000e+00 6.250000000000000000e-02 0.000000000000000000e+00 9.375000000000000000e-01 0.000000000000000000e+00 0.000000000000000000e+00 1.250000000000000000e-01 0.000000000000000000e+00 0.000000000000000000e+00 0.000000000000000000e+00 0.000000000000000000e+00 1.000000000000000000e+00 0.000000000000000000e+00 0.000000000000000000e+00 0.000000000000000000e+00 0.000000000000000000e+00 0.000000000000000000e+00 0.000000000000000000e+00 0.000000000000000000e+00 0.000000000000000000e+00
