0.000000000000000000e+00 0.000000000000000000e+00 1.075268817204301161e-02 0.000000000000000000e+00 1.290322580645161255e-01 0.000000000000000000e+00 9.032258064516128782e-01 1.000000000000000000e+00 0.000000000000000000e+00 7.526881720430107781e-02
0.000000000000000000e+00 6.248431618569636470e-01 4.893350062735257050e-02 0.000000000000000000e+00 0.000000000000000000e+00 1.000000000000000000e+00 0.000000000000000000e+00 0.000000000000000000e+00 0.000000000000000000e+00 0.000000000000000000e+00
1.000000000000000000e+00 0.000000000000000000e+00 0.000000000000000000e+00 0.000000000000000000e+00 0.000000000000000000e+00 0.000000000000000000e+00 0.000000000000000000e+00 0.000000000000000000e+00 9.591836734693877098e-01 0.000000000000000000e+00
0.000000000000000000e+00 0.000000000000000000e+00 0.000000000000000000e+00 0.000000000000000000e+00 0.000000000000000000e+00 0.000000000000000000e+00 0.000000000000000000e+00 0.000000000000000000e+00 0.000000000000000000e+00 0.000000000000000000e+00
0.000000000000000000e+00 0.000000000000000000e+00 0.000000000000000000e+00 0.000000000000000000e+00 1.000000000000000000e+00 0.000000000000000000e+00 6.315789473684210176e-01 6.315789473684210176e-01 0.000000000000000000e+00 1.052631578947368363e-01
0.000000000000000000e+00 1.000000000000000000e+00 4.283935242839352342e-01 0.000000000000000000e+00 0.000000000000000000e+00 0.000000000000000000e+00 0.000000000000000000e+00 0.000000000000000000e+00 0.000000000000000000e+00 0.000000000000000000e+00
0.000000000000000000e+00 2.100840336134453951e-02 0.000000000000000000e+00 0.000000000000000000e+00 0.000000000000000000e+00 2.806722689075630273e-01 0.000000000000000000e+00 0.000000000000000000e+00 0.000000000000000000e+00 1.000000000000000000e+00
0.000000000000000000e+00 0.000000000000000000e+00 0.000000000000000000e+00 0.000000000000000000e+00 1.573033707865168496e-01 0.000000000000000000e+00 1.000000000000000000e+00 0.000000000000000000e+00 0.000000000000000000e+00 2.247191011235954994e-02
0.000000000000000000e+00 0.000000000000000000e+00 5.882352941176470507e-03 0.000000000000000000e+00 0.000000000000000000e+00 0.000000000000000000e+00 1.000000000000000000e+00 0.000000000000000000e+00 0.000000000000000000e+00 1.000000000000000056e-01
0.000000000000000000e+00 6.700167504187604789e-03 0.000000000000000000e+00 0.000000000000000000e+00 0.000000000000000000e+00 1.340033500837520958e-02 1.000000000000000000e+00 0.000000000000000000e+00 0.000000000000000000e+00 6.105527638190955120e-01
