4.649122807017543879e-01 0.000000000000000000e+00 0.000000000000000000e+00 0.000000000000000000e+00 3.859649122807017330e-01 0.000000000000000000e+00 8.771929824561403022e-03 1.000000000000000000e+00 0.000000000000000000e+00 0.000000000000000000e+00 8.771929824561403022e-03 0.000000000000000000e+00 4.385964912280701511e-02
0.000000000000000000e+00 6.966759002770083198e-01 3.047091412742382321e-02 0.000000000000000000e+00 0.000000000000000000e+00 0.000000000000000000e+00 1.000000000000000000e+00 0.000000000000000000e+00 0.000000000000000000e+00 1.662049861495844966e-02 1.246537396121883724e-02 1.662049861495844966e-02 0.000000000000000000e+00
0.000000000000000000e+00 0.000000000000000000e+00 0.000000000000000000e+00 0.000000000000000000e+00 0.000000000000000000e+00 0.000000000000000000e+00 0.000000000000000000e+00 0.000000000000000000e+00 1.000000000000000000e+00 0.000000000000000000e+00 0.000000000000000000e+00 0.000000000000000000e+00 0.000000000000000000e+00
4.812030075187969658e-01 0.000000000000000000e+00 0.000000000000000000e+00 0.000000000000000000e+00 1.353383458646616466e-01 0.000000000000000000e+00 0.000000000000000000e+00 1.000000000000000000e+00 0.000000000000000000e+00 7.518796992481202590e-03 0.000000000000000000e+00 0.000000000000000000e+00 8.270676691729322849e-02
0.000000000000000000e+00 0.000000000000000000e+00 0.000000000000000000e+00 2.352941176470588203e-02 0.000000000000000000e+00 0.000000000000000000e+00 3.529411764705882304e-02 1.000000000000000000e+00 0.000000000000000000e+00 0.000000000000000000e+00 0.000000000000000000e+00 0.000000000000000000e+00 1.470588235294117696e-01
0.000000000000000000e+00 0.000000000000000000e+00 0.000000000000000000e+00 0.000000000000000000e+00 0.000000000000000000e+00 0.000000000000000000e+00 0.000000000000000000e+00 0.000000000000000000e+00 0.000000000000000000e+00 0.000000000000000000e+00 0.000000000000000000e+00 0.000000000000000000e+00 0.000000000000000000e+00
0.000000000000000000e+00 1.000000000000000000e+00 2.612859097127223085e-01 0.000000000000000000e+00 0.000000000000000000e+00 0.000000000000000000e+00 0.000000000000000000e+00 0.000000000000000000e+00 0.000000000000000000e+00 2.024623803009575895e-01 1.477428180574555383e-01 2.530779753761969730e-01 0.000000000000000000e+00
1.554828150572831469e-01 1.145662847790507310e-02 0.000000000000000000e+00 3.256955810147299513e-01 2.127659574468085124e-01 0.000000000000000000e+00 2.765957446808510745e-01 0.000000000000000000e+00 0.000000000000000000e+00 1.636661211129296313e-03 1.636661211129296313e-03 3.273322422258592625e-03 1.000000000000000000e+00
0.000000000000000000e+00 0.000000000000000000e+00 0.000000000000000000e+00 1.562500000000000000e-02 0.000000000000000000e+00 0.000000000000000000e+00 0.000000000000000000e+00 1.000000000000000000e+00 0.000000000000000000e+00 0.000000000000000000e+00 0.000000000000000000e+00 0.000000000000000000e+00 1.093750000000000000e-01
0.000000000000000000e+00 8.292682926829268719e-02 1.463414634146341549e-02 0.000000000000000000e+00 0.000000000000000000e+00 0.000000000000000000e+00 1.000000000000000000e+00 0.000000000000000000e+00 0.000000000000000000e+00 0.000000000000000000e+00 0.000000000000000000e+00 5.365853658536585274e-02 0.000000000000000000e+00
0.000000000000000000e+00 7.216494845360824084e-02 0.000000000000000000e+00 0.000000000000000000e+00 0.000000000000000000e+00 0.000000000000000000e+00 1.000000000000000000e+00 0.000000000000000000e+00 0.000000000000000000e+00 4.845360824742268036e-01 3.402061855670103219e-01 0.000000000000000000e+00 0.000000000000000000e+00
0.000000000000000000e+00 6.250000000000000000e-02 0.000000000000000000e+00 0.000000000000000000e+00 0.000000000000000000e+00 0.000000000000000000e+00 1.000000000000000000e+00 0.000000000000000000e+00 0.000000000000000000e+00 1.736111111111111049e-01 2.222222222222222099e-01 0.000000000000000000e+00 0.000000000000000000e+00
9.900990099009901110e-03 9.900990099009901110e-03 0.000000000000000000e+00 3.465346534653465649e-02 2.145214521452145154e-02 0.000000000000000000e+00 3.135313531353135091e-02 1.000000000000000000e+00 0.000000000000000000e+00 3.300330033003300370e-03 0.000000000000000000e+00 0.000000000000000000e+00 5.660066006600660282e-01
