9.651162790697674909e-01 0.000000000000000000e+00 0.000000000000000000e+00 0.000000000000000000e+00 0.000000000000000000e+00 1.000000000000000000e+00 0.000000000000000000e+00 3.488372093023255766e-02 3.139534883720930258e-01 0.000000000000000000e+00 2.325581395348837177e-02 0.000000000000000000e+00 4.651162790697674354e-02
0.000000000000000000e+00 0.000000000000000000e+00 1.923076923076923184e-01 0.000000000000000000e+00 3.461538461538461453e-01 0.000000000000000000e+00 0.000000000000000000e+00 1.000000000000000000e+00 0.000000000000000000e+00 1.346153846153846090e-01 5.769230769230769551e-02 0.000000000000000000e+00 0.000000000000000000e+00
0.000000000000000000e+00 0.000000000000000000e+00 0.000000000000000000e+00 0.000000000000000000e+00 0.000000000000000000e+00 0.000000000000000000e+00 0.000000000000000000e+00 0.000000000000000000e+00 0.000000000000000000e+00 0.000000000000000000e+00 0.000000000000000000e+00 1.000000000000000000e+00 0.000000000000000000e+00
1.000000000000000000e+00 0.000000000000000000e+00 0.000000000000000000e+00 0.000000000000000000e+00 0.000000000000000000e+00 8.452380952380952328e-01 0.000000000000000000e+00 4.761904761904761640e-02 5.833333333333333703e-01 4.761904761904761640e-02 4.761904761904761640e-02 0.000000000000000000e+00 4.761904761904761640e-02
0.000000000000000000e+00 1.012658227848101250e-01 0.000000000000000000e+00 0.000000000000000000e+00 0.000000000000000000e+00 0.000000000000000000e+00 0.000000000000000000e+00 5.569620253164556667e-01 0.000000000000000000e+00 9.113924050632911111e-01 1.000000000000000000e+00 0.000000000000000000e+00 0.000000000000000000e+00
0.000000000000000000e+00 2.325581395348837177e-02 0.000000000000000000e+00 1.472868217054263684e-01 6.201550387596899139e-02 0.000000000000000000e+00 0.000000000000000000e+00 2.015503875968992220e-01 1.000000000000000000e+00 0.000000000000000000e+00 0.000000000000000000e+00 0.000000000000000000e+00 8.527131782945736316e-02
0.000000000000000000e+00 0.000000000000000000e+00 0.000000000000000000e+00 0.000000000000000000e+00 0.000000000000000000e+00 0.000000000000000000e+00 0.000000000000000000e+00 0.000000000000000000e+00 0.000000000000000000e+00 0.000000000000000000e+00 0.000000000000000000e+00 0.000000000000000000e+00 0.000000000000000000e+00
0.000000000000000000e+00 2.999999999999999889e-01 1.000000000000000000e+00 0.000000000000000000e+00 6.705882352941175961e-01 0.000000000000000000e+00 0.000000000000000000e+00 0.000000000000000000e+00 0.000000000000000000e+00 3.588235294117647078e-01 1.529411764705882470e-01 0.000000000000000000e+00 0.000000000000000000e+00
2.173913043478260809e-01 8.074534161490683204e-02 0.000000000000000000e+00 1.000000000000000000e+00 1.987577639751552661e-01 2.236024844720496951e-01 0.000000000000000000e+00 5.465838509316770510e-01 0.000000000000000000e+00 1.863354037267080793e-02 0.000000000000000000e+00 0.000000000000000000e+00 4.596273291925465632e-01
0.000000000000000000e+00 7.831325301204819511e-02 1.265060240963855331e-01 0.000000000000000000e+00 1.746987951807228989e-01 0.000000000000000000e+00 0.000000000000000000e+00 1.000000000000000000e+00 0.000000000000000000e+00 0.000000000000000000e+00 0.000000000000000000e+00 0.000000000000000000e+00 0.000000000000000000e+00
0.000000000000000000e+00 2.298850574712643646e-02 0.000000000000000000e+00 0.000000000000000000e+00 0.000000000000000000e+00 0.000000000000000000e+00 0.000000000000000000e+00 3.448275862068965747e-01 0.000000000000000000e+00 9.425287356321838672e-01 1.000000000000000000e+00 0.000000000000000000e+00 0.000000000000000000e+00
0.000000000000000000e+00 0.000000000000000000e+00 0.000000000000000000e+00 1.265060240963855331e-01 0.000000000000000000e+00 0.000000000000000000e+00 0.000000000000000000e+00 0.000000000000000000e+00 1.000000000000000000e+00 0.000000000000000000e+00 0.000000000000000000e+00 0.000000000000000000e+00 8.433734939759035543e-02
4.225352112676056260e-02 0.000000000000000000e+00 0.000000000000000000e+00 2.676056338028168780e-01 2.816901408450704289e-02 4.225352112676056260e-02 0.000000000000000000e+00 1.267605633802816878e-01 1.000000000000000000e+00 0.000000000000000000e+00 0.000000000000000000e+00 0.000000000000000000e+00 0.000000000000000000e+00
