0.000000000000000000e+00 0.000000000000000000e+00 0.000000000000000000e+00 0.000000000000000000e+00 0.000000000000000000e+00 1.203703703703703637e-01 0.000000000000000000e+00 0.000000000000000000e+00 0.000000000000000000e+00 9.907407407407406996e-01 1.000000000000000000e+00 0.000000000000000000e+00 0.000000000000000000e+00 2.777777777777777624e-02 1.296296296296296224e-01
0.000000000000000000e+00 6.054590570719603493e-01 6.823821339950372766e-02 0.000000000000000000e+00 0.000000000000000000e+00 0.000000000000000000e+00 0.000000000000000000e+00 1.000000000000000000e+00 0.000000000000000000e+00 0.000000000000000000e+00 0.000000000000000000e+00 3.722084367245657565e-03 0.000000000000000000e+00 0.000000000000000000e+00 0.000000000000000000e+00
1.000000000000000000e+00 4.761904761904761640e-02 1.058201058201058142e-02 0.000000000000000000e+00 0.000000000000000000e+00 0.000000000000000000e+00 2.063492063492063378e-01 5.608465608465608154e-01 0.000000000000000000e+00 0.000000000000000000e+00 0.000000000000000000e+00 1.322751322751322678e-01 0.000000000000000000e+00 6.931216931216931387e-01 0.000000000000000000e+00
0.000000000000000000e+00 1.076923076923076983e-01 7.692307692307692735e-03 1.538461538461538547e-02 0.000000000000000000e+00 0.000000000000000000e+00 0.000000000000000000e+00 1.000000000000000000e+00 0.000000000000000000e+00 9.461538461538461231e-01 0.000000000000000000e+00 1.538461538461538547e-02 0.000000000000000000e+00 2.307692307692307820e-02 1.384615384615384692e-01
0.000000000000000000e+00 0.000000000000000000e+00 0.000000000000000000e+00 0.000000000000000000e+00 0.000000000000000000e+00 0.000000000000000000e+00 0.000000000000000000e+00 0.000000000000000000e+00 0.000000000000000000e+00 0.000000000000000000e+00 0.000000000000000000e+00 0.000000000000000000e+00 0.000000000000000000e+00 0.000000000000000000e+00 0.000000000000000000e+00
0.000000000000000000e+00 0.000000000000000000e+00 0.000000000000000000e+00 0.000000000000000000e+00 0.000000000000000000e+00 5.384615384615384359e-01 0.000000000000000000e+00 0.000000000000000000e+00 0.000000000000000000e+00 3.846153846153846367e-01 1.000000000000000000e+00 0.000000000000000000e+00 0.000000000000000000e+00 0.000000000000000000e+00 3.076923076923077094e-01
0.000000000000000000e+00 0.000000000000000000e+00 0.000000000000000000e+00 0.000000000000000000e+00 0.000000000000000000e+00 0.000000000000000000e+00 0.000000000000000000e+00 0.000000000000000000e+00 1.000000000000000000e+00 0.000000000000000000e+00 6.086956521739130821e-01 0.000000000000000000e+00 8.695652173913043237e-02 0.000000000000000000e+00 0.000000000000000000e+00
0.000000000000000000e+00 1.000000000000000000e+00 4.771084337349397742e-01 0.000000000000000000e+00 0.000000000000000000e+00 0.000000000000000000e+00 0.000000000000000000e+00 0.000000000000000000e+00 0.000000000000000000e+00 0.000000000000000000e+00 0.000000000000000000e+00 4.457831325301205017e-02 0.000000000000000000e+00 0.000000000000000000e+00 0.000000000000000000e+00
1.000000000000000000e+00 0.000000000000000000e+00 0.000000000000000000e+00 0.000000000000000000e+00 0.000000000000000000e+00 0.000000000000000000e+00 0.000000000000000000e+00 0.000000000000000000e+00 0.000000000000000000e+00 0.000000000000000000e+00 0.000000000000000000e+00 0.000000000000000000e+00 0.000000000000000000e+00 1.666666666666666574e-01 0.000000000000000000e+00
0.000000000000000000e+00 6.457564575645756595e-03 1.199261992619926262e-02 2.158671586715867063e-01 0.000000000000000000e+00 0.000000000000000000e+00 0.000000000000000000e+00 1.761992619926199266e-01 0.000000000000000000e+00 0.000000000000000000e+00 0.000000000000000000e+00 9.225092250922508957e-04 0.000000000000000000e+00 5.996309963099630963e-02 1.000000000000000000e+00
2.061855670103092744e-02 0.000000000000000000e+00 0.000000000000000000e+00 0.000000000000000000e+00 0.000000000000000000e+00 9.278350515463917869e-02 0.000000000000000000e+00 0.000000000000000000e+00 0.000000000000000000e+00 1.000000000000000000e+00 0.000000000000000000e+00 0.000000000000000000e+00 2.680412371134020533e-01 0.000000000000000000e+00 4.123711340206185488e-02
0.000000000000000000e+00 1.290322580645161255e-01 1.000000000000000000e+00 0.000000000000000000e+00 0.000000000000000000e+00 0.000000000000000000e+00 0.000000000000000000e+00 5.806451612903226200e-01 3.870967741935483764e-01 0.000000000000000000e+00 9.677419354838709409e-02 0.000000000000000000e+00 0.000000000000000000e+00 0.000000000000000000e+00 0.000000000000000000e+00
1.000000000000000000e+00 0.000000000000000000e+00 0.000000000000000000e+00 0.000000000000000000e+00 0.000000000000000000e+00 0.000000000000000000e+00 0.000000000000000000e+00 0.000000000000000000e+00 0.000000000000000000e+00 0.000000000000000000e+00 0.000000000000000000e+00 0.000000000000000000e+00 0.000000000000000000e+00 1.666666666666666574e-01 0.000000000000000000e+00
0.000000000000000000e+00 0.000000000000000000e+00 1.324503311258278145e-02 2.649006622516556497e-01 0.000000000000000000e+00 0.000000000000000000e+00 0.000000000000000000e+00 0.000000000000000000e+00 0.000000000000000000e+00 1.000000000000000000e+00 0.000000000000000000e+00 0.000000000000000000e+00 0.000000000000000000e+00 0.000000000000000000e+00 1.788079470198675469e-01
0.000000000000000000e+00 0.000000000000000000e+00 1.798561151079136784e-03 1.528776978417266223e-02 0.000000000000000000e+00 0.000000000000000000e+00 0.000000000000000000e+00 1.079136690647482071e-02 0.000000000000000000e+00 1.000000000000000000e+00 0.000000000000000000e+00 0.000000000000000000e+00 0.000000000000000000e+00 7.194244604316547137e-03 6.528776978417266674e-01
