0.000000000000000000e+00 0.000000000000000000e+00 4.830917874396135035e-03 0.000000000000000000e+00 0.000000000000000000e+00 6.763285024154588876e-02 0.000000000000000000e+00 0.000000000000000000e+00 1.000000000000000000e+00 0.000000000000000000e+00 0.000000000000000000e+00 0.000000000000000000e+00
1.000000000000000000e+00 0.000000000000000000e+00 0.000000000000000000e+00 0.000000000000000000e+00 0.000000000000000000e+00 0.000000000000000000e+00 1.954545454545454641e-01 0.000000000000000000e+00 0.000000000000000000e+00 4.545454545454545234e-03 0.000000000000000000e+00 9.090909090909090468e-03
0.000000000000000000e+00 1.763668430335096904e-03 5.925925925925925597e-01 2.116402116402116285e-02 0.000000000000000000e+00 0.000000000000000000e+00 1.410934744268077523e-02 1.000000000000000000e+00 0.000000000000000000e+00 0.000000000000000000e+00 1.763668430335096904e-03 3.527336860670193808e-03
0.000000000000000000e+00 0.000000000000000000e+00 1.369863013698630061e-02 0.000000000000000000e+00 0.000000000000000000e+00 0.000000000000000000e+00 1.000000000000000000e+00 8.630136986301369939e-01 0.000000000000000000e+00 0.000000000000000000e+00 0.000000000000000000e+00 8.219178082191780366e-02
0.000000000000000000e+00 0.000000000000000000e+00 0.000000000000000000e+00 0.000000000000000000e+00 0.000000000000000000e+00 0.000000000000000000e+00 0.000000000000000000e+00 0.000000000000000000e+00 0.000000000000000000e+00 0.000000000000000000e+00 0.000000000000000000e+00 0.000000000000000000e+00
0.000000000000000000e+00 0.000000000000000000e+00 1.948051948051948007e-02 0.000000000000000000e+00 0.000000000000000000e+00 5.649350649350649567e-01 0.000000000000000000e+00 7.792207792207792028e-02 1.000000000000000000e+00 0.000000000000000000e+00 0.000000000000000000e+00 0.000000000000000000e+00
0.000000000000000000e+00 5.167037861915367847e-01 0.000000000000000000e+00 0.000000000000000000e+00 0.000000000000000000e+00 0.000000000000000000e+00 0.000000000000000000e+00 0.000000000000000000e+00 0.000000000000000000e+00 1.559020044543429906e-02 0.000000000000000000e+00 1.000000000000000000e+00
0.000000000000000000e+00 5.253940455341506166e-03 1.000000000000000000e+00 2.206654991243432451e-01 0.000000000000000000e+00 0.000000000000000000e+00 2.119089316987740890e-01 0.000000000000000000e+00 0.000000000000000000e+00 0.000000000000000000e+00 2.276707530647986005e-02 1.225919439579684772e-02
5.208333333333333044e-03 0.000000000000000000e+00 6.770833333333332871e-02 0.000000000000000000e+00 0.000000000000000000e+00 8.072916666666666297e-01 0.000000000000000000e+00 1.000000000000000000e+00 0.000000000000000000e+00 0.000000000000000000e+00 0.000000000000000000e+00 0.000000000000000000e+00
0.000000000000000000e+00 1.000000000000000000e+00 0.000000000000000000e+00 0.000000000000000000e+00 0.000000000000000000e+00 0.000000000000000000e+00 1.000000000000000000e+00 0.000000000000000000e+00 0.000000000000000000e+00 0.000000000000000000e+00 0.000000000000000000e+00 2.500000000000000000e-01
0.000000000000000000e+00 0.000000000000000000e+00 2.857142857142856984e-01 7.142857142857143016e-01 0.000000000000000000e+00 0.000000000000000000e+00 0.000000000000000000e+00 1.000000000000000000e+00 0.000000000000000000e+00 0.000000000000000000e+00 0.000000000000000000e+00 0.000000000000000000e+00
0.000000000000000000e+00 6.150341685649202833e-02 0.000000000000000000e+00 0.000000000000000000e+00 0.000000000000000000e+00 0.000000000000000000e+00 1.000000000000000000e+00 0.000000000000000000e+00 0.000000000000000000e+00 2.277904328018223127e-03 0.000000000000000000e+00 6.195899772209567669e-01
