1.000000000000000000e+00 0.000000000000000000e+00 0.000000000000000000e+00 0.000000000000000000e+00 0.000000000000000000e+00 0.000000000000000000e+00 5.024630541871921013e-02 0.000000000000000000e+00 2.955665024630542079e-03 2.729064039408867215e-01 0.000000000000000000e+00 0.000000000000000000e+00 6.896551724137930939e-03 9.852216748768472150e-04 1.674876847290640222e-02
0.000000000000000000e+00 6.144067796610169774e-01 3.898305084745763011e-02 0.000000000000000000e+00 4.237288135593220324e-03 0.000000000000000000e+00 0.000000000000000000e+00 0.000000000000000000e+00 1.000000000000000000e+00 0.000000000000000000e+00 3.389830508474576173e-03 0.000000000000000000e+00 2.542372881355932368e-02 0.000000000000000000e+00 0.000000000000000000e+00
0.000000000000000000e+00 2.427184466019417265e-03 4.854368932038834530e-03 0.000000000000000000e+00 0.000000000000000000e+00 0.000000000000000000e+00 0.000000000000000000e+00 0.000000000000000000e+00 3.155339805825242705e-02 0.000000000000000000e+00 0.000000000000000000e+00 0.000000000000000000e+00 4.854368932038834530e-03 1.000000000000000000e+00 0.000000000000000000e+00
1.000000000000000000e+00 0.000000000000000000e+00 0.000000000000000000e+00 0.000000000000000000e+00 0.000000000000000000e+00 0.000000000000000000e+00 0.000000000000000000e+00 0.000000000000000000e+00 0.000000000000000000e+00 2.318840579710144956e-01 0.000000000000000000e+00 0.000000000000000000e+00 1.449275362318840597e-02 0.000000000000000000e+00 0.000000000000000000e+00
0.000000000000000000e+00 1.754385964912280604e-02 0.000000000000000000e+00 0.000000000000000000e+00 0.000000000000000000e+00 0.000000000000000000e+00 0.000000000000000000e+00 0.000000000000000000e+00 2.456140350877192846e-01 0.000000000000000000e+00 1.754385964912280604e-02 0.000000000000000000e+00 1.000000000000000000e+00 0.000000000000000000e+00 0.000000000000000000e+00
0.000000000000000000e+00 5.263157894736841813e-02 0.000000000000000000e+00 0.000000000000000000e+00 0.000000000000000000e+00 0.000000000000000000e+00 0.000000000000000000e+00 0.000000000000000000e+00 5.263157894736841813e-02 1.000000000000000000e+00 0.000000000000000000e+00 0.000000000000000000e+00 0.000000000000000000e+00 0.000000000000000000e+00 1.578947368421052544e-01
0.000000000000000000e+00 1.639344262295082053e-02 0.000000000000000000e+00 1.639344262295082053e-02 0.000000000000000000e+00 0.000000000000000000e+00 0.000000000000000000e+00 0.000000000000000000e+00 4.918032786885245811e-02 1.000000000000000000e+00 0.000000000000000000e+00 0.000000000000000000e+00 0.000000000000000000e+00 0.000000000000000000e+00 8.196721311475409222e-02
0.000000000000000000e+00 0.000000000000000000e+00 0.000000000000000000e+00 0.000000000000000000e+00 0.000000000000000000e+00 0.000000000000000000e+00 0.000000000000000000e+00 0.000000000000000000e+00 0.000000000000000000e+00 0.000000000000000000e+00 0.000000000000000000e+00 0.000000000000000000e+00 0.000000000000000000e+00 0.000000000000000000e+00 0.000000000000000000e+00
0.000000000000000000e+00 1.000000000000000000e+00 3.115029387069689348e-01 0.000000000000000000e+00 5.625524769101595407e-02 0.000000000000000000e+00 0.000000000000000000e+00 0.000000000000000000e+00 0.000000000000000000e+00 0.000000000000000000e+00 1.427371956339210796e-02 1.091519731318220041e-02 2.493702770780856504e-01 0.000000000000000000e+00 0.000000000000000000e+00
2.229617304492512442e-01 1.663893510815307730e-02 0.000000000000000000e+00 6.156405990016639018e-02 0.000000000000000000e+00 1.331114808652246288e-02 1.663893510815307730e-02 0.000000000000000000e+00 2.811980033277869939e-01 0.000000000000000000e+00 0.000000000000000000e+00 0.000000000000000000e+00 3.327787021630615721e-03 1.913477537437604029e-02 1.000000000000000000e+00
0.000000000000000000e+00 1.447368421052631637e-01 5.263157894736841813e-02 0.000000000000000000e+00 0.000000000000000000e+00 0.000000000000000000e+00 0.000000000000000000e+00 0.000000000000000000e+00 1.000000000000000000e+00 0.000000000000000000e+00 0.000000000000000000e+00 0.000000000000000000e+00 0.000000000000000000e+00 0.000000000000000000e+00 0.000000000000000000e+00
0.000000000000000000e+00 0.000000000000000000e+00 7.777777777777777901e-01 0.000000000000000000e+00 0.000000000000000000e+00 0.000000000000000000e+00 0.000000000000000000e+00 0.000000000000000000e+00 1.000000000000000000e+00 0.000000000000000000e+00 0.000000000000000000e+00 0.000000000000000000e+00 0.000000000000000000e+00 0.000000000000000000e+00 0.000000000000000000e+00
0.000000000000000000e+00 2.857142857142857054e-02 0.000000000000000000e+00 0.000000000000000000e+00 0.000000000000000000e+00 0.000000000000000000e+00 0.000000000000000000e+00 0.000000000000000000e+00 2.838095238095237893e-01 0.000000000000000000e+00 6.571428571428571119e-02 1.904761904761904760e-03 1.000000000000000000e+00 0.000000000000000000e+00 0.000000000000000000e+00
2.695417789757412544e-03 5.390835579514825088e-03 2.695417789757412544e-03 8.086253369272237632e-03 0.000000000000000000e+00 1.886792452830188607e-02 0.000000000000000000e+00 0.000000000000000000e+00 0.000000000000000000e+00 1.000000000000000000e+00 0.000000000000000000e+00 0.000000000000000000e+00 0.000000000000000000e+00 2.695417789757412544e-03 1.428571428571428492e-01
1.474201474201474252e-02 5.733005733005732719e-03 0.000000000000000000e+00 6.552006552006552423e-03 8.190008190008190529e-04 8.190008190008190529e-04 0.000000000000000000e+00 0.000000000000000000e+00 1.719901719901719903e-02 1.000000000000000000e+00 0.000000000000000000e+00 8.190008190008190529e-04 8.190008190008190529e-04 8.190008190008190529e-04 5.888615888615889027e-01
