9.740259740259740034e-03 0.000000000000000000e+00 3.246753246753246967e-03 9.740259740259740034e-03 0.000000000000000000e+00 7.142857142857142461e-02 0.000000000000000000e+00 3.246753246753246967e-03 1.000000000000000000e+00 0.000000000000000000e+00 7.467532467532467244e-02 0.000000000000000000e+00 0.000000000000000000e+00
1.000000000000000000e+00 0.000000000000000000e+00 0.000000000000000000e+00 0.000000000000000000e+00 0.000000000000000000e+00 0.000000000000000000e+00 7.920792079207920888e-02 0.000000000000000000e+00 0.000000000000000000e+00 0.000000000000000000e+00 0.000000000000000000e+00 0.000000000000000000e+00 0.000000000000000000e+00
0.000000000000000000e+00 3.584229390681003581e-03 4.193548387096774355e-01 8.960573476702508866e-02 0.000000000000000000e+00 0.000000000000000000e+00 5.376344086021505458e-02 1.000000000000000000e+00 0.000000000000000000e+00 0.000000000000000000e+00 0.000000000000000000e+00 1.075268817204301161e-02 0.000000000000000000e+00
0.000000000000000000e+00 0.000000000000000000e+00 1.292517006802721136e-01 6.802721088435373896e-03 0.000000000000000000e+00 0.000000000000000000e+00 5.510204081632652517e-01 1.000000000000000000e+00 0.000000000000000000e+00 0.000000000000000000e+00 0.000000000000000000e+00 3.401360544217687382e-02 6.122448979591836593e-02
0.000000000000000000e+00 0.000000000000000000e+00 0.000000000000000000e+00 0.000000000000000000e+00 0.000000000000000000e+00 0.000000000000000000e+00 0.000000000000000000e+00 0.000000000000000000e+00 0.000000000000000000e+00 0.000000000000000000e+00 0.000000000000000000e+00 0.000000000000000000e+00 0.000000000000000000e+00
3.658536585365853439e-02 0.000000000000000000e+00 3.048780487804877981e-02 0.000000000000000000e+00 0.000000000000000000e+00 3.292682926829268442e-01 0.000000000000000000e+00 8.536585365853659180e-02 1.000000000000000000e+00 0.000000000000000000e+00 6.097560975609756309e-03 0.000000000000000000e+00 0.000000000000000000e+00
0.000000000000000000e+00 1.000000000000000000e+00 0.000000000000000000e+00 0.000000000000000000e+00 0.000000000000000000e+00 0.000000000000000000e+00 0.000000000000000000e+00 0.000000000000000000e+00 0.000000000000000000e+00 4.436860068259385753e-02 0.000000000000000000e+00 0.000000000000000000e+00 4.812286689419795205e-01
0.000000000000000000e+00 1.083032490974729194e-02 1.000000000000000000e+00 7.364620938628159141e-01 0.000000000000000000e+00 0.000000000000000000e+00 6.462093862815884160e-01 0.000000000000000000e+00 0.000000000000000000e+00 7.220216606498195203e-03 0.000000000000000000e+00 8.303249097472924223e-02 5.054151624548736121e-02
1.991701244813277871e-01 0.000000000000000000e+00 8.713692946058090860e-02 8.298755186721991708e-03 0.000000000000000000e+00 6.887966804979253066e-01 0.000000000000000000e+00 1.000000000000000000e+00 0.000000000000000000e+00 0.000000000000000000e+00 1.203319502074688824e-01 1.244813278008298670e-02 0.000000000000000000e+00
0.000000000000000000e+00 1.000000000000000000e+00 0.000000000000000000e+00 0.000000000000000000e+00 0.000000000000000000e+00 0.000000000000000000e+00 2.500000000000000000e-01 0.000000000000000000e+00 0.000000000000000000e+00 0.000000000000000000e+00 0.000000000000000000e+00 0.000000000000000000e+00 0.000000000000000000e+00
0.000000000000000000e+00 0.000000000000000000e+00 0.000000000000000000e+00 0.000000000000000000e+00 0.000000000000000000e+00 5.263157894736841813e-02 0.000000000000000000e+00 3.421052631578947456e-01 1.000000000000000000e+00 0.000000000000000000e+00 0.000000000000000000e+00 0.000000000000000000e+00 0.000000000000000000e+00
0.000000000000000000e+00 0.000000000000000000e+00 0.000000000000000000e+00 1.000000000000000000e+00 0.000000000000000000e+00 0.000000000000000000e+00 0.000000000000000000e+00 2.592592592592592449e-01 0.000000000000000000e+00 0.000000000000000000e+00 0.000000000000000000e+00 0.000000000000000000e+00 0.000000000000000000e+00
0.000000000000000000e+00 1.310344827586207017e-01 0.000000000000000000e+00 0.000000000000000000e+00 0.000000000000000000e+00 0.000000000000000000e+00 1.000000000000000000e+00 0.000000000000000000e+00 0.000000000000000000e+00 0.000000000000000000e+00 0.000000000000000000e+00 0.000000000000000000e+00 3.103448275862069061e-01
