1.067615658362989356e-02 0.000000000000000000e+00 3.558718861209964231e-03 3.558718861209964231e-03 0.000000000000000000e+00 1.032028469750889688e-01 0.000000000000000000e+00 7.117437722419928461e-03 1.000000000000000000e+00 0.000000000000000000e+00 1.067615658362989356e-02 0.000000000000000000e+00 1.423487544483985692e-02
1.000000000000000000e+00 1.320132013201320148e-02 3.300330033003300370e-03 0.000000000000000000e+00 0.000000000000000000e+00 0.000000000000000000e+00 4.950495049504950729e-02 0.000000000000000000e+00 0.000000000000000000e+00 0.000000000000000000e+00 0.000000000000000000e+00 0.000000000000000000e+00 0.000000000000000000e+00
0.000000000000000000e+00 5.783582089552238847e-02 6.585820895522388474e-01 0.000000000000000000e+00 0.000000000000000000e+00 0.000000000000000000e+00 1.000000000000000000e+00 0.000000000000000000e+00 0.000000000000000000e+00 1.865671641791044741e-03 0.000000000000000000e+00 0.000000000000000000e+00 0.000000000000000000e+00
0.000000000000000000e+00 0.000000000000000000e+00 0.000000000000000000e+00 0.000000000000000000e+00 0.000000000000000000e+00 0.000000000000000000e+00 0.000000000000000000e+00 1.000000000000000000e+00 0.000000000000000000e+00 0.000000000000000000e+00 0.000000000000000000e+00 0.000000000000000000e+00 6.521739130434782428e-02
0.000000000000000000e+00 0.000000000000000000e+00 0.000000000000000000e+00 0.000000000000000000e+00 0.000000000000000000e+00 0.000000000000000000e+00 0.000000000000000000e+00 0.000000000000000000e+00 0.000000000000000000e+00 0.000000000000000000e+00 0.000000000000000000e+00 0.000000000000000000e+00 0.000000000000000000e+00
9.174311926605505096e-03 0.000000000000000000e+00 0.000000000000000000e+00 0.000000000000000000e+00 0.000000000000000000e+00 7.477064220183485821e-01 0.000000000000000000e+00 1.009174311926605561e-01 1.000000000000000000e+00 0.000000000000000000e+00 1.376146788990825764e-02 0.000000000000000000e+00 3.211009174311926784e-02
0.000000000000000000e+00 5.036496350364964014e-01 1.000000000000000000e+00 0.000000000000000000e+00 0.000000000000000000e+00 0.000000000000000000e+00 0.000000000000000000e+00 0.000000000000000000e+00 0.000000000000000000e+00 3.284671532846715480e-02 0.000000000000000000e+00 0.000000000000000000e+00 0.000000000000000000e+00
0.000000000000000000e+00 0.000000000000000000e+00 1.943005181347150223e-02 1.295336787564766758e-02 0.000000000000000000e+00 0.000000000000000000e+00 3.432642487046632107e-01 0.000000000000000000e+00 0.000000000000000000e+00 1.295336787564766888e-03 0.000000000000000000e+00 5.051813471502590580e-02 1.000000000000000000e+00
6.024096385542168641e-02 0.000000000000000000e+00 0.000000000000000000e+00 0.000000000000000000e+00 0.000000000000000000e+00 8.915662650602409478e-01 0.000000000000000000e+00 1.000000000000000000e+00 0.000000000000000000e+00 0.000000000000000000e+00 4.016064257028112428e-02 8.032128514056224161e-03 4.417670682730923809e-02
0.000000000000000000e+00 1.000000000000000000e+00 7.692307692307692735e-02 0.000000000000000000e+00 0.000000000000000000e+00 0.000000000000000000e+00 4.615384615384615641e-01 0.000000000000000000e+00 0.000000000000000000e+00 0.000000000000000000e+00 0.000000000000000000e+00 0.000000000000000000e+00 0.000000000000000000e+00
0.000000000000000000e+00 0.000000000000000000e+00 0.000000000000000000e+00 0.000000000000000000e+00 0.000000000000000000e+00 1.000000000000000056e-01 0.000000000000000000e+00 4.000000000000000222e-01 1.000000000000000000e+00 0.000000000000000000e+00 0.000000000000000000e+00 0.000000000000000000e+00 1.000000000000000056e-01
0.000000000000000000e+00 0.000000000000000000e+00 0.000000000000000000e+00 1.000000000000000000e+00 0.000000000000000000e+00 0.000000000000000000e+00 0.000000000000000000e+00 1.944444444444444475e-01 0.000000000000000000e+00 0.000000000000000000e+00 0.000000000000000000e+00 0.000000000000000000e+00 5.555555555555555247e-02
0.000000000000000000e+00 0.000000000000000000e+00 2.590673575129533775e-03 2.590673575129533775e-03 0.000000000000000000e+00 0.000000000000000000e+00 2.590673575129533515e-02 1.000000000000000000e+00 0.000000000000000000e+00 0.000000000000000000e+00 0.000000000000000000e+00 5.181347150259067551e-03 6.308290155440414715e-01
