9.250000000000000444e-01 0.000000000000000000e+00 0.000000000000000000e+00 0.000000000000000000e+00 0.000000000000000000e+00 6.250000000000000347e-03 2.999999999999999889e-01 0.000000000000000000e+00 0.000000000000000000e+00 1.000000000000000000e+00 0.000000000000000000e+00 0.000000000000000000e+00 0.000000000000000000e+00 0.000000000000000000e+00 8.749999999999999445e-02
0.000000000000000000e+00 5.350877192982456121e-01 6.030701754385964924e-02 0.000000000000000000e+00 0.000000000000000000e+00 0.000000000000000000e+00 0.000000000000000000e+00 0.000000000000000000e+00 1.000000000000000000e+00 0.000000000000000000e+00 3.289473684210526133e-03 1.096491228070175378e-03 7.675438596491227644e-03 0.000000000000000000e+00 0.000000000000000000e+00
0.000000000000000000e+00 7.407407407407407690e-03 0.000000000000000000e+00 0.000000000000000000e+00 2.469135802469135752e-03 0.000000000000000000e+00 0.000000000000000000e+00 0.000000000000000000e+00 1.703703703703703665e-01 0.000000000000000000e+00 0.000000000000000000e+00 2.469135802469135752e-03 0.000000000000000000e+00 1.000000000000000000e+00 0.000000000000000000e+00
9.399999999999999467e-01 0.000000000000000000e+00 0.000000000000000000e+00 0.000000000000000000e+00 0.000000000000000000e+00 0.000000000000000000e+00 2.000000000000000042e-02 0.000000000000000000e+00 0.000000000000000000e+00 1.000000000000000000e+00 0.000000000000000000e+00 0.000000000000000000e+00 0.000000000000000000e+00 2.000000000000000042e-02 5.999999999999999778e-02
0.000000000000000000e+00 0.000000000000000000e+00 0.000000000000000000e+00 0.000000000000000000e+00 0.000000000000000000e+00 0.000000000000000000e+00 0.000000000000000000e+00 0.000000000000000000e+00 1.000000000000000000e+00 0.000000000000000000e+00 0.000000000000000000e+00 0.000000000000000000e+00 8.461538461538461453e-01 0.000000000000000000e+00 0.000000000000000000e+00
0.000000000000000000e+00 1.290322580645161255e-01 0.000000000000000000e+00 1.612903225806451568e-02 2.419354838709677352e-02 0.000000000000000000e+00 0.000000000000000000e+00 0.000000000000000000e+00 1.000000000000000000e+00 9.112903225806451291e-01 0.000000000000000000e+00 1.612903225806451568e-02 0.000000000000000000e+00 8.064516129032257841e-03 7.258064516129032751e-02
0.000000000000000000e+00 0.000000000000000000e+00 0.000000000000000000e+00 0.000000000000000000e+00 0.000000000000000000e+00 0.000000000000000000e+00 0.000000000000000000e+00 0.000000000000000000e+00 2.222222222222222307e-02 1.000000000000000000e+00 0.000000000000000000e+00 0.000000000000000000e+00 0.000000000000000000e+00 0.000000000000000000e+00 5.555555555555555247e-02
0.000000000000000000e+00 0.000000000000000000e+00 0.000000000000000000e+00 0.000000000000000000e+00 0.000000000000000000e+00 0.000000000000000000e+00 0.000000000000000000e+00 0.000000000000000000e+00 0.000000000000000000e+00 0.000000000000000000e+00 0.000000000000000000e+00 0.000000000000000000e+00 0.000000000000000000e+00 0.000000000000000000e+00 0.000000000000000000e+00
0.000000000000000000e+00 1.000000000000000000e+00 4.457700650759219285e-01 0.000000000000000000e+00 4.446854663774403582e-02 0.000000000000000000e+00 0.000000000000000000e+00 0.000000000000000000e+00 0.000000000000000000e+00 0.000000000000000000e+00 3.253796095444685260e-02 7.592190889370932332e-03 7.700650759219089536e-02 0.000000000000000000e+00 0.000000000000000000e+00
1.296875000000000111e-01 1.640625000000000069e-02 5.468749999999999653e-03 7.109374999999999722e-02 2.343749999999999913e-03 1.859375000000000056e-01 3.359374999999999861e-02 0.000000000000000000e+00 1.601562500000000000e-01 0.000000000000000000e+00 7.812500000000000434e-04 0.000000000000000000e+00 7.812500000000000434e-04 8.593750000000000694e-03 1.000000000000000000e+00
0.000000000000000000e+00 1.521739130434782705e-01 0.000000000000000000e+00 0.000000000000000000e+00 0.000000000000000000e+00 0.000000000000000000e+00 0.000000000000000000e+00 0.000000000000000000e+00 1.000000000000000000e+00 0.000000000000000000e+00 0.000000000000000000e+00 0.000000000000000000e+00 0.000000000000000000e+00 0.000000000000000000e+00 0.000000000000000000e+00
0.000000000000000000e+00 2.000000000000000111e-01 1.000000000000000000e+00 0.000000000000000000e+00 0.000000000000000000e+00 0.000000000000000000e+00 0.000000000000000000e+00 0.000000000000000000e+00 1.000000000000000000e+00 0.000000000000000000e+00 0.000000000000000000e+00 0.000000000000000000e+00 0.000000000000000000e+00 0.000000000000000000e+00 0.000000000000000000e+00
0.000000000000000000e+00 5.128205128205128027e-02 0.000000000000000000e+00 0.000000000000000000e+00 0.000000000000000000e+00 0.000000000000000000e+00 0.000000000000000000e+00 0.000000000000000000e+00 1.000000000000000000e+00 0.000000000000000000e+00 2.435897435897435848e-01 0.000000000000000000e+00 7.692307692307692735e-01 0.000000000000000000e+00 0.000000000000000000e+00
2.673796791443850112e-03 0.000000000000000000e+00 2.673796791443850112e-03 5.347593582887700224e-03 0.000000000000000000e+00 5.347593582887700224e-03 0.000000000000000000e+00 0.000000000000000000e+00 0.000000000000000000e+00 1.000000000000000000e+00 0.000000000000000000e+00 0.000000000000000000e+00 0.000000000000000000e+00 0.000000000000000000e+00 1.042780748663101609e-01
7.031250000000000173e-03 3.125000000000000173e-03 7.812500000000000434e-04 5.468749999999999653e-03 0.000000000000000000e+00 2.265624999999999931e-02 3.906250000000000000e-03 0.000000000000000000e+00 1.171875000000000000e-02 1.000000000000000000e+00 0.000000000000000000e+00 0.000000000000000000e+00 0.000000000000000000e+00 0.000000000000000000e+00 5.593749999999999556e-01
