1.000000000000000000e+00 0.000000000000000000e+00 0.000000000000000000e+00 0.000000000000000000e+00 0.000000000000000000e+00 0.000000000000000000e+00 4.411764705882352811e-01 0.000000000000000000e+00 0.000000000000000000e+00 5.294117647058823595e-01 0.000000000000000000e+00 0.000000000000000000e+00 0.000000000000000000e+00 0.000000000000000000e+00 2.941176470588235253e-02
0.000000000000000000e+00 3.072463768115942240e-01 1.159420289855072478e-01 0.000000000000000000e+00 8.695652173913043584e-03 0.000000000000000000e+00 0.000000000000000000e+00 0.000000000000000000e+00 1.000000000000000000e+00 0.000000000000000000e+00 2.898550724637681195e-03 5.797101449275362389e-03 1.159420289855072478e-02 0.000000000000000000e+00 0.000000000000000000e+00
0.000000000000000000e+00 2.659574468085106405e-02 2.127659574468085055e-02 0.000000000000000000e+00 2.659574468085106318e-03 0.000000000000000000e+00 0.000000000000000000e+00 0.000000000000000000e+00 2.606382978723404409e-01 0.000000000000000000e+00 2.659574468085106318e-03 5.319148936170212637e-03 2.659574468085106318e-03 1.000000000000000000e+00 0.000000000000000000e+00
3.181818181818181768e-01 2.272727272727272790e-02 0.000000000000000000e+00 0.000000000000000000e+00 0.000000000000000000e+00 0.000000000000000000e+00 2.272727272727272652e-01 0.000000000000000000e+00 4.545454545454545581e-02 1.000000000000000000e+00 2.272727272727272790e-02 0.000000000000000000e+00 0.000000000000000000e+00 0.000000000000000000e+00 6.818181818181817677e-02
0.000000000000000000e+00 1.034482758620689641e-01 0.000000000000000000e+00 0.000000000000000000e+00 0.000000000000000000e+00 0.000000000000000000e+00 0.000000000000000000e+00 0.000000000000000000e+00 1.000000000000000000e+00 0.000000000000000000e+00 4.482758620689655249e-01 0.000000000000000000e+00 5.862068965517240882e-01 0.000000000000000000e+00 0.000000000000000000e+00
0.000000000000000000e+00 1.007194244604316530e-01 7.194244604316547137e-03 0.000000000000000000e+00 2.877697841726618855e-02 3.597122302158273222e-02 0.000000000000000000e+00 0.000000000000000000e+00 8.489208633093525691e-01 1.000000000000000000e+00 0.000000000000000000e+00 5.035971223021582649e-02 0.000000000000000000e+00 4.316546762589928282e-02 9.352517985611510931e-02
0.000000000000000000e+00 0.000000000000000000e+00 0.000000000000000000e+00 3.571428571428571230e-02 0.000000000000000000e+00 5.357142857142856845e-02 0.000000000000000000e+00 0.000000000000000000e+00 3.571428571428571230e-02 1.000000000000000000e+00 0.000000000000000000e+00 0.000000000000000000e+00 0.000000000000000000e+00 1.785714285714285615e-02 7.142857142857142461e-02
0.000000000000000000e+00 0.000000000000000000e+00 0.000000000000000000e+00 0.000000000000000000e+00 0.000000000000000000e+00 0.000000000000000000e+00 0.000000000000000000e+00 0.000000000000000000e+00 0.000000000000000000e+00 0.000000000000000000e+00 0.000000000000000000e+00 0.000000000000000000e+00 0.000000000000000000e+00 0.000000000000000000e+00 0.000000000000000000e+00
0.000000000000000000e+00 8.288508557457212600e-01 1.000000000000000000e+00 0.000000000000000000e+00 1.222493887530562290e-01 0.000000000000000000e+00 0.000000000000000000e+00 0.000000000000000000e+00 0.000000000000000000e+00 0.000000000000000000e+00 8.557457212713937000e-02 9.779951100244499429e-02 4.400977995110024604e-02 0.000000000000000000e+00 0.000000000000000000e+00
4.481132075471697812e-02 3.773584905660377214e-02 2.594339622641509552e-02 1.415094339622641473e-01 7.075471698113207711e-03 5.943396226415094130e-01 8.962264150943395624e-02 0.000000000000000000e+00 3.962264150943396457e-01 0.000000000000000000e+00 0.000000000000000000e+00 9.433962264150943036e-03 0.000000000000000000e+00 1.391509433962264120e-01 1.000000000000000000e+00
0.000000000000000000e+00 6.896551724137930939e-02 1.034482758620689641e-01 0.000000000000000000e+00 1.724137931034482735e-02 0.000000000000000000e+00 0.000000000000000000e+00 0.000000000000000000e+00 1.000000000000000000e+00 0.000000000000000000e+00 0.000000000000000000e+00 0.000000000000000000e+00 0.000000000000000000e+00 0.000000000000000000e+00 0.000000000000000000e+00
0.000000000000000000e+00 8.571428571428571508e-02 4.857142857142857095e-01 0.000000000000000000e+00 0.000000000000000000e+00 0.000000000000000000e+00 0.000000000000000000e+00 0.000000000000000000e+00 1.000000000000000000e+00 0.000000000000000000e+00 0.000000000000000000e+00 0.000000000000000000e+00 0.000000000000000000e+00 0.000000000000000000e+00 0.000000000000000000e+00
0.000000000000000000e+00 7.499999999999999722e-02 5.000000000000000278e-02 0.000000000000000000e+00 0.000000000000000000e+00 0.000000000000000000e+00 0.000000000000000000e+00 0.000000000000000000e+00 4.500000000000000111e-01 0.000000000000000000e+00 4.249999999999999889e-01 0.000000000000000000e+00 1.000000000000000000e+00 0.000000000000000000e+00 0.000000000000000000e+00
0.000000000000000000e+00 0.000000000000000000e+00 7.936507936507936067e-03 1.851851851851851749e-02 0.000000000000000000e+00 5.026455026455026176e-02 0.000000000000000000e+00 0.000000000000000000e+00 2.645502645502645356e-03 1.000000000000000000e+00 2.645502645502645356e-03 0.000000000000000000e+00 0.000000000000000000e+00 1.322751322751322678e-02 9.259259259259258745e-02
2.386634844868735193e-03 4.773269689737470386e-03 2.386634844868735193e-03 1.431980906921241116e-02 0.000000000000000000e+00 6.682577565632458194e-02 1.193317422434367510e-02 0.000000000000000000e+00 4.057279236276849915e-02 1.000000000000000000e+00 0.000000000000000000e+00 0.000000000000000000e+00 0.000000000000000000e+00 2.386634844868735193e-03 2.935560859188544036e-01
