0.000000000000000000e+00 0.000000000000000000e+00 0.000000000000000000e+00 0.000000000000000000e+00 0.000000000000000000e+00 0.000000000000000000e+00 1.000000000000000000e+00 0.000000000000000000e+00 0.000000000000000000e+00 0.000000000000000000e+00
0.000000000000000000e+00 6.740384615384615863e-01 2.980769230769230935e-02 0.000000000000000000e+00 0.000000000000000000e+00 1.000000000000000000e+00 0.000000000000000000e+00 0.000000000000000000e+00 0.000000000000000000e+00 0.000000000000000000e+00
4.844290657439446340e-02 0.000000000000000000e+00 3.460207612456747510e-03 0.000000000000000000e+00 0.000000000000000000e+00 6.920415224913495020e-03 0.000000000000000000e+00 0.000000000000000000e+00 1.000000000000000000e+00 0.000000000000000000e+00
0.000000000000000000e+00 0.000000000000000000e+00 0.000000000000000000e+00 0.000000000000000000e+00 0.000000000000000000e+00 0.000000000000000000e+00 1.000000000000000000e+00 0.000000000000000000e+00 0.000000000000000000e+00 0.000000000000000000e+00
0.000000000000000000e+00 0.000000000000000000e+00 0.000000000000000000e+00 0.000000000000000000e+00 0.000000000000000000e+00 0.000000000000000000e+00 0.000000000000000000e+00 0.000000000000000000e+00 0.000000000000000000e+00 0.000000000000000000e+00
0.000000000000000000e+00 1.000000000000000000e+00 2.604562737642585613e-01 0.000000000000000000e+00 0.000000000000000000e+00 0.000000000000000000e+00 0.000000000000000000e+00 2.851711026615969674e-03 0.000000000000000000e+00 0.000000000000000000e+00
0.000000000000000000e+00 1.008742434431741768e-02 0.000000000000000000e+00 6.724949562878278306e-04 0.000000000000000000e+00 1.829186281102891665e-01 0.000000000000000000e+00 0.000000000000000000e+00 6.724949562878278306e-04 1.000000000000000000e+00
0.000000000000000000e+00 0.000000000000000000e+00 5.000000000000000000e-01 0.000000000000000000e+00 0.000000000000000000e+00 1.000000000000000000e+00 0.000000000000000000e+00 0.000000000000000000e+00 0.000000000000000000e+00 0.000000000000000000e+00
0.000000000000000000e+00 0.000000000000000000e+00 0.000000000000000000e+00 0.000000000000000000e+00 0.000000000000000000e+00 0.000000000000000000e+00 1.000000000000000000e+00 0.000000000000000000e+00 0.000000000000000000e+00 9.398496240601503238e-02
0.000000000000000000e+00 2.675585284280936321e-03 0.000000000000000000e+00 0.000000000000000000e+00 0.000000000000000000e+00 8.695652173913043584e-03 1.000000000000000000e+00 0.000000000000000000e+00 0.000000000000000000e+00 7.404682274247491591e-01
