3.413173652694611038e-01 0.000000000000000000e+00 0.000000000000000000e+00 0.000000000000000000e+00 0.000000000000000000e+00 3.053892215568862478e-01 0.000000000000000000e+00 5.988023952095808747e-03 1.000000000000000000e+00 0.000000000000000000e+00 0.000000000000000000e+00 0.000000000000000000e+00 5.988023952095808747e-03 0.000000000000000000e+00 8.982035928143712600e-02
0.000000000000000000e+00 6.258919469928644341e-01 2.344546381243628810e-02 0.000000000000000000e+00 0.000000000000000000e+00 0.000000000000000000e+00 0.000000000000000000e+00 1.000000000000000000e+00 0.000000000000000000e+00 0.000000000000000000e+00 2.344546381243628810e-02 1.019367991845056146e-03 9.174311926605505096e-03 1.325178389398572881e-02 0.000000000000000000e+00
0.000000000000000000e+00 7.692307692307692735e-03 7.692307692307692735e-03 0.000000000000000000e+00 0.000000000000000000e+00 0.000000000000000000e+00 0.000000000000000000e+00 2.307692307692307820e-02 0.000000000000000000e+00 1.000000000000000000e+00 0.000000000000000000e+00 0.000000000000000000e+00 0.000000000000000000e+00 0.000000000000000000e+00 0.000000000000000000e+00
2.628865979381443396e-01 0.000000000000000000e+00 0.000000000000000000e+00 0.000000000000000000e+00 0.000000000000000000e+00 1.391752577319587680e-01 0.000000000000000000e+00 5.154639175257731860e-03 1.000000000000000000e+00 0.000000000000000000e+00 0.000000000000000000e+00 0.000000000000000000e+00 5.154639175257731860e-03 0.000000000000000000e+00 9.278350515463917869e-02
0.000000000000000000e+00 0.000000000000000000e+00 0.000000000000000000e+00 0.000000000000000000e+00 0.000000000000000000e+00 0.000000000000000000e+00 0.000000000000000000e+00 0.000000000000000000e+00 1.000000000000000000e+00 0.000000000000000000e+00 0.000000000000000000e+00 0.000000000000000000e+00 0.000000000000000000e+00 0.000000000000000000e+00 0.000000000000000000e+00
0.000000000000000000e+00 4.347826086956521792e-03 0.000000000000000000e+00 4.347826086956521618e-02 0.000000000000000000e+00 0.000000000000000000e+00 0.000000000000000000e+00 2.608695652173912902e-02 1.000000000000000000e+00 0.000000000000000000e+00 0.000000000000000000e+00 0.000000000000000000e+00 0.000000000000000000e+00 0.000000000000000000e+00 7.391304347826087306e-02
0.000000000000000000e+00 0.000000000000000000e+00 0.000000000000000000e+00 0.000000000000000000e+00 0.000000000000000000e+00 0.000000000000000000e+00 0.000000000000000000e+00 0.000000000000000000e+00 0.000000000000000000e+00 0.000000000000000000e+00 0.000000000000000000e+00 0.000000000000000000e+00 0.000000000000000000e+00 0.000000000000000000e+00 0.000000000000000000e+00
0.000000000000000000e+00 1.000000000000000000e+00 2.354740061162079456e-01 0.000000000000000000e+00 0.000000000000000000e+00 0.000000000000000000e+00 0.000000000000000000e+00 0.000000000000000000e+00 0.000000000000000000e+00 0.000000000000000000e+00 1.518858307849133560e-01 8.154943934760449167e-03 1.447502548419979662e-01 1.814475025484199866e-01 0.000000000000000000e+00
1.644736842105263275e-01 9.398496240601503238e-03 9.398496240601503238e-04 2.321428571428571508e-01 3.759398496240601295e-03 1.644736842105263275e-01 0.000000000000000000e+00 1.898496240601503793e-01 0.000000000000000000e+00 4.699248120300751619e-03 9.398496240601503238e-04 9.398496240601503238e-04 2.819548872180450971e-03 9.398496240601503238e-03 1.000000000000000000e+00
4.444444444444444441e-03 0.000000000000000000e+00 0.000000000000000000e+00 3.555555555555555552e-02 8.888888888888888881e-03 0.000000000000000000e+00 0.000000000000000000e+00 0.000000000000000000e+00 1.000000000000000000e+00 4.444444444444444441e-03 0.000000000000000000e+00 0.000000000000000000e+00 0.000000000000000000e+00 0.000000000000000000e+00 1.333333333333333315e-01
0.000000000000000000e+00 9.452736318407960192e-02 4.975124378109452988e-02 0.000000000000000000e+00 0.000000000000000000e+00 0.000000000000000000e+00 0.000000000000000000e+00 1.000000000000000000e+00 0.000000000000000000e+00 0.000000000000000000e+00 0.000000000000000000e+00 0.000000000000000000e+00 0.000000000000000000e+00 3.980099502487562113e-02 0.000000000000000000e+00
0.000000000000000000e+00 7.500000000000000000e-01 1.000000000000000000e+00 0.000000000000000000e+00 0.000000000000000000e+00 0.000000000000000000e+00 0.000000000000000000e+00 7.500000000000000000e-01 0.000000000000000000e+00 0.000000000000000000e+00 0.000000000000000000e+00 0.000000000000000000e+00 0.000000000000000000e+00 0.000000000000000000e+00 0.000000000000000000e+00
0.000000000000000000e+00 1.136363636363636326e-01 0.000000000000000000e+00 0.000000000000000000e+00 0.000000000000000000e+00 0.000000000000000000e+00 0.000000000000000000e+00 1.000000000000000000e+00 0.000000000000000000e+00 0.000000000000000000e+00 3.863636363636363535e-01 0.000000000000000000e+00 4.166666666666666852e-01 0.000000000000000000e+00 0.000000000000000000e+00
0.000000000000000000e+00 8.450704225352112520e-02 0.000000000000000000e+00 0.000000000000000000e+00 0.000000000000000000e+00 0.000000000000000000e+00 0.000000000000000000e+00 1.000000000000000000e+00 0.000000000000000000e+00 0.000000000000000000e+00 9.859154929577464144e-02 0.000000000000000000e+00 2.887323943661971870e-01 0.000000000000000000e+00 0.000000000000000000e+00
7.434944237918215265e-03 6.505576208178438791e-03 0.000000000000000000e+00 2.509293680297397869e-02 0.000000000000000000e+00 1.022304832713754642e-02 0.000000000000000000e+00 1.301115241635687758e-02 1.000000000000000000e+00 0.000000000000000000e+00 0.000000000000000000e+00 0.000000000000000000e+00 9.293680297397769081e-04 0.000000000000000000e+00 6.672862453531598348e-01
