0.000000000000000000e+00 0.000000000000000000e+00 0.000000000000000000e+00 0.000000000000000000e+00 0.000000000000000000e+00 1.354166666666666574e-01 0.000000000000000000e+00 5.937500000000000000e-01 1.000000000000000000e+00 0.000000000000000000e+00 0.000000000000000000e+00 3.125000000000000000e-02
1.000000000000000000e+00 1.183431952662721866e-02 5.917159763313609329e-03 0.000000000000000000e+00 0.000000000000000000e+00 0.000000000000000000e+00 1.538461538461538547e-01 0.000000000000000000e+00 0.000000000000000000e+00 0.000000000000000000e+00 7.928994082840237212e-01 0.000000000000000000e+00
0.000000000000000000e+00 4.201680672268907901e-02 5.512605042016807122e-01 0.000000000000000000e+00 0.000000000000000000e+00 0.000000000000000000e+00 1.000000000000000000e+00 0.000000000000000000e+00 0.000000000000000000e+00 0.000000000000000000e+00 0.000000000000000000e+00 0.000000000000000000e+00
0.000000000000000000e+00 0.000000000000000000e+00 6.299212598425196763e-02 0.000000000000000000e+00 0.000000000000000000e+00 0.000000000000000000e+00 5.826771653543306728e-01 1.000000000000000000e+00 0.000000000000000000e+00 0.000000000000000000e+00 0.000000000000000000e+00 8.661417322834645549e-02
0.000000000000000000e+00 0.000000000000000000e+00 0.000000000000000000e+00 0.000000000000000000e+00 0.000000000000000000e+00 0.000000000000000000e+00 0.000000000000000000e+00 0.000000000000000000e+00 0.000000000000000000e+00 0.000000000000000000e+00 0.000000000000000000e+00 0.000000000000000000e+00
0.000000000000000000e+00 0.000000000000000000e+00 0.000000000000000000e+00 0.000000000000000000e+00 0.000000000000000000e+00 1.000000000000000000e+00 0.000000000000000000e+00 4.761904761904761640e-01 1.000000000000000000e+00 0.000000000000000000e+00 0.000000000000000000e+00 9.523809523809523281e-02
0.000000000000000000e+00 5.050335570469798308e-01 1.000000000000000000e+00 0.000000000000000000e+00 0.000000000000000000e+00 0.000000000000000000e+00 0.000000000000000000e+00 0.000000000000000000e+00 0.000000000000000000e+00 3.355704697986577108e-03 0.000000000000000000e+00 0.000000000000000000e+00
0.000000000000000000e+00 2.881844380403458025e-03 1.248799231508165158e-02 1.921229586935638833e-01 0.000000000000000000e+00 0.000000000000000000e+00 1.882804995196926123e-01 0.000000000000000000e+00 0.000000000000000000e+00 0.000000000000000000e+00 1.152737752161383210e-02 1.000000000000000000e+00
0.000000000000000000e+00 0.000000000000000000e+00 0.000000000000000000e+00 0.000000000000000000e+00 0.000000000000000000e+00 2.173913043478260809e-01 0.000000000000000000e+00 1.000000000000000000e+00 0.000000000000000000e+00 0.000000000000000000e+00 1.086956521739130405e-02 4.347826086956521618e-02
0.000000000000000000e+00 1.000000000000000000e+00 0.000000000000000000e+00 0.000000000000000000e+00 0.000000000000000000e+00 0.000000000000000000e+00 1.000000000000000000e+00 0.000000000000000000e+00 0.000000000000000000e+00 0.000000000000000000e+00 0.000000000000000000e+00 0.000000000000000000e+00
0.000000000000000000e+00 0.000000000000000000e+00 0.000000000000000000e+00 3.649635036496350071e-02 0.000000000000000000e+00 0.000000000000000000e+00 7.299270072992700489e-03 1.000000000000000000e+00 0.000000000000000000e+00 0.000000000000000000e+00 1.459854014598540098e-02 3.649635036496350071e-02
0.000000000000000000e+00 9.596928982725527486e-04 1.919385796545105497e-03 1.439539347408829231e-02 0.000000000000000000e+00 0.000000000000000000e+00 5.758157389635316925e-03 1.000000000000000000e+00 0.000000000000000000e+00 0.000000000000000000e+00 0.000000000000000000e+00 5.278310940499040260e-01
