0.000000000000000000e+00 0.000000000000000000e+00 0.000000000000000000e+00 0.000000000000000000e+00 1.219512195121951192e-01 0.000000000000000000e+00 6.707317073170732113e-01 1.000000000000000000e+00 0.000000000000000000e+00 7.317073170731706877e-02
1.000000000000000000e+00 0.000000000000000000e+00 0.000000000000000000e+00 0.000000000000000000e+00 0.000000000000000000e+00 0.000000000000000000e+00 0.000000000000000000e+00 0.000000000000000000e+00 9.803921568627450567e-01 0.000000000000000000e+00
0.000000000000000000e+00 3.949447077409162787e-02 6.050552922590837213e-01 0.000000000000000000e+00 0.000000000000000000e+00 1.000000000000000000e+00 0.000000000000000000e+00 0.000000000000000000e+00 0.000000000000000000e+00 0.000000000000000000e+00
0.000000000000000000e+00 0.000000000000000000e+00 0.000000000000000000e+00 0.000000000000000000e+00 0.000000000000000000e+00 0.000000000000000000e+00 0.000000000000000000e+00 0.000000000000000000e+00 0.000000000000000000e+00 0.000000000000000000e+00
0.000000000000000000e+00 0.000000000000000000e+00 0.000000000000000000e+00 0.000000000000000000e+00 6.111111111111111605e-01 0.000000000000000000e+00 3.888888888888888951e-01 1.000000000000000000e+00 0.000000000000000000e+00 1.111111111111111049e-01
0.000000000000000000e+00 4.357366771159874586e-01 1.000000000000000000e+00 0.000000000000000000e+00 0.000000000000000000e+00 0.000000000000000000e+00 0.000000000000000000e+00 0.000000000000000000e+00 0.000000000000000000e+00 0.000000000000000000e+00
0.000000000000000000e+00 0.000000000000000000e+00 1.696606786427145783e-02 0.000000000000000000e+00 0.000000000000000000e+00 2.634730538922155918e-01 0.000000000000000000e+00 0.000000000000000000e+00 0.000000000000000000e+00 1.000000000000000000e+00
0.000000000000000000e+00 0.000000000000000000e+00 0.000000000000000000e+00 0.000000000000000000e+00 2.098765432098765316e-01 0.000000000000000000e+00 1.000000000000000000e+00 0.000000000000000000e+00 0.000000000000000000e+00 2.469135802469135665e-02
0.000000000000000000e+00 0.000000000000000000e+00 0.000000000000000000e+00 0.000000000000000000e+00 0.000000000000000000e+00 0.000000000000000000e+00 1.000000000000000000e+00 0.000000000000000000e+00 0.000000000000000000e+00 4.861111111111111188e-02
0.000000000000000000e+00 1.004016064257028020e-03 3.012048192771084494e-03 0.000000000000000000e+00 0.000000000000000000e+00 1.907630522088353542e-02 1.000000000000000000e+00 0.000000000000000000e+00 0.000000000000000000e+00 5.461847389558233123e-01
