7.604790419161676640e-01 3.592814371257484901e-02 0.000000000000000000e+00 5.239520958083832003e-03 0.000000000000000000e+00 0.000000000000000000e+00 0.000000000000000000e+00 1.000000000000000000e+00 8.982035928143712253e-03 0.000000000000000000e+00 0.000000000000000000e+00 2.994011976047904373e-03 1.272455089820359250e-02 0.000000000000000000e+00 0.000000000000000000e+00
7.590759075907591025e-02 1.980198019801980222e-02 0.000000000000000000e+00 0.000000000000000000e+00 0.000000000000000000e+00 0.000000000000000000e+00 0.000000000000000000e+00 4.851485148514851353e-01 3.300330033003300370e-03 0.000000000000000000e+00 0.000000000000000000e+00 3.300330033003300370e-03 0.000000000000000000e+00 1.000000000000000000e+00 0.000000000000000000e+00
0.000000000000000000e+00 0.000000000000000000e+00 0.000000000000000000e+00 0.000000000000000000e+00 9.174311926605505096e-03 7.339449541284404077e-02 0.000000000000000000e+00 9.174311926605505096e-03 0.000000000000000000e+00 1.000000000000000000e+00 5.963302752293577758e-01 0.000000000000000000e+00 9.174311926605505096e-03 1.834862385321101019e-02 5.504587155963303058e-02
7.317073170731706877e-02 3.252032520325203596e-02 0.000000000000000000e+00 0.000000000000000000e+00 0.000000000000000000e+00 0.000000000000000000e+00 0.000000000000000000e+00 1.000000000000000000e+00 8.130081300813008990e-03 0.000000000000000000e+00 0.000000000000000000e+00 0.000000000000000000e+00 0.000000000000000000e+00 0.000000000000000000e+00 0.000000000000000000e+00
8.988764044943819975e-02 0.000000000000000000e+00 2.247191011235954994e-02 0.000000000000000000e+00 1.123595505617977497e-02 0.000000000000000000e+00 0.000000000000000000e+00 1.000000000000000000e+00 1.123595505617977497e-02 6.404494382022472010e-01 2.247191011235954994e-02 6.741573033707864981e-02 0.000000000000000000e+00 2.247191011235954994e-02 2.247191011235954994e-02
0.000000000000000000e+00 0.000000000000000000e+00 5.882352941176470507e-03 0.000000000000000000e+00 5.882352941176470507e-03 0.000000000000000000e+00 0.000000000000000000e+00 5.882352941176470507e-03 0.000000000000000000e+00 1.000000000000000000e+00 0.000000000000000000e+00 0.000000000000000000e+00 0.000000000000000000e+00 0.000000000000000000e+00 5.294117647058823456e-02
0.000000000000000000e+00 0.000000000000000000e+00 0.000000000000000000e+00 0.000000000000000000e+00 0.000000000000000000e+00 0.000000000000000000e+00 0.000000000000000000e+00 0.000000000000000000e+00 0.000000000000000000e+00 0.000000000000000000e+00 0.000000000000000000e+00 0.000000000000000000e+00 0.000000000000000000e+00 0.000000000000000000e+00 0.000000000000000000e+00
1.000000000000000000e+00 2.898443291326908700e-01 0.000000000000000000e+00 6.449221645663454072e-02 0.000000000000000000e+00 0.000000000000000000e+00 0.000000000000000000e+00 0.000000000000000000e+00 7.931801334321719743e-02 0.000000000000000000e+00 0.000000000000000000e+00 3.113417346182357354e-02 1.349147516679021497e-01 0.000000000000000000e+00 0.000000000000000000e+00
7.594936708860759722e-02 0.000000000000000000e+00 0.000000000000000000e+00 2.531645569620253125e-02 0.000000000000000000e+00 0.000000000000000000e+00 0.000000000000000000e+00 1.000000000000000000e+00 0.000000000000000000e+00 0.000000000000000000e+00 0.000000000000000000e+00 0.000000000000000000e+00 4.683544303797468333e-01 0.000000000000000000e+00 0.000000000000000000e+00
4.566210045662100203e-03 5.218525766470971661e-03 1.148075668623613765e-01 6.523157208088714576e-04 8.284409654272667511e-02 6.588388780169601722e-02 0.000000000000000000e+00 1.063274624918460476e-01 1.304631441617742915e-03 0.000000000000000000e+00 1.487279843444226923e-01 1.304631441617742915e-03 0.000000000000000000e+00 2.739726027397260122e-02 1.000000000000000000e+00
0.000000000000000000e+00 0.000000000000000000e+00 0.000000000000000000e+00 4.424778761061946841e-03 0.000000000000000000e+00 3.008849557522124130e-01 0.000000000000000000e+00 0.000000000000000000e+00 0.000000000000000000e+00 1.000000000000000000e+00 7.256637168141593097e-01 0.000000000000000000e+00 0.000000000000000000e+00 0.000000000000000000e+00 7.079646017699114946e-02
3.225806451612903136e-02 7.419354838709677491e-01 0.000000000000000000e+00 0.000000000000000000e+00 0.000000000000000000e+00 0.000000000000000000e+00 0.000000000000000000e+00 1.000000000000000000e+00 0.000000000000000000e+00 0.000000000000000000e+00 0.000000000000000000e+00 0.000000000000000000e+00 0.000000000000000000e+00 0.000000000000000000e+00 0.000000000000000000e+00
9.944751381215469199e-02 0.000000000000000000e+00 0.000000000000000000e+00 2.154696132596685132e-01 0.000000000000000000e+00 0.000000000000000000e+00 0.000000000000000000e+00 1.000000000000000000e+00 0.000000000000000000e+00 0.000000000000000000e+00 0.000000000000000000e+00 0.000000000000000000e+00 6.519337016574585641e-01 0.000000000000000000e+00 0.000000000000000000e+00
0.000000000000000000e+00 3.484320557491289196e-03 1.393728222996515678e-02 0.000000000000000000e+00 7.665505226480835710e-02 3.484320557491289196e-03 0.000000000000000000e+00 0.000000000000000000e+00 0.000000000000000000e+00 1.000000000000000000e+00 0.000000000000000000e+00 0.000000000000000000e+00 0.000000000000000000e+00 2.090592334494773691e-02 1.358885017421602726e-01
1.946787800129785948e-03 6.489292667099285771e-04 6.489292667099286205e-03 0.000000000000000000e+00 1.168072680077871482e-02 2.595717066839714308e-03 0.000000000000000000e+00 4.542504866969500690e-03 0.000000000000000000e+00 1.000000000000000000e+00 1.038286826735885723e-02 0.000000000000000000e+00 6.489292667099285771e-04 2.595717066839714308e-03 7.508111615833874541e-01
