0.000000000000000000e+00 0.000000000000000000e+00 0.000000000000000000e+00 0.000000000000000000e+00 0.000000000000000000e+00 1.296296296296296224e-01 0.000000000000000000e+00 1.000000000000000000e+00 7.129629629629629095e-01 0.000000000000000000e+00 1.018518518518518462e-01
0.000000000000000000e+00 6.506024096385542022e-01 5.488621151271753928e-02 0.000000000000000000e+00 0.000000000000000000e+00 0.000000000000000000e+00 1.000000000000000000e+00 0.000000000000000000e+00 0.000000000000000000e+00 0.000000000000000000e+00 0.000000000000000000e+00
1.000000000000000000e+00 1.904761904761904934e-02 0.000000000000000000e+00 0.000000000000000000e+00 0.000000000000000000e+00 0.000000000000000000e+00 3.047619047619047894e-01 0.000000000000000000e+00 0.000000000000000000e+00 4.428571428571428381e-01 0.000000000000000000e+00
0.000000000000000000e+00 1.100917431192660612e-01 0.000000000000000000e+00 0.000000000000000000e+00 0.000000000000000000e+00 0.000000000000000000e+00 1.000000000000000000e+00 3.302752293577981835e-01 0.000000000000000000e+00 0.000000000000000000e+00 5.504587155963303058e-02
0.000000000000000000e+00 0.000000000000000000e+00 0.000000000000000000e+00 0.000000000000000000e+00 0.000000000000000000e+00 0.000000000000000000e+00 0.000000000000000000e+00 0.000000000000000000e+00 0.000000000000000000e+00 0.000000000000000000e+00 0.000000000000000000e+00
0.000000000000000000e+00 0.000000000000000000e+00 0.000000000000000000e+00 0.000000000000000000e+00 0.000000000000000000e+00 1.000000000000000000e+00 0.000000000000000000e+00 2.500000000000000000e-01 8.750000000000000000e-01 0.000000000000000000e+00 8.333333333333332871e-02
0.000000000000000000e+00 1.000000000000000000e+00 4.295125164690382080e-01 0.000000000000000000e+00 0.000000000000000000e+00 0.000000000000000000e+00 0.000000000000000000e+00 0.000000000000000000e+00 0.000000000000000000e+00 0.000000000000000000e+00 0.000000000000000000e+00
0.000000000000000000e+00 7.085916740478299600e-03 4.428697962798937467e-03 1.328609388839681049e-01 0.000000000000000000e+00 0.000000000000000000e+00 1.337466784765279082e-01 0.000000000000000000e+00 0.000000000000000000e+00 0.000000000000000000e+00 1.000000000000000000e+00
0.000000000000000000e+00 0.000000000000000000e+00 0.000000000000000000e+00 0.000000000000000000e+00 0.000000000000000000e+00 1.948051948051948146e-01 0.000000000000000000e+00 1.000000000000000000e+00 0.000000000000000000e+00 0.000000000000000000e+00 7.792207792207792028e-02
0.000000000000000000e+00 0.000000000000000000e+00 0.000000000000000000e+00 0.000000000000000000e+00 0.000000000000000000e+00 0.000000000000000000e+00 0.000000000000000000e+00 1.000000000000000000e+00 0.000000000000000000e+00 0.000000000000000000e+00 1.463414634146341375e-01
0.000000000000000000e+00 4.409171075837742260e-03 0.000000000000000000e+00 1.146384479717812988e-02 0.000000000000000000e+00 0.000000000000000000e+00 1.234567901234567833e-02 1.000000000000000000e+00 0.000000000000000000e+00 0.000000000000000000e+00 6.234567901234567833e-01
