0.000000000000000000e+00 0.000000000000000000e+00 1.285714285714285587e-01 0.000000000000000000e+00 4.285714285714285754e-02 0.000000000000000000e+00 1.000000000000000000e+00 6.285714285714285587e-01 0.000000000000000000e+00 0.000000000000000000e+00
1.000000000000000000e+00 0.000000000000000000e+00 0.000000000000000000e+00 0.000000000000000000e+00 0.000000000000000000e+00 0.000000000000000000e+00 0.000000000000000000e+00 0.000000000000000000e+00 5.919999999999999707e-01 0.000000000000000000e+00
0.000000000000000000e+00 1.589825119236884044e-03 5.977742448330684022e-01 0.000000000000000000e+00 0.000000000000000000e+00 1.748807631160572210e-02 1.000000000000000000e+00 0.000000000000000000e+00 0.000000000000000000e+00 3.179650238473768088e-03
0.000000000000000000e+00 0.000000000000000000e+00 0.000000000000000000e+00 0.000000000000000000e+00 0.000000000000000000e+00 0.000000000000000000e+00 0.000000000000000000e+00 0.000000000000000000e+00 0.000000000000000000e+00 0.000000000000000000e+00
0.000000000000000000e+00 0.000000000000000000e+00 0.000000000000000000e+00 0.000000000000000000e+00 5.000000000000000000e-01 0.000000000000000000e+00 3.333333333333333148e-01 1.000000000000000000e+00 0.000000000000000000e+00 0.000000000000000000e+00
0.000000000000000000e+00 4.063926940639269181e-01 0.000000000000000000e+00 0.000000000000000000e+00 0.000000000000000000e+00 0.000000000000000000e+00 0.000000000000000000e+00 0.000000000000000000e+00 0.000000000000000000e+00 1.000000000000000000e+00
0.000000000000000000e+00 0.000000000000000000e+00 1.000000000000000000e+00 0.000000000000000000e+00 0.000000000000000000e+00 2.802547770700636875e-01 0.000000000000000000e+00 0.000000000000000000e+00 0.000000000000000000e+00 1.592356687898089165e-02
0.000000000000000000e+00 0.000000000000000000e+00 2.272727272727272790e-02 0.000000000000000000e+00 1.136363636363636326e-01 0.000000000000000000e+00 1.000000000000000000e+00 0.000000000000000000e+00 0.000000000000000000e+00 0.000000000000000000e+00
0.000000000000000000e+00 0.000000000000000000e+00 7.246376811594203160e-02 0.000000000000000000e+00 0.000000000000000000e+00 0.000000000000000000e+00 1.000000000000000000e+00 0.000000000000000000e+00 0.000000000000000000e+00 0.000000000000000000e+00
0.000000000000000000e+00 4.895104895104895187e-02 0.000000000000000000e+00 0.000000000000000000e+00 0.000000000000000000e+00 1.000000000000000000e+00 0.000000000000000000e+00 0.000000000000000000e+00 0.000000000000000000e+00 5.850815850815850316e-01
