7.458745874587459079e-01 4.867986798679867916e-02 0.000000000000000000e+00 4.125412541254125029e-03 0.000000000000000000e+00 0.000000000000000000e+00 0.000000000000000000e+00 1.000000000000000000e+00 0.000000000000000000e+00 0.000000000000000000e+00 2.475247524752475278e-03 8.250825082508250925e-04 3.300330033003300370e-03 0.000000000000000000e+00 0.000000000000000000e+00
3.714285714285714413e-02 2.857142857142857140e-03 0.000000000000000000e+00 2.857142857142857140e-03 0.000000000000000000e+00 0.000000000000000000e+00 0.000000000000000000e+00 2.628571428571428448e-01 0.000000000000000000e+00 1.000000000000000000e+00 0.000000000000000000e+00 0.000000000000000000e+00 2.857142857142857140e-03 0.000000000000000000e+00 0.000000000000000000e+00
0.000000000000000000e+00 0.000000000000000000e+00 0.000000000000000000e+00 0.000000000000000000e+00 1.398601398601398600e-02 1.328671328671328644e-01 0.000000000000000000e+00 6.993006993006993001e-03 1.000000000000000000e+00 1.398601398601398600e-02 0.000000000000000000e+00 0.000000000000000000e+00 0.000000000000000000e+00 1.538461538461538547e-01 1.258741258741258862e-01
3.960396039603960444e-02 0.000000000000000000e+00 0.000000000000000000e+00 0.000000000000000000e+00 0.000000000000000000e+00 0.000000000000000000e+00 0.000000000000000000e+00 1.000000000000000000e+00 0.000000000000000000e+00 0.000000000000000000e+00 4.950495049504950729e-02 9.900990099009901110e-03 2.277227722772277307e-01 0.000000000000000000e+00 0.000000000000000000e+00
1.048387096774193589e-01 0.000000000000000000e+00 0.000000000000000000e+00 8.064516129032257841e-03 1.612903225806451568e-02 8.064516129032257841e-03 0.000000000000000000e+00 1.000000000000000000e+00 7.903225806451612545e-01 4.032258064516128920e-02 0.000000000000000000e+00 1.612903225806451568e-02 0.000000000000000000e+00 0.000000000000000000e+00 8.064516129032257841e-02
5.813953488372092943e-03 5.813953488372092943e-03 1.744186046511627883e-02 0.000000000000000000e+00 2.906976744186046471e-02 0.000000000000000000e+00 0.000000000000000000e+00 5.813953488372092943e-03 1.000000000000000000e+00 0.000000000000000000e+00 0.000000000000000000e+00 0.000000000000000000e+00 0.000000000000000000e+00 0.000000000000000000e+00 7.558139534883720478e-02
0.000000000000000000e+00 0.000000000000000000e+00 0.000000000000000000e+00 0.000000000000000000e+00 0.000000000000000000e+00 0.000000000000000000e+00 0.000000000000000000e+00 0.000000000000000000e+00 0.000000000000000000e+00 0.000000000000000000e+00 0.000000000000000000e+00 0.000000000000000000e+00 0.000000000000000000e+00 0.000000000000000000e+00 0.000000000000000000e+00
1.000000000000000000e+00 3.004885993485342244e-01 0.000000000000000000e+00 9.853420195439739626e-02 0.000000000000000000e+00 0.000000000000000000e+00 0.000000000000000000e+00 0.000000000000000000e+00 0.000000000000000000e+00 0.000000000000000000e+00 9.853420195439739626e-02 2.524429967426710178e-02 5.048859934853420356e-02 0.000000000000000000e+00 0.000000000000000000e+00
5.603985056039850407e-03 4.358655043586550509e-03 1.133250311332503063e-01 2.490660024906600229e-03 1.376089663760896586e-01 8.717310087173101019e-02 0.000000000000000000e+00 1.046077210460772122e-01 0.000000000000000000e+00 2.179327521793275255e-02 0.000000000000000000e+00 0.000000000000000000e+00 6.226650062266500573e-04 5.230386052303860611e-02 1.000000000000000000e+00
0.000000000000000000e+00 8.982035928143712253e-03 1.197604790419161749e-02 0.000000000000000000e+00 1.497005988023952100e-02 0.000000000000000000e+00 0.000000000000000000e+00 0.000000000000000000e+00 1.000000000000000000e+00 5.988023952095808747e-03 0.000000000000000000e+00 0.000000000000000000e+00 0.000000000000000000e+00 5.988023952095808747e-03 1.586826347305389240e-01
3.703703703703703498e-02 5.925925925925926152e-02 0.000000000000000000e+00 1.481481481481481538e-02 0.000000000000000000e+00 0.000000000000000000e+00 0.000000000000000000e+00 1.000000000000000000e+00 0.000000000000000000e+00 0.000000000000000000e+00 0.000000000000000000e+00 0.000000000000000000e+00 0.000000000000000000e+00 0.000000000000000000e+00 0.000000000000000000e+00
4.347826086956521618e-02 4.782608695652174058e-01 0.000000000000000000e+00 0.000000000000000000e+00 0.000000000000000000e+00 0.000000000000000000e+00 0.000000000000000000e+00 1.000000000000000000e+00 0.000000000000000000e+00 0.000000000000000000e+00 0.000000000000000000e+00 0.000000000000000000e+00 0.000000000000000000e+00 0.000000000000000000e+00 0.000000000000000000e+00
9.375000000000000000e-02 0.000000000000000000e+00 0.000000000000000000e+00 0.000000000000000000e+00 0.000000000000000000e+00 0.000000000000000000e+00 0.000000000000000000e+00 1.000000000000000000e+00 0.000000000000000000e+00 0.000000000000000000e+00 3.281250000000000000e-01 0.000000000000000000e+00 4.375000000000000000e-01 0.000000000000000000e+00 0.000000000000000000e+00
0.000000000000000000e+00 0.000000000000000000e+00 0.000000000000000000e+00 0.000000000000000000e+00 2.597402597402597574e-02 3.246753246753246724e-01 0.000000000000000000e+00 5.194805194805195148e-02 1.000000000000000000e+00 1.298701298701298787e-02 0.000000000000000000e+00 0.000000000000000000e+00 0.000000000000000000e+00 4.805194805194805130e-01 6.493506493506492894e-02
2.449479485609308040e-03 0.000000000000000000e+00 1.102265768524188574e-02 0.000000000000000000e+00 1.163502755664421254e-02 6.736068585425597326e-03 0.000000000000000000e+00 4.286589099816289286e-03 1.000000000000000000e+00 4.286589099816289286e-03 0.000000000000000000e+00 0.000000000000000000e+00 0.000000000000000000e+00 3.674219228413962059e-03 7.305572565829761000e-01
