1.000000000000000000e+00 0.000000000000000000e+00 0.000000000000000000e+00 0.000000000000000000e+00 0.000000000000000000e+00 4.192872117400419096e-01 0.000000000000000000e+00 2.096436058700209756e-03 4.549266247379454842e-01 0.000000000000000000e+00 2.096436058700209756e-03 4.192872117400419513e-03 0.000000000000000000e+00 3.983228511530398364e-02
0.000000000000000000e+00 4.144144144144144004e-01 1.216216216216216284e-01 0.000000000000000000e+00 0.000000000000000000e+00 0.000000000000000000e+00 0.000000000000000000e+00 1.000000000000000000e+00 0.000000000000000000e+00 0.000000000000000000e+00 2.702702702702702853e-02 8.108108108108108558e-02 8.108108108108108558e-02 0.000000000000000000e+00
0.000000000000000000e+00 3.300330033003300370e-03 0.000000000000000000e+00 0.000000000000000000e+00 0.000000000000000000e+00 0.000000000000000000e+00 0.000000000000000000e+00 1.452145214521452232e-01 0.000000000000000000e+00 1.000000000000000000e+00 0.000000000000000000e+00 0.000000000000000000e+00 9.900990099009901110e-03 0.000000000000000000e+00
1.000000000000000000e+00 4.830917874396135035e-03 0.000000000000000000e+00 0.000000000000000000e+00 0.000000000000000000e+00 9.178743961352657521e-02 0.000000000000000000e+00 9.661835748792270070e-03 5.024154589371980784e-01 0.000000000000000000e+00 4.830917874396135035e-03 4.830917874396135035e-03 0.000000000000000000e+00 3.864734299516908028e-02
0.000000000000000000e+00 1.098901098901098883e-01 2.197802197802197974e-02 1.098901098901098883e-01 0.000000000000000000e+00 0.000000000000000000e+00 0.000000000000000000e+00 1.000000000000000000e+00 6.483516483516483797e-01 0.000000000000000000e+00 0.000000000000000000e+00 0.000000000000000000e+00 4.395604395604395948e-02 7.692307692307692735e-02
0.000000000000000000e+00 3.717472118959107633e-03 7.434944237918215265e-03 6.691449814126393392e-02 5.204460966542751033e-02 0.000000000000000000e+00 0.000000000000000000e+00 2.602230483271375516e-02 1.000000000000000000e+00 0.000000000000000000e+00 0.000000000000000000e+00 0.000000000000000000e+00 0.000000000000000000e+00 4.460966542750929159e-02
0.000000000000000000e+00 0.000000000000000000e+00 0.000000000000000000e+00 0.000000000000000000e+00 0.000000000000000000e+00 0.000000000000000000e+00 0.000000000000000000e+00 0.000000000000000000e+00 0.000000000000000000e+00 0.000000000000000000e+00 0.000000000000000000e+00 0.000000000000000000e+00 0.000000000000000000e+00 0.000000000000000000e+00
0.000000000000000000e+00 7.441077441077441623e-01 1.000000000000000000e+00 0.000000000000000000e+00 0.000000000000000000e+00 0.000000000000000000e+00 0.000000000000000000e+00 0.000000000000000000e+00 0.000000000000000000e+00 0.000000000000000000e+00 2.592592592592592449e-01 6.363636363636363535e-01 6.464646464646465196e-01 0.000000000000000000e+00
6.928104575163398504e-01 4.248366013071895597e-02 1.307189542483660170e-02 9.215686274509803377e-01 4.836601307189542509e-01 3.202614379084967045e-01 0.000000000000000000e+00 4.117647058823529216e-01 0.000000000000000000e+00 0.000000000000000000e+00 3.267973856209150426e-03 1.960784313725490169e-02 2.941176470588235253e-02 1.000000000000000000e+00
0.000000000000000000e+00 0.000000000000000000e+00 0.000000000000000000e+00 5.813953488372092943e-02 0.000000000000000000e+00 0.000000000000000000e+00 0.000000000000000000e+00 0.000000000000000000e+00 1.000000000000000000e+00 0.000000000000000000e+00 0.000000000000000000e+00 0.000000000000000000e+00 0.000000000000000000e+00 1.201550387596899278e-01
0.000000000000000000e+00 8.372093023255813837e-02 9.302325581395348708e-02 0.000000000000000000e+00 0.000000000000000000e+00 0.000000000000000000e+00 0.000000000000000000e+00 1.000000000000000000e+00 0.000000000000000000e+00 0.000000000000000000e+00 0.000000000000000000e+00 0.000000000000000000e+00 6.046511627906976660e-02 0.000000000000000000e+00
0.000000000000000000e+00 5.305039787798408735e-02 0.000000000000000000e+00 0.000000000000000000e+00 0.000000000000000000e+00 0.000000000000000000e+00 0.000000000000000000e+00 4.774535809018567445e-01 0.000000000000000000e+00 0.000000000000000000e+00 4.270557029177718955e-01 1.000000000000000000e+00 0.000000000000000000e+00 0.000000000000000000e+00
0.000000000000000000e+00 2.777777777777777624e-02 0.000000000000000000e+00 0.000000000000000000e+00 0.000000000000000000e+00 0.000000000000000000e+00 0.000000000000000000e+00 5.000000000000000000e-01 0.000000000000000000e+00 0.000000000000000000e+00 1.319444444444444475e-01 1.000000000000000000e+00 0.000000000000000000e+00 0.000000000000000000e+00
7.046979865771811624e-02 6.711409395973154217e-03 0.000000000000000000e+00 6.040268456375839229e-02 7.046979865771811624e-02 2.013422818791946178e-02 0.000000000000000000e+00 5.369127516778523374e-02 1.000000000000000000e+00 0.000000000000000000e+00 0.000000000000000000e+00 3.355704697986577108e-03 0.000000000000000000e+00 3.657718120805369399e-01
