4.936708860759493889e-01 0.000000000000000000e+00 0.000000000000000000e+00 0.000000000000000000e+00 0.000000000000000000e+00 0.000000000000000000e+00 0.000000000000000000e+00 4.303797468354430555e-01 0.000000000000000000e+00 0.000000000000000000e+00 2.531645569620253125e-02 1.000000000000000000e+00 0.000000000000000000e+00 6.329113924050632813e-03 0.000000000000000000e+00 0.000000000000000000e+00 0.000000000000000000e+00 5.696202531645569445e-02
0.000000000000000000e+00 0.000000000000000000e+00 0.000000000000000000e+00 0.000000000000000000e+00 0.000000000000000000e+00 0.000000000000000000e+00 0.000000000000000000e+00 0.000000000000000000e+00 0.000000000000000000e+00 0.000000000000000000e+00 0.000000000000000000e+00 0.000000000000000000e+00 0.000000000000000000e+00 0.000000000000000000e+00 1.000000000000000000e+00 0.000000000000000000e+00 0.000000000000000000e+00 0.000000000000000000e+00
0.000000000000000000e+00 0.000000000000000000e+00 0.000000000000000000e+00 0.000000000000000000e+00 0.000000000000000000e+00 0.000000000000000000e+00 0.000000000000000000e+00 0.000000000000000000e+00 0.000000000000000000e+00 0.000000000000000000e+00 0.000000000000000000e+00 0.000000000000000000e+00 0.000000000000000000e+00 0.000000000000000000e+00 0.000000000000000000e+00 0.000000000000000000e+00 0.000000000000000000e+00 0.000000000000000000e+00
0.000000000000000000e+00 0.000000000000000000e+00 0.000000000000000000e+00 0.000000000000000000e+00 0.000000000000000000e+00 0.000000000000000000e+00 2.597402597402597574e-02 0.000000000000000000e+00 1.428571428571428492e-01 1.298701298701298787e-02 0.000000000000000000e+00 1.000000000000000000e+00 0.000000000000000000e+00 0.000000000000000000e+00 9.090909090909090606e-01 0.000000000000000000e+00 0.000000000000000000e+00 3.896103896103896014e-02
0.000000000000000000e+00 0.000000000000000000e+00 0.000000000000000000e+00 0.000000000000000000e+00 5.970149253731342753e-01 3.482587064676617022e-02 0.000000000000000000e+00 0.000000000000000000e+00 0.000000000000000000e+00 0.000000000000000000e+00 1.000000000000000000e+00 0.000000000000000000e+00 0.000000000000000000e+00 2.653399668325041524e-02 0.000000000000000000e+00 8.291873963515754981e-03 1.824212271973466026e-02 0.000000000000000000e+00
0.000000000000000000e+00 0.000000000000000000e+00 0.000000000000000000e+00 1.000000000000000000e+00 0.000000000000000000e+00 0.000000000000000000e+00 0.000000000000000000e+00 0.000000000000000000e+00 0.000000000000000000e+00 0.000000000000000000e+00 0.000000000000000000e+00 0.000000000000000000e+00 7.116564417177914104e-01 0.000000000000000000e+00 0.000000000000000000e+00 0.000000000000000000e+00 0.000000000000000000e+00 0.000000000000000000e+00
3.271889400921659252e-01 0.000000000000000000e+00 0.000000000000000000e+00 0.000000000000000000e+00 4.608294930875576033e-03 0.000000000000000000e+00 0.000000000000000000e+00 1.382488479262672931e-01 0.000000000000000000e+00 0.000000000000000000e+00 4.608294930875576033e-03 1.000000000000000000e+00 0.000000000000000000e+00 9.216589861751152066e-03 0.000000000000000000e+00 9.216589861751152066e-03 0.000000000000000000e+00 7.373271889400921653e-02
0.000000000000000000e+00 0.000000000000000000e+00 0.000000000000000000e+00 0.000000000000000000e+00 0.000000000000000000e+00 0.000000000000000000e+00 5.166051660516605276e-02 0.000000000000000000e+00 0.000000000000000000e+00 0.000000000000000000e+00 3.321033210332103441e-02 1.000000000000000000e+00 0.000000000000000000e+00 0.000000000000000000e+00 0.000000000000000000e+00 0.000000000000000000e+00 0.000000000000000000e+00 5.535055350553505504e-02
0.000000000000000000e+00 0.000000000000000000e+00 0.000000000000000000e+00 0.000000000000000000e+00 0.000000000000000000e+00 0.000000000000000000e+00 0.000000000000000000e+00 0.000000000000000000e+00 1.000000000000000000e+00 0.000000000000000000e+00 0.000000000000000000e+00 3.750000000000000000e-01 0.000000000000000000e+00 0.000000000000000000e+00 6.875000000000000000e-01 0.000000000000000000e+00 0.000000000000000000e+00 1.875000000000000000e-01
1.000000000000000000e+00 1.000000000000000000e+00 0.000000000000000000e+00 0.000000000000000000e+00 0.000000000000000000e+00 0.000000000000000000e+00 0.000000000000000000e+00 0.000000000000000000e+00 0.000000000000000000e+00 0.000000000000000000e+00 0.000000000000000000e+00 0.000000000000000000e+00 0.000000000000000000e+00 0.000000000000000000e+00 0.000000000000000000e+00 0.000000000000000000e+00 0.000000000000000000e+00 0.000000000000000000e+00
0.000000000000000000e+00 0.000000000000000000e+00 0.000000000000000000e+00 0.000000000000000000e+00 1.000000000000000000e+00 4.184873949579832053e-01 0.000000000000000000e+00 0.000000000000000000e+00 0.000000000000000000e+00 0.000000000000000000e+00 0.000000000000000000e+00 0.000000000000000000e+00 0.000000000000000000e+00 2.571428571428571175e-01 0.000000000000000000e+00 1.882352941176470562e-01 3.394957983193277462e-01 0.000000000000000000e+00
2.012903225806451646e-01 0.000000000000000000e+00 0.000000000000000000e+00 0.000000000000000000e+00 1.677419354838709589e-02 0.000000000000000000e+00 3.754838709677419395e-01 2.580645161290322509e-01 0.000000000000000000e+00 0.000000000000000000e+00 2.696774193548386878e-01 0.000000000000000000e+00 0.000000000000000000e+00 2.580645161290322578e-03 0.000000000000000000e+00 2.580645161290322578e-03 1.290322580645161289e-02 1.000000000000000000e+00
0.000000000000000000e+00 0.000000000000000000e+00 0.000000000000000000e+00 0.000000000000000000e+00 0.000000000000000000e+00 0.000000000000000000e+00 1.834862385321101019e-02 0.000000000000000000e+00 0.000000000000000000e+00 0.000000000000000000e+00 0.000000000000000000e+00 1.000000000000000000e+00 0.000000000000000000e+00 0.000000000000000000e+00 0.000000000000000000e+00 0.000000000000000000e+00 0.000000000000000000e+00 4.587155963302752548e-02
0.000000000000000000e+00 0.000000000000000000e+00 0.000000000000000000e+00 0.000000000000000000e+00 9.090909090909091161e-02 4.329004329004328827e-02 0.000000000000000000e+00 0.000000000000000000e+00 0.000000000000000000e+00 0.000000000000000000e+00 1.000000000000000000e+00 0.000000000000000000e+00 0.000000000000000000e+00 0.000000000000000000e+00 0.000000000000000000e+00 0.000000000000000000e+00 8.658008658008658001e-03 0.000000000000000000e+00
0.000000000000000000e+00 0.000000000000000000e+00 0.000000000000000000e+00 0.000000000000000000e+00 0.000000000000000000e+00 0.000000000000000000e+00 2.941176470588235253e-02 1.470588235294117627e-02 1.323529411764705899e-01 1.470588235294117627e-02 0.000000000000000000e+00 1.000000000000000000e+00 0.000000000000000000e+00 0.000000000000000000e+00 0.000000000000000000e+00 0.000000000000000000e+00 0.000000000000000000e+00 1.470588235294117627e-02
0.000000000000000000e+00 0.000000000000000000e+00 0.000000000000000000e+00 0.000000000000000000e+00 9.900990099009901457e-02 0.000000000000000000e+00 0.000000000000000000e+00 0.000000000000000000e+00 0.000000000000000000e+00 0.000000000000000000e+00 1.000000000000000000e+00 0.000000000000000000e+00 0.000000000000000000e+00 6.336633663366336711e-01 0.000000000000000000e+00 6.930693069306930187e-01 0.000000000000000000e+00 0.000000000000000000e+00
0.000000000000000000e+00 0.000000000000000000e+00 0.000000000000000000e+00 0.000000000000000000e+00 8.029197080291970712e-02 0.000000000000000000e+00 0.000000000000000000e+00 0.000000000000000000e+00 0.000000000000000000e+00 0.000000000000000000e+00 1.000000000000000000e+00 0.000000000000000000e+00 0.000000000000000000e+00 1.824817518248175174e-01 0.000000000000000000e+00 3.868613138686131658e-01 0.000000000000000000e+00 0.000000000000000000e+00
1.595744680851063704e-02 0.000000000000000000e+00 0.000000000000000000e+00 0.000000000000000000e+00 6.648936170212766013e-03 0.000000000000000000e+00 3.856382978723404270e-02 1.329787234042553203e-02 0.000000000000000000e+00 0.000000000000000000e+00 2.127659574468085055e-02 1.000000000000000000e+00 0.000000000000000000e+00 1.329787234042553159e-03 0.000000000000000000e+00 1.329787234042553159e-03 1.329787234042553159e-03 7.313829787234042978e-01
