0.000000000000000000e+00 5.395683453237409832e-02 0.000000000000000000e+00 1.000000000000000000e+00 0.000000000000000000e+00 0.000000000000000000e+00 0.000000000000000000e+00 0.000000000000000000e+00 3.597122302158273568e-03 0.000000000000000000e+00 7.194244604316547137e-03 0.000000000000000000e+00 4.316546762589928282e-02 0.000000000000000000e+00 0.000000000000000000e+00 0.000000000000000000e+00 0.000000000000000000e+00 0.000000000000000000e+00 3.597122302158273568e-03 0.000000000000000000e+00 0.000000000000000000e+00 3.597122302158273568e-03
0.000000000000000000e+00 4.133333333333333304e-01 1.333333333333333419e-02 1.000000000000000000e+00 0.000000000000000000e+00 0.000000000000000000e+00 4.000000000000000083e-02 0.000000000000000000e+00 2.000000000000000042e-02 0.000000000000000000e+00 0.000000000000000000e+00 0.000000000000000000e+00 7.333333333333333370e-02 0.000000000000000000e+00 0.000000000000000000e+00 0.000000000000000000e+00 0.000000000000000000e+00 1.333333333333333419e-02 0.000000000000000000e+00 0.000000000000000000e+00 0.000000000000000000e+00 1.333333333333333315e-01
0.000000000000000000e+00 0.000000000000000000e+00 0.000000000000000000e+00 0.000000000000000000e+00 0.000000000000000000e+00 0.000000000000000000e+00 0.000000000000000000e+00 4.310344827586206837e-03 9.051724137931034531e-02 0.000000000000000000e+00 0.000000000000000000e+00 0.000000000000000000e+00 0.000000000000000000e+00 0.000000000000000000e+00 0.000000000000000000e+00 0.000000000000000000e+00 3.448275862068965469e-02 3.879310344827586327e-02 4.310344827586207184e-02 0.000000000000000000e+00 0.000000000000000000e+00 1.000000000000000000e+00
2.617801047120418834e-02 8.324607329842932391e-01 3.141361256544502462e-02 0.000000000000000000e+00 0.000000000000000000e+00 0.000000000000000000e+00 3.507853403141361071e-01 0.000000000000000000e+00 8.376963350785340823e-02 0.000000000000000000e+00 1.047120418848167603e-02 0.000000000000000000e+00 8.115183246073298662e-01 0.000000000000000000e+00 1.570680628272251231e-02 2.303664921465968518e-01 0.000000000000000000e+00 1.308900523560209417e-01 0.000000000000000000e+00 0.000000000000000000e+00 0.000000000000000000e+00 1.000000000000000000e+00
0.000000000000000000e+00 0.000000000000000000e+00 0.000000000000000000e+00 0.000000000000000000e+00 0.000000000000000000e+00 0.000000000000000000e+00 0.000000000000000000e+00 0.000000000000000000e+00 0.000000000000000000e+00 0.000000000000000000e+00 0.000000000000000000e+00 0.000000000000000000e+00 0.000000000000000000e+00 0.000000000000000000e+00 0.000000000000000000e+00 0.000000000000000000e+00 0.000000000000000000e+00 0.000000000000000000e+00 5.000000000000000000e-01 0.000000000000000000e+00 0.000000000000000000e+00 1.000000000000000000e+00
0.000000000000000000e+00 0.000000000000000000e+00 0.000000000000000000e+00 0.000000000000000000e+00 0.000000000000000000e+00 0.000000000000000000e+00 0.000000000000000000e+00 2.500000000000000000e-01 0.000000000000000000e+00 0.000000000000000000e+00 0.000000000000000000e+00 2.500000000000000000e-01 0.000000000000000000e+00 0.000000000000000000e+00 0.000000000000000000e+00 0.000000000000000000e+00 1.000000000000000000e+00 0.000000000000000000e+00 0.000000000000000000e+00 0.000000000000000000e+00 0.000000000000000000e+00 0.000000000000000000e+00
8.196721311475410263e-03 8.196721311475409222e-02 0.000000000000000000e+00 1.000000000000000000e+00 0.000000000000000000e+00 0.000000000000000000e+00 0.000000000000000000e+00 0.000000000000000000e+00 1.639344262295082053e-02 0.000000000000000000e+00 0.000000000000000000e+00 0.000000000000000000e+00 5.737704918032787010e-02 0.000000000000000000e+00 0.000000000000000000e+00 0.000000000000000000e+00 0.000000000000000000e+00 8.196721311475410263e-03 0.000000000000000000e+00 0.000000000000000000e+00 0.000000000000000000e+00 1.639344262295081844e-01
0.000000000000000000e+00 0.000000000000000000e+00 0.000000000000000000e+00 0.000000000000000000e+00 0.000000000000000000e+00 7.407407407407407690e-03 0.000000000000000000e+00 3.703703703703703498e-01 0.000000000000000000e+00 0.000000000000000000e+00 0.000000000000000000e+00 2.074074074074074014e-01 0.000000000000000000e+00 0.000000000000000000e+00 0.000000000000000000e+00 0.000000000000000000e+00 1.000000000000000000e+00 0.000000000000000000e+00 0.000000000000000000e+00 4.444444444444444614e-02 5.185185185185185036e-02 0.000000000000000000e+00
0.000000000000000000e+00 0.000000000000000000e+00 4.641350210970464352e-02 0.000000000000000000e+00 4.219409282700421586e-03 0.000000000000000000e+00 0.000000000000000000e+00 4.219409282700421586e-03 4.472573839662447037e-01 0.000000000000000000e+00 0.000000000000000000e+00 4.219409282700421586e-03 0.000000000000000000e+00 0.000000000000000000e+00 1.265822784810126563e-02 0.000000000000000000e+00 4.641350210970464352e-02 7.594936708860759722e-02 6.751054852320674537e-02 0.000000000000000000e+00 0.000000000000000000e+00 1.000000000000000000e+00
0.000000000000000000e+00 0.000000000000000000e+00 0.000000000000000000e+00 0.000000000000000000e+00 0.000000000000000000e+00 0.000000000000000000e+00 0.000000000000000000e+00 0.000000000000000000e+00 0.000000000000000000e+00 0.000000000000000000e+00 0.000000000000000000e+00 0.000000000000000000e+00 0.000000000000000000e+00 0.000000000000000000e+00 0.000000000000000000e+00 0.000000000000000000e+00 0.000000000000000000e+00 0.000000000000000000e+00 0.000000000000000000e+00 0.000000000000000000e+00 0.000000000000000000e+00 0.000000000000000000e+00
0.000000000000000000e+00 0.000000000000000000e+00 0.000000000000000000e+00 1.000000000000000000e+00 0.000000000000000000e+00 0.000000000000000000e+00 0.000000000000000000e+00 0.000000000000000000e+00 0.000000000000000000e+00 0.000000000000000000e+00 0.000000000000000000e+00 0.000000000000000000e+00 0.000000000000000000e+00 0.000000000000000000e+00 0.000000000000000000e+00 5.000000000000000000e-01 0.000000000000000000e+00 0.000000000000000000e+00 0.000000000000000000e+00 0.000000000000000000e+00 0.000000000000000000e+00 1.000000000000000000e+00
1.000000000000000000e+00 0.000000000000000000e+00 0.000000000000000000e+00 0.000000000000000000e+00 0.000000000000000000e+00 0.000000000000000000e+00 0.000000000000000000e+00 3.300330033003300370e-03 0.000000000000000000e+00 0.000000000000000000e+00 0.000000000000000000e+00 1.320132013201320148e-02 0.000000000000000000e+00 0.000000000000000000e+00 0.000000000000000000e+00 0.000000000000000000e+00 9.240924092409240342e-02 0.000000000000000000e+00 0.000000000000000000e+00 0.000000000000000000e+00 0.000000000000000000e+00 0.000000000000000000e+00
0.000000000000000000e+00 7.228915662650602092e-02 1.204819277108433798e-02 1.000000000000000000e+00 0.000000000000000000e+00 0.000000000000000000e+00 3.855421686746988152e-01 0.000000000000000000e+00 0.000000000000000000e+00 0.000000000000000000e+00 1.204819277108433798e-02 0.000000000000000000e+00 0.000000000000000000e+00 0.000000000000000000e+00 0.000000000000000000e+00 7.228915662650602370e-01 0.000000000000000000e+00 0.000000000000000000e+00 0.000000000000000000e+00 0.000000000000000000e+00 0.000000000000000000e+00 2.409638554216867595e-02
0.000000000000000000e+00 0.000000000000000000e+00 0.000000000000000000e+00 0.000000000000000000e+00 0.000000000000000000e+00 0.000000000000000000e+00 0.000000000000000000e+00 0.000000000000000000e+00 0.000000000000000000e+00 0.000000000000000000e+00 0.000000000000000000e+00 0.000000000000000000e+00 0.000000000000000000e+00 1.000000000000000000e+00 0.000000000000000000e+00 0.000000000000000000e+00 5.000000000000000000e-01 0.000000000000000000e+00 0.000000000000000000e+00 6.216216216216216006e-01 0.000000000000000000e+00 0.000000000000000000e+00
0.000000000000000000e+00 0.000000000000000000e+00 6.888888888888888840e-01 0.000000000000000000e+00 0.000000000000000000e+00 0.000000000000000000e+00 0.000000000000000000e+00 0.000000000000000000e+00 1.481481481481481538e-02 0.000000000000000000e+00 0.000000000000000000e+00 0.000000000000000000e+00 0.000000000000000000e+00 0.000000000000000000e+00 1.000000000000000000e+00 0.000000000000000000e+00 1.481481481481481538e-02 0.000000000000000000e+00 0.000000000000000000e+00 7.407407407407407690e-03 0.000000000000000000e+00 5.259259259259259078e-01
0.000000000000000000e+00 5.194805194805195148e-02 3.896103896103896014e-02 4.935064935064935043e-01 0.000000000000000000e+00 0.000000000000000000e+00 7.532467532467532756e-01 0.000000000000000000e+00 0.000000000000000000e+00 0.000000000000000000e+00 0.000000000000000000e+00 0.000000000000000000e+00 0.000000000000000000e+00 0.000000000000000000e+00 0.000000000000000000e+00 1.000000000000000000e+00 0.000000000000000000e+00 0.000000000000000000e+00 0.000000000000000000e+00 0.000000000000000000e+00 0.000000000000000000e+00 2.597402597402597574e-02
0.000000000000000000e+00 0.000000000000000000e+00 0.000000000000000000e+00 0.000000000000000000e+00 0.000000000000000000e+00 3.928571428571428492e-02 0.000000000000000000e+00 5.357142857142856984e-01 0.000000000000000000e+00 0.000000000000000000e+00 0.000000000000000000e+00 1.000000000000000000e+00 0.000000000000000000e+00 1.178571428571428548e-01 0.000000000000000000e+00 0.000000000000000000e+00 0.000000000000000000e+00 0.000000000000000000e+00 0.000000000000000000e+00 2.250000000000000056e-01 3.142857142857142794e-01 0.000000000000000000e+00
0.000000000000000000e+00 0.000000000000000000e+00 5.339805825242718296e-01 0.000000000000000000e+00 0.000000000000000000e+00 0.000000000000000000e+00 0.000000000000000000e+00 0.000000000000000000e+00 1.067961165048543631e-01 0.000000000000000000e+00 0.000000000000000000e+00 0.000000000000000000e+00 0.000000000000000000e+00 9.708737864077669061e-03 9.417475728155340065e-01 0.000000000000000000e+00 3.883495145631067624e-02 0.000000000000000000e+00 9.708737864077669061e-03 9.708737864077669061e-03 0.000000000000000000e+00 1.000000000000000000e+00
0.000000000000000000e+00 0.000000000000000000e+00 0.000000000000000000e+00 0.000000000000000000e+00 0.000000000000000000e+00 0.000000000000000000e+00 0.000000000000000000e+00 6.140350877192982115e-02 7.894736842105262720e-02 0.000000000000000000e+00 0.000000000000000000e+00 8.771929824561403022e-03 0.000000000000000000e+00 0.000000000000000000e+00 8.771929824561403022e-03 0.000000000000000000e+00 6.403508771929824483e-01 7.894736842105262720e-02 0.000000000000000000e+00 0.000000000000000000e+00 7.017543859649122417e-02 1.000000000000000000e+00
0.000000000000000000e+00 0.000000000000000000e+00 0.000000000000000000e+00 0.000000000000000000e+00 0.000000000000000000e+00 0.000000000000000000e+00 0.000000000000000000e+00 2.521008403361344602e-02 0.000000000000000000e+00 0.000000000000000000e+00 0.000000000000000000e+00 1.428571428571428492e-01 0.000000000000000000e+00 0.000000000000000000e+00 0.000000000000000000e+00 0.000000000000000000e+00 1.000000000000000000e+00 0.000000000000000000e+00 0.000000000000000000e+00 0.000000000000000000e+00 5.042016806722689204e-02 0.000000000000000000e+00
0.000000000000000000e+00 0.000000000000000000e+00 0.000000000000000000e+00 0.000000000000000000e+00 0.000000000000000000e+00 0.000000000000000000e+00 0.000000000000000000e+00 1.923076923076923184e-02 0.000000000000000000e+00 0.000000000000000000e+00 0.000000000000000000e+00 0.000000000000000000e+00 0.000000000000000000e+00 9.230769230769231282e-01 0.000000000000000000e+00 0.000000000000000000e+00 1.000000000000000000e+00 0.000000000000000000e+00 0.000000000000000000e+00 4.807692307692307820e-01 0.000000000000000000e+00 0.000000000000000000e+00
0.000000000000000000e+00 0.000000000000000000e+00 4.700854700854700807e-01 0.000000000000000000e+00 2.136752136752136794e-02 0.000000000000000000e+00 0.000000000000000000e+00 4.700854700854700807e-02 1.000000000000000000e+00 0.000000000000000000e+00 0.000000000000000000e+00 1.709401709401709574e-02 0.000000000000000000e+00 4.273504273504273934e-03 2.777777777777777901e-01 0.000000000000000000e+00 6.324786324786324521e-01 8.931623931623932089e-01 8.205128205128204844e-01 1.282051282051282007e-02 7.264957264957265515e-02 0.000000000000000000e+00
