0.000000000000000000e+00 0.000000000000000000e+00 0.000000000000000000e+00 3.269754768392370281e-02 0.000000000000000000e+00 0.000000000000000000e+00 6.757493188010899043e-01 0.000000000000000000e+00 0.000000000000000000e+00 2.002724795640326849e-01 1.000000000000000000e+00 0.000000000000000000e+00 0.000000000000000000e+00
0.000000000000000000e+00 0.000000000000000000e+00 0.000000000000000000e+00 0.000000000000000000e+00 0.000000000000000000e+00 0.000000000000000000e+00 0.000000000000000000e+00 0.000000000000000000e+00 1.000000000000000000e+00 0.000000000000000000e+00 0.000000000000000000e+00 0.000000000000000000e+00 0.000000000000000000e+00
0.000000000000000000e+00 0.000000000000000000e+00 0.000000000000000000e+00 0.000000000000000000e+00 1.890547263681592038e-01 0.000000000000000000e+00 4.975124378109452641e-03 6.782752902155887442e-01 0.000000000000000000e+00 3.316749585406301905e-03 9.950248756218905283e-03 1.000000000000000000e+00 7.628524046434494166e-02
1.006711409395973089e-01 2.953020134228187890e-02 0.000000000000000000e+00 7.100671140939597281e-01 0.000000000000000000e+00 0.000000000000000000e+00 1.000000000000000000e+00 0.000000000000000000e+00 0.000000000000000000e+00 5.771812080536913026e-02 1.127516778523489915e-01 0.000000000000000000e+00 0.000000000000000000e+00
1.442307692307692388e-02 1.201923076923076990e-03 2.283653846153846090e-01 1.201923076923076990e-03 0.000000000000000000e+00 0.000000000000000000e+00 2.764423076923076816e-02 1.000000000000000000e+00 0.000000000000000000e+00 0.000000000000000000e+00 0.000000000000000000e+00 3.605769230769230969e-03 7.331730769230769551e-02
0.000000000000000000e+00 0.000000000000000000e+00 0.000000000000000000e+00 0.000000000000000000e+00 0.000000000000000000e+00 0.000000000000000000e+00 0.000000000000000000e+00 0.000000000000000000e+00 0.000000000000000000e+00 0.000000000000000000e+00 0.000000000000000000e+00 0.000000000000000000e+00 0.000000000000000000e+00
8.753096614368290895e-01 2.039636663914120573e-01 0.000000000000000000e+00 6.135425268373245755e-01 0.000000000000000000e+00 0.000000000000000000e+00 0.000000000000000000e+00 0.000000000000000000e+00 0.000000000000000000e+00 4.037985136251032170e-01 1.000000000000000000e+00 0.000000000000000000e+00 0.000000000000000000e+00
2.036659877800407401e-02 0.000000000000000000e+00 9.002036659877800107e-01 9.164969450101832782e-03 3.706720977596741351e-01 0.000000000000000000e+00 1.598778004073319881e-01 0.000000000000000000e+00 0.000000000000000000e+00 3.054989816700610927e-03 1.120162932790223949e-02 1.000000000000000000e+00 5.845213849287168584e-01
4.166666666666666609e-03 0.000000000000000000e+00 1.583333333333333259e-01 0.000000000000000000e+00 0.000000000000000000e+00 0.000000000000000000e+00 0.000000000000000000e+00 1.000000000000000000e+00 0.000000000000000000e+00 0.000000000000000000e+00 0.000000000000000000e+00 4.166666666666666609e-03 1.000000000000000056e-01
2.062499999999999889e-01 3.035714285714285685e-02 0.000000000000000000e+00 8.571428571428571508e-02 0.000000000000000000e+00 0.000000000000000000e+00 1.000000000000000000e+00 0.000000000000000000e+00 0.000000000000000000e+00 0.000000000000000000e+00 8.928571428571428293e-04 0.000000000000000000e+00 0.000000000000000000e+00
5.364806866952789681e-04 0.000000000000000000e+00 0.000000000000000000e+00 5.096566523605150500e-02 0.000000000000000000e+00 0.000000000000000000e+00 6.314377682403433667e-01 0.000000000000000000e+00 0.000000000000000000e+00 4.248927038626609254e-01 1.000000000000000000e+00 0.000000000000000000e+00 0.000000000000000000e+00
0.000000000000000000e+00 0.000000000000000000e+00 6.734006734006734362e-04 0.000000000000000000e+00 4.127946127946127697e-01 0.000000000000000000e+00 8.754208754208753912e-03 6.329966329966330019e-01 0.000000000000000000e+00 4.040404040404040401e-03 1.144781144781144809e-02 1.000000000000000000e+00 5.454545454545454281e-02
1.715265866209262410e-03 0.000000000000000000e+00 1.200686106346483678e-01 1.715265866209262410e-03 5.488850771869639711e-02 0.000000000000000000e+00 2.744425385934819855e-02 1.000000000000000000e+00 0.000000000000000000e+00 0.000000000000000000e+00 1.715265866209262410e-03 1.406518010291595289e-01 5.934819897084048224e-01
