6.985645933014353881e-01 0.000000000000000000e+00 0.000000000000000000e+00 0.000000000000000000e+00 2.057416267942583643e-01 0.000000000000000000e+00 7.177033492822966661e-03 1.000000000000000000e+00 0.000000000000000000e+00 1.196172248803827705e-03 2.392344497607655409e-03 0.000000000000000000e+00 6.100478468899521445e-02
0.000000000000000000e+00 9.367333763718528328e-01 2.646868947708198860e-02 0.000000000000000000e+00 0.000000000000000000e+00 0.000000000000000000e+00 1.000000000000000000e+00 0.000000000000000000e+00 0.000000000000000000e+00 1.291155584247901875e-02 3.034215622982569527e-02 1.162040025823111652e-02 0.000000000000000000e+00
0.000000000000000000e+00 0.000000000000000000e+00 0.000000000000000000e+00 0.000000000000000000e+00 0.000000000000000000e+00 0.000000000000000000e+00 0.000000000000000000e+00 0.000000000000000000e+00 1.000000000000000000e+00 0.000000000000000000e+00 0.000000000000000000e+00 0.000000000000000000e+00 0.000000000000000000e+00
5.386996904024767829e-01 0.000000000000000000e+00 0.000000000000000000e+00 0.000000000000000000e+00 2.786377708978328080e-02 0.000000000000000000e+00 1.238390092879257040e-02 1.000000000000000000e+00 0.000000000000000000e+00 0.000000000000000000e+00 3.095975232198142600e-03 0.000000000000000000e+00 9.287925696594427627e-02
0.000000000000000000e+00 0.000000000000000000e+00 0.000000000000000000e+00 2.752293577981651529e-02 0.000000000000000000e+00 0.000000000000000000e+00 2.064220183486238647e-02 1.000000000000000000e+00 0.000000000000000000e+00 0.000000000000000000e+00 0.000000000000000000e+00 0.000000000000000000e+00 8.944954128440367469e-02
0.000000000000000000e+00 0.000000000000000000e+00 0.000000000000000000e+00 0.000000000000000000e+00 0.000000000000000000e+00 0.000000000000000000e+00 0.000000000000000000e+00 0.000000000000000000e+00 0.000000000000000000e+00 0.000000000000000000e+00 0.000000000000000000e+00 0.000000000000000000e+00 0.000000000000000000e+00
0.000000000000000000e+00 1.000000000000000000e+00 1.617647058823529493e-01 0.000000000000000000e+00 0.000000000000000000e+00 0.000000000000000000e+00 0.000000000000000000e+00 0.000000000000000000e+00 0.000000000000000000e+00 1.445012787723785053e-01 3.196930946291560161e-01 1.719948849104859234e-01 0.000000000000000000e+00
3.503372681281619050e-01 5.059021922428330251e-03 0.000000000000000000e+00 1.989881956155143405e-01 1.214165261382799260e-01 0.000000000000000000e+00 9.569983136593591955e-02 0.000000000000000000e+00 0.000000000000000000e+00 1.686340640809443417e-03 1.264755480607082563e-03 5.480607082630691539e-03 1.000000000000000000e+00
0.000000000000000000e+00 0.000000000000000000e+00 0.000000000000000000e+00 3.461538461538461731e-02 0.000000000000000000e+00 0.000000000000000000e+00 0.000000000000000000e+00 1.000000000000000000e+00 0.000000000000000000e+00 0.000000000000000000e+00 0.000000000000000000e+00 0.000000000000000000e+00 1.346153846153846090e-01
0.000000000000000000e+00 8.917197452229298771e-02 3.184713375796178331e-02 0.000000000000000000e+00 0.000000000000000000e+00 0.000000000000000000e+00 1.000000000000000000e+00 0.000000000000000000e+00 0.000000000000000000e+00 0.000000000000000000e+00 0.000000000000000000e+00 5.414012738853503370e-02 0.000000000000000000e+00
0.000000000000000000e+00 9.940357852882704404e-02 0.000000000000000000e+00 0.000000000000000000e+00 0.000000000000000000e+00 0.000000000000000000e+00 1.000000000000000000e+00 0.000000000000000000e+00 0.000000000000000000e+00 2.147117296222663951e-01 5.805168986083498739e-01 0.000000000000000000e+00 0.000000000000000000e+00
0.000000000000000000e+00 5.851063829787234161e-02 0.000000000000000000e+00 0.000000000000000000e+00 0.000000000000000000e+00 0.000000000000000000e+00 1.000000000000000000e+00 0.000000000000000000e+00 0.000000000000000000e+00 5.319148936170212810e-02 5.744680851063830307e-01 0.000000000000000000e+00 0.000000000000000000e+00
2.661596958174904798e-02 4.224757076468102675e-03 0.000000000000000000e+00 2.027883396704689353e-02 1.140684410646387870e-02 0.000000000000000000e+00 5.069708491761723383e-03 1.000000000000000000e+00 0.000000000000000000e+00 0.000000000000000000e+00 0.000000000000000000e+00 0.000000000000000000e+00 9.277566539923954858e-01
