0.000000000000000000e+00 0.000000000000000000e+00 9.459459459459459985e-02 0.000000000000000000e+00 0.000000000000000000e+00 8.108108108108108558e-02 0.000000000000000000e+00 1.000000000000000000e+00 9.864864864864865135e-01 0.000000000000000000e+00 0.000000000000000000e+00
1.000000000000000000e+00 0.000000000000000000e+00 0.000000000000000000e+00 0.000000000000000000e+00 0.000000000000000000e+00 0.000000000000000000e+00 3.812499999999999778e-01 0.000000000000000000e+00 0.000000000000000000e+00 8.937500000000000444e-01 4.374999999999999722e-02
0.000000000000000000e+00 1.063829787234042571e-03 6.510638297872340940e-01 1.382978723404255234e-02 0.000000000000000000e+00 0.000000000000000000e+00 1.276595744680850998e-02 1.000000000000000000e+00 0.000000000000000000e+00 0.000000000000000000e+00 0.000000000000000000e+00
0.000000000000000000e+00 0.000000000000000000e+00 5.154639175257731687e-02 0.000000000000000000e+00 0.000000000000000000e+00 0.000000000000000000e+00 1.000000000000000000e+00 5.463917525773195338e-01 0.000000000000000000e+00 0.000000000000000000e+00 1.649484536082474195e-01
0.000000000000000000e+00 0.000000000000000000e+00 0.000000000000000000e+00 0.000000000000000000e+00 0.000000000000000000e+00 0.000000000000000000e+00 0.000000000000000000e+00 0.000000000000000000e+00 0.000000000000000000e+00 0.000000000000000000e+00 0.000000000000000000e+00
0.000000000000000000e+00 0.000000000000000000e+00 1.538461538461538547e-01 0.000000000000000000e+00 0.000000000000000000e+00 8.461538461538461453e-01 0.000000000000000000e+00 3.076923076923077094e-01 1.000000000000000000e+00 0.000000000000000000e+00 0.000000000000000000e+00
0.000000000000000000e+00 5.166402535657685924e-01 0.000000000000000000e+00 0.000000000000000000e+00 0.000000000000000000e+00 0.000000000000000000e+00 0.000000000000000000e+00 0.000000000000000000e+00 0.000000000000000000e+00 0.000000000000000000e+00 1.000000000000000000e+00
0.000000000000000000e+00 8.574490889603429700e-03 1.000000000000000000e+00 1.693461950696677487e-01 0.000000000000000000e+00 0.000000000000000000e+00 1.704180064308681575e-01 0.000000000000000000e+00 0.000000000000000000e+00 0.000000000000000000e+00 1.178992497320471670e-02
0.000000000000000000e+00 0.000000000000000000e+00 2.816901408450704289e-02 0.000000000000000000e+00 0.000000000000000000e+00 1.830985915492957805e-01 0.000000000000000000e+00 1.000000000000000000e+00 0.000000000000000000e+00 0.000000000000000000e+00 0.000000000000000000e+00
0.000000000000000000e+00 0.000000000000000000e+00 1.338582677165354451e-01 0.000000000000000000e+00 0.000000000000000000e+00 0.000000000000000000e+00 0.000000000000000000e+00 1.000000000000000000e+00 0.000000000000000000e+00 0.000000000000000000e+00 0.000000000000000000e+00
0.000000000000000000e+00 5.891719745222930016e-02 0.000000000000000000e+00 0.000000000000000000e+00 0.000000000000000000e+00 0.000000000000000000e+00 1.000000000000000000e+00 0.000000000000000000e+00 0.000000000000000000e+00 0.000000000000000000e+00 6.321656050955414274e-01
