2.506265664160400863e-03 0.000000000000000000e+00 0.000000000000000000e+00 0.000000000000000000e+00 0.000000000000000000e+00 5.263157894736841813e-02 0.000000000000000000e+00 2.506265664160400863e-03 1.000000000000000000e+00 0.000000000000000000e+00 2.005012531328320691e-02 0.000000000000000000e+00 0.000000000000000000e+00
1.000000000000000000e+00 2.427184466019417265e-03 9.708737864077669061e-03 0.000000000000000000e+00 0.000000000000000000e+00 0.000000000000000000e+00 1.213592233009708754e-01 0.000000000000000000e+00 0.000000000000000000e+00 0.000000000000000000e+00 0.000000000000000000e+00 0.000000000000000000e+00 0.000000000000000000e+00
0.000000000000000000e+00 6.188925081433224729e-02 6.579804560260585911e-01 0.000000000000000000e+00 0.000000000000000000e+00 0.000000000000000000e+00 1.000000000000000000e+00 0.000000000000000000e+00 0.000000000000000000e+00 1.628664495114006587e-03 0.000000000000000000e+00 0.000000000000000000e+00 0.000000000000000000e+00
0.000000000000000000e+00 0.000000000000000000e+00 7.913669064748200810e-02 0.000000000000000000e+00 0.000000000000000000e+00 0.000000000000000000e+00 1.000000000000000000e+00 9.712230215827337698e-01 0.000000000000000000e+00 1.438848920863309427e-02 0.000000000000000000e+00 7.194244604316547137e-03 1.223021582733812979e-01
0.000000000000000000e+00 0.000000000000000000e+00 0.000000000000000000e+00 0.000000000000000000e+00 0.000000000000000000e+00 0.000000000000000000e+00 0.000000000000000000e+00 0.000000000000000000e+00 0.000000000000000000e+00 0.000000000000000000e+00 0.000000000000000000e+00 0.000000000000000000e+00 0.000000000000000000e+00
1.992031872509960125e-03 0.000000000000000000e+00 0.000000000000000000e+00 0.000000000000000000e+00 0.000000000000000000e+00 6.513944223107569487e-01 0.000000000000000000e+00 4.581673306772908461e-02 1.000000000000000000e+00 0.000000000000000000e+00 0.000000000000000000e+00 1.992031872509960125e-03 1.992031872509960125e-02
0.000000000000000000e+00 6.763754045307442953e-01 1.000000000000000000e+00 0.000000000000000000e+00 0.000000000000000000e+00 0.000000000000000000e+00 0.000000000000000000e+00 0.000000000000000000e+00 0.000000000000000000e+00 1.456310679611650533e-02 0.000000000000000000e+00 0.000000000000000000e+00 0.000000000000000000e+00
0.000000000000000000e+00 4.145077720207253694e-03 1.450777202072538880e-02 2.756476683937824079e-01 0.000000000000000000e+00 0.000000000000000000e+00 2.383419689119170848e-01 0.000000000000000000e+00 0.000000000000000000e+00 0.000000000000000000e+00 0.000000000000000000e+00 1.865284974093264075e-02 1.000000000000000000e+00
2.718446601941747545e-02 0.000000000000000000e+00 0.000000000000000000e+00 1.941747572815533899e-03 0.000000000000000000e+00 1.000000000000000000e+00 0.000000000000000000e+00 6.679611650485436369e-01 0.000000000000000000e+00 0.000000000000000000e+00 1.747572815533980639e-02 0.000000000000000000e+00 6.019417475728155303e-02
0.000000000000000000e+00 1.000000000000000000e+00 0.000000000000000000e+00 0.000000000000000000e+00 0.000000000000000000e+00 0.000000000000000000e+00 7.142857142857143016e-01 0.000000000000000000e+00 0.000000000000000000e+00 0.000000000000000000e+00 0.000000000000000000e+00 0.000000000000000000e+00 0.000000000000000000e+00
7.692307692307692735e-02 0.000000000000000000e+00 0.000000000000000000e+00 0.000000000000000000e+00 0.000000000000000000e+00 7.692307692307692735e-02 0.000000000000000000e+00 1.538461538461538547e-01 1.000000000000000000e+00 0.000000000000000000e+00 0.000000000000000000e+00 0.000000000000000000e+00 0.000000000000000000e+00
0.000000000000000000e+00 0.000000000000000000e+00 0.000000000000000000e+00 1.000000000000000000e+00 0.000000000000000000e+00 0.000000000000000000e+00 9.090909090909091161e-02 5.454545454545454142e-01 0.000000000000000000e+00 0.000000000000000000e+00 0.000000000000000000e+00 0.000000000000000000e+00 2.727272727272727071e-01
0.000000000000000000e+00 0.000000000000000000e+00 6.085192697768762593e-03 2.738336713995943167e-02 0.000000000000000000e+00 0.000000000000000000e+00 6.085192697768762593e-03 1.000000000000000000e+00 0.000000000000000000e+00 0.000000000000000000e+00 0.000000000000000000e+00 1.014198782961460432e-03 6.673427991886409227e-01
