1.000000000000000000e+00 0.000000000000000000e+00 0.000000000000000000e+00 0.000000000000000000e+00 0.000000000000000000e+00 0.000000000000000000e+00 0.000000000000000000e+00 0.000000000000000000e+00 4.191616766467065602e-01 0.000000000000000000e+00 0.000000000000000000e+00 1.497005988023952100e-02 8.832335329341317598e-01 8.982035928143712253e-03 0.000000000000000000e+00 5.988023952095808747e-03 0.000000000000000000e+00 8.383233532934131205e-02
0.000000000000000000e+00 0.000000000000000000e+00 0.000000000000000000e+00 0.000000000000000000e+00 0.000000000000000000e+00 0.000000000000000000e+00 0.000000000000000000e+00 0.000000000000000000e+00 0.000000000000000000e+00 8.510638297872340219e-02 0.000000000000000000e+00 0.000000000000000000e+00 2.127659574468085124e-01 0.000000000000000000e+00 1.000000000000000000e+00 0.000000000000000000e+00 0.000000000000000000e+00 0.000000000000000000e+00
0.000000000000000000e+00 0.000000000000000000e+00 0.000000000000000000e+00 0.000000000000000000e+00 0.000000000000000000e+00 0.000000000000000000e+00 0.000000000000000000e+00 0.000000000000000000e+00 0.000000000000000000e+00 0.000000000000000000e+00 0.000000000000000000e+00 0.000000000000000000e+00 0.000000000000000000e+00 0.000000000000000000e+00 0.000000000000000000e+00 0.000000000000000000e+00 0.000000000000000000e+00 0.000000000000000000e+00
0.000000000000000000e+00 0.000000000000000000e+00 0.000000000000000000e+00 0.000000000000000000e+00 0.000000000000000000e+00 0.000000000000000000e+00 0.000000000000000000e+00 0.000000000000000000e+00 0.000000000000000000e+00 4.270462633451957424e-02 2.491103202846975048e-02 3.558718861209964231e-03 3.558718861209964231e-03 0.000000000000000000e+00 1.000000000000000000e+00 0.000000000000000000e+00 0.000000000000000000e+00 7.117437722419928461e-03
6.172839506172839164e-02 3.086419753086419582e-01 0.000000000000000000e+00 0.000000000000000000e+00 1.000000000000000000e+00 0.000000000000000000e+00 0.000000000000000000e+00 0.000000000000000000e+00 1.234567901234567833e-02 3.703703703703703498e-02 0.000000000000000000e+00 0.000000000000000000e+00 2.469135802469135665e-02 0.000000000000000000e+00 9.876543209876542662e-01 0.000000000000000000e+00 0.000000000000000000e+00 0.000000000000000000e+00
0.000000000000000000e+00 0.000000000000000000e+00 0.000000000000000000e+00 1.000000000000000000e+00 0.000000000000000000e+00 0.000000000000000000e+00 0.000000000000000000e+00 0.000000000000000000e+00 0.000000000000000000e+00 0.000000000000000000e+00 0.000000000000000000e+00 0.000000000000000000e+00 0.000000000000000000e+00 0.000000000000000000e+00 0.000000000000000000e+00 0.000000000000000000e+00 0.000000000000000000e+00 0.000000000000000000e+00
7.777777777777777901e-01 0.000000000000000000e+00 0.000000000000000000e+00 0.000000000000000000e+00 0.000000000000000000e+00 0.000000000000000000e+00 0.000000000000000000e+00 0.000000000000000000e+00 1.286549707602339110e-01 0.000000000000000000e+00 0.000000000000000000e+00 1.754385964912280604e-02 1.000000000000000000e+00 0.000000000000000000e+00 0.000000000000000000e+00 0.000000000000000000e+00 0.000000000000000000e+00 9.356725146198829890e-02
0.000000000000000000e+00 0.000000000000000000e+00 0.000000000000000000e+00 0.000000000000000000e+00 0.000000000000000000e+00 5.739514348785872133e-02 0.000000000000000000e+00 6.379690949227373453e-01 0.000000000000000000e+00 0.000000000000000000e+00 0.000000000000000000e+00 1.000000000000000000e+00 0.000000000000000000e+00 1.766004415011037526e-02 0.000000000000000000e+00 3.311258278145695622e-02 2.207505518763797081e-02 0.000000000000000000e+00
0.000000000000000000e+00 0.000000000000000000e+00 0.000000000000000000e+00 0.000000000000000000e+00 0.000000000000000000e+00 0.000000000000000000e+00 3.921568627450980338e-02 0.000000000000000000e+00 0.000000000000000000e+00 0.000000000000000000e+00 0.000000000000000000e+00 3.594771241830065078e-02 1.000000000000000000e+00 0.000000000000000000e+00 0.000000000000000000e+00 0.000000000000000000e+00 0.000000000000000000e+00 7.516339869281045416e-02
0.000000000000000000e+00 4.065040650406504495e-03 0.000000000000000000e+00 0.000000000000000000e+00 2.439024390243902524e-02 0.000000000000000000e+00 4.065040650406504495e-03 0.000000000000000000e+00 0.000000000000000000e+00 6.300813008130081716e-01 4.065040650406503975e-02 0.000000000000000000e+00 6.910569105691057035e-02 0.000000000000000000e+00 1.000000000000000000e+00 0.000000000000000000e+00 0.000000000000000000e+00 1.219512195121951262e-02
6.976744186046511531e-02 1.627906976744186163e-01 0.000000000000000000e+00 0.000000000000000000e+00 1.000000000000000000e+00 0.000000000000000000e+00 0.000000000000000000e+00 0.000000000000000000e+00 0.000000000000000000e+00 6.976744186046511531e-02 0.000000000000000000e+00 0.000000000000000000e+00 9.302325581395348708e-02 0.000000000000000000e+00 9.302325581395348708e-01 0.000000000000000000e+00 0.000000000000000000e+00 0.000000000000000000e+00
0.000000000000000000e+00 0.000000000000000000e+00 0.000000000000000000e+00 0.000000000000000000e+00 0.000000000000000000e+00 5.827956989247311537e-01 0.000000000000000000e+00 1.000000000000000000e+00 0.000000000000000000e+00 0.000000000000000000e+00 0.000000000000000000e+00 0.000000000000000000e+00 0.000000000000000000e+00 2.236559139784946304e-01 0.000000000000000000e+00 2.580645161290322509e-01 2.989247311827957221e-01 0.000000000000000000e+00
3.722358722358722338e-01 0.000000000000000000e+00 0.000000000000000000e+00 0.000000000000000000e+00 0.000000000000000000e+00 1.228501228501228471e-03 3.599508599508599582e-01 1.719901719901719903e-02 2.100737100737100627e-01 0.000000000000000000e+00 0.000000000000000000e+00 2.837837837837837718e-01 0.000000000000000000e+00 1.228501228501228471e-03 0.000000000000000000e+00 7.371007371007371259e-03 3.685503685503685629e-03 1.000000000000000000e+00
0.000000000000000000e+00 0.000000000000000000e+00 0.000000000000000000e+00 0.000000000000000000e+00 0.000000000000000000e+00 2.840909090909090814e-02 0.000000000000000000e+00 5.681818181818181629e-02 0.000000000000000000e+00 0.000000000000000000e+00 0.000000000000000000e+00 1.000000000000000000e+00 0.000000000000000000e+00 0.000000000000000000e+00 0.000000000000000000e+00 0.000000000000000000e+00 5.681818181818181976e-03 0.000000000000000000e+00
1.908396946564885552e-02 1.068702290076335853e-01 0.000000000000000000e+00 0.000000000000000000e+00 2.557251908396946383e-01 0.000000000000000000e+00 5.343511450381679267e-02 0.000000000000000000e+00 1.526717557251908337e-02 1.000000000000000000e+00 3.167938931297709648e-01 0.000000000000000000e+00 8.244274809160305750e-01 0.000000000000000000e+00 0.000000000000000000e+00 0.000000000000000000e+00 0.000000000000000000e+00 5.725190839694656308e-02
0.000000000000000000e+00 0.000000000000000000e+00 0.000000000000000000e+00 0.000000000000000000e+00 0.000000000000000000e+00 0.000000000000000000e+00 0.000000000000000000e+00 9.375000000000000000e-02 0.000000000000000000e+00 0.000000000000000000e+00 0.000000000000000000e+00 1.000000000000000000e+00 0.000000000000000000e+00 5.625000000000000000e-01 0.000000000000000000e+00 9.687500000000000000e-01 0.000000000000000000e+00 0.000000000000000000e+00
0.000000000000000000e+00 0.000000000000000000e+00 0.000000000000000000e+00 0.000000000000000000e+00 0.000000000000000000e+00 0.000000000000000000e+00 0.000000000000000000e+00 8.108108108108108558e-02 0.000000000000000000e+00 0.000000000000000000e+00 0.000000000000000000e+00 1.000000000000000000e+00 0.000000000000000000e+00 5.405405405405405705e-02 0.000000000000000000e+00 9.324324324324324564e-01 0.000000000000000000e+00 0.000000000000000000e+00
2.944785276073619631e-02 0.000000000000000000e+00 0.000000000000000000e+00 0.000000000000000000e+00 0.000000000000000000e+00 1.226993865030674919e-03 3.067484662576687102e-02 6.134969325153374377e-03 1.717791411042944930e-02 0.000000000000000000e+00 0.000000000000000000e+00 2.085889570552147340e-02 1.000000000000000000e+00 0.000000000000000000e+00 0.000000000000000000e+00 0.000000000000000000e+00 0.000000000000000000e+00 6.392638036809815683e-01
