0.000000000000000000e+00 0.000000000000000000e+00 0.000000000000000000e+00 0.000000000000000000e+00 0.000000000000000000e+00 1.363636363636363535e-01 0.000000000000000000e+00 1.000000000000000000e+00 9.545454545454545858e-01 0.000000000000000000e+00 6.818181818181817677e-02
0.000000000000000000e+00 6.555965559655596575e-01 4.428044280442804126e-02 0.000000000000000000e+00 0.000000000000000000e+00 0.000000000000000000e+00 1.000000000000000000e+00 0.000000000000000000e+00 0.000000000000000000e+00 0.000000000000000000e+00 0.000000000000000000e+00
1.000000000000000000e+00 3.157894736842105365e-02 0.000000000000000000e+00 0.000000000000000000e+00 0.000000000000000000e+00 0.000000000000000000e+00 2.368421052631578816e-01 0.000000000000000000e+00 0.000000000000000000e+00 5.947368421052631193e-01 0.000000000000000000e+00
0.000000000000000000e+00 4.587155963302752548e-02 9.174311926605505096e-03 0.000000000000000000e+00 0.000000000000000000e+00 0.000000000000000000e+00 1.000000000000000000e+00 5.045871559633027248e-01 0.000000000000000000e+00 0.000000000000000000e+00 6.422018348623853568e-02
0.000000000000000000e+00 0.000000000000000000e+00 0.000000000000000000e+00 0.000000000000000000e+00 0.000000000000000000e+00 0.000000000000000000e+00 0.000000000000000000e+00 0.000000000000000000e+00 0.000000000000000000e+00 0.000000000000000000e+00 0.000000000000000000e+00
0.000000000000000000e+00 0.000000000000000000e+00 0.000000000000000000e+00 0.000000000000000000e+00 0.000000000000000000e+00 6.666666666666666297e-01 0.000000000000000000e+00 5.555555555555555802e-01 1.000000000000000000e+00 0.000000000000000000e+00 5.555555555555555247e-02
0.000000000000000000e+00 1.000000000000000000e+00 3.810679611650485410e-01 0.000000000000000000e+00 0.000000000000000000e+00 0.000000000000000000e+00 0.000000000000000000e+00 0.000000000000000000e+00 0.000000000000000000e+00 0.000000000000000000e+00 0.000000000000000000e+00
0.000000000000000000e+00 9.259259259259258745e-03 3.703703703703703845e-03 1.444444444444444309e-01 0.000000000000000000e+00 0.000000000000000000e+00 1.472222222222222265e-01 0.000000000000000000e+00 0.000000000000000000e+00 0.000000000000000000e+00 1.000000000000000000e+00
0.000000000000000000e+00 0.000000000000000000e+00 0.000000000000000000e+00 0.000000000000000000e+00 0.000000000000000000e+00 2.098765432098765316e-01 0.000000000000000000e+00 1.000000000000000000e+00 0.000000000000000000e+00 0.000000000000000000e+00 4.938271604938271331e-02
0.000000000000000000e+00 0.000000000000000000e+00 0.000000000000000000e+00 0.000000000000000000e+00 0.000000000000000000e+00 0.000000000000000000e+00 0.000000000000000000e+00 1.000000000000000000e+00 0.000000000000000000e+00 0.000000000000000000e+00 1.400000000000000133e-01
0.000000000000000000e+00 3.720930232558139743e-03 0.000000000000000000e+00 1.953488372093023159e-02 0.000000000000000000e+00 0.000000000000000000e+00 1.116279069767441880e-02 1.000000000000000000e+00 0.000000000000000000e+00 0.000000000000000000e+00 6.493023255813953343e-01
