1.000000000000000000e+00 0.000000000000000000e+00 0.000000000000000000e+00 1.057082452431289685e-03 0.000000000000000000e+00 3.652219873150105434e-01 0.000000000000000000e+00 3.699788583509513572e-03 9.587737843551796812e-01 0.000000000000000000e+00 1.585623678646934419e-03 2.114164904862579370e-03 0.000000000000000000e+00 7.822410147991543106e-02
0.000000000000000000e+00 8.478260869565217295e-01 3.716690042075736222e-02 0.000000000000000000e+00 0.000000000000000000e+00 0.000000000000000000e+00 0.000000000000000000e+00 1.000000000000000000e+00 0.000000000000000000e+00 0.000000000000000000e+00 4.628330995792426239e-02 7.643758765778400910e-02 6.521739130434782428e-02 0.000000000000000000e+00
0.000000000000000000e+00 1.123595505617977497e-02 0.000000000000000000e+00 0.000000000000000000e+00 0.000000000000000000e+00 0.000000000000000000e+00 0.000000000000000000e+00 1.516853932584269760e-01 0.000000000000000000e+00 1.000000000000000000e+00 0.000000000000000000e+00 0.000000000000000000e+00 2.528089887640449368e-02 0.000000000000000000e+00
9.664804469273743370e-01 0.000000000000000000e+00 0.000000000000000000e+00 0.000000000000000000e+00 0.000000000000000000e+00 1.620111731843575376e-01 0.000000000000000000e+00 2.793296089385474950e-03 1.000000000000000000e+00 0.000000000000000000e+00 0.000000000000000000e+00 4.189944134078212208e-03 0.000000000000000000e+00 9.078212290502793436e-02
0.000000000000000000e+00 2.178217821782178210e-01 0.000000000000000000e+00 6.930693069306931298e-02 0.000000000000000000e+00 0.000000000000000000e+00 0.000000000000000000e+00 1.000000000000000000e+00 6.237623762376237613e-01 0.000000000000000000e+00 0.000000000000000000e+00 0.000000000000000000e+00 1.287128712871287162e-01 5.940594059405940319e-02
7.987220447284344715e-04 0.000000000000000000e+00 0.000000000000000000e+00 1.405750798722044670e-01 1.277955271565495154e-02 7.987220447284344715e-04 0.000000000000000000e+00 9.584664536741213658e-03 1.000000000000000000e+00 0.000000000000000000e+00 0.000000000000000000e+00 0.000000000000000000e+00 1.597444089456868943e-03 7.747603833865814027e-02
0.000000000000000000e+00 0.000000000000000000e+00 0.000000000000000000e+00 0.000000000000000000e+00 0.000000000000000000e+00 0.000000000000000000e+00 0.000000000000000000e+00 0.000000000000000000e+00 0.000000000000000000e+00 0.000000000000000000e+00 0.000000000000000000e+00 0.000000000000000000e+00 0.000000000000000000e+00 0.000000000000000000e+00
0.000000000000000000e+00 1.000000000000000000e+00 2.246026261230131271e-01 0.000000000000000000e+00 0.000000000000000000e+00 0.000000000000000000e+00 0.000000000000000000e+00 0.000000000000000000e+00 0.000000000000000000e+00 0.000000000000000000e+00 3.676572218382860857e-01 9.612992398064962307e-01 6.281962681409813953e-01 0.000000000000000000e+00
1.000000000000000000e+00 4.383561643835616126e-03 3.835616438356164327e-03 6.843835616438356251e-01 9.698630136986301220e-02 3.747945205479452091e-01 0.000000000000000000e+00 7.561643835616438380e-02 0.000000000000000000e+00 0.000000000000000000e+00 2.739726027397260295e-03 1.095890410958904031e-03 6.575342465753425056e-03 9.561643835616437936e-01
3.472222222222222029e-03 0.000000000000000000e+00 0.000000000000000000e+00 1.180555555555555525e-01 0.000000000000000000e+00 3.472222222222222029e-03 0.000000000000000000e+00 0.000000000000000000e+00 1.000000000000000000e+00 0.000000000000000000e+00 0.000000000000000000e+00 0.000000000000000000e+00 0.000000000000000000e+00 1.145833333333333287e-01
0.000000000000000000e+00 1.029106029106029163e-01 3.846153846153846367e-02 0.000000000000000000e+00 0.000000000000000000e+00 0.000000000000000000e+00 0.000000000000000000e+00 1.000000000000000000e+00 0.000000000000000000e+00 0.000000000000000000e+00 0.000000000000000000e+00 2.079002079002079117e-03 1.361746361746361822e-01 0.000000000000000000e+00
0.000000000000000000e+00 7.759784075573548934e-02 0.000000000000000000e+00 0.000000000000000000e+00 0.000000000000000000e+00 0.000000000000000000e+00 0.000000000000000000e+00 9.304993252361672962e-01 0.000000000000000000e+00 0.000000000000000000e+00 3.643724696356275272e-01 1.000000000000000000e+00 0.000000000000000000e+00 0.000000000000000000e+00
0.000000000000000000e+00 8.986615678776291305e-02 0.000000000000000000e+00 0.000000000000000000e+00 0.000000000000000000e+00 0.000000000000000000e+00 0.000000000000000000e+00 9.827915869980879959e-01 0.000000000000000000e+00 0.000000000000000000e+00 1.625239005736137665e-01 1.000000000000000000e+00 0.000000000000000000e+00 0.000000000000000000e+00
8.726003490401396112e-02 2.908667830133798704e-03 1.163467132053519438e-03 7.329842931937172179e-02 1.105293775450843542e-02 3.723094822571262202e-02 0.000000000000000000e+00 5.235602094240838014e-03 1.000000000000000000e+00 0.000000000000000000e+00 0.000000000000000000e+00 0.000000000000000000e+00 0.000000000000000000e+00 8.406050029086677977e-01
