0.000000000000000000e+00 0.000000000000000000e+00 3.763440860215053890e-02 0.000000000000000000e+00 0.000000000000000000e+00 8.602150537634409289e-02 0.000000000000000000e+00 5.107526881720430012e-01 1.000000000000000000e+00 0.000000000000000000e+00
1.000000000000000000e+00 0.000000000000000000e+00 0.000000000000000000e+00 0.000000000000000000e+00 0.000000000000000000e+00 0.000000000000000000e+00 1.188118811881188064e-01 0.000000000000000000e+00 0.000000000000000000e+00 3.300330033003300370e-03
0.000000000000000000e+00 1.600000000000000033e-02 0.000000000000000000e+00 1.600000000000000033e-01 0.000000000000000000e+00 0.000000000000000000e+00 9.600000000000000200e-02 1.000000000000000000e+00 0.000000000000000000e+00 0.000000000000000000e+00
0.000000000000000000e+00 7.352941176470588133e-03 4.411764705882353227e-02 0.000000000000000000e+00 0.000000000000000000e+00 0.000000000000000000e+00 1.000000000000000000e+00 2.720588235294117418e-01 0.000000000000000000e+00 7.352941176470588480e-02
0.000000000000000000e+00 0.000000000000000000e+00 0.000000000000000000e+00 0.000000000000000000e+00 0.000000000000000000e+00 0.000000000000000000e+00 0.000000000000000000e+00 0.000000000000000000e+00 0.000000000000000000e+00 0.000000000000000000e+00
0.000000000000000000e+00 0.000000000000000000e+00 0.000000000000000000e+00 6.666666666666666574e-02 0.000000000000000000e+00 0.000000000000000000e+00 0.000000000000000000e+00 1.000000000000000000e+00 5.999999999999999778e-01 0.000000000000000000e+00
0.000000000000000000e+00 1.000000000000000000e+00 0.000000000000000000e+00 0.000000000000000000e+00 0.000000000000000000e+00 0.000000000000000000e+00 0.000000000000000000e+00 0.000000000000000000e+00 0.000000000000000000e+00 2.959183673469387710e-01
0.000000000000000000e+00 7.692307692307692735e-02 7.455621301775148257e-01 1.000000000000000000e+00 0.000000000000000000e+00 0.000000000000000000e+00 6.923076923076922906e-01 0.000000000000000000e+00 0.000000000000000000e+00 7.692307692307692735e-02
0.000000000000000000e+00 0.000000000000000000e+00 1.204819277108433728e-01 0.000000000000000000e+00 0.000000000000000000e+00 5.421686746987951916e-02 0.000000000000000000e+00 1.000000000000000000e+00 0.000000000000000000e+00 0.000000000000000000e+00
0.000000000000000000e+00 3.875000000000000111e-01 0.000000000000000000e+00 0.000000000000000000e+00 0.000000000000000000e+00 0.000000000000000000e+00 1.000000000000000000e+00 0.000000000000000000e+00 0.000000000000000000e+00 0.000000000000000000e+00
