0.000000000000000000e+00 0.000000000000000000e+00 0.000000000000000000e+00 0.000000000000000000e+00 0.000000000000000000e+00 0.000000000000000000e+00 1.077199281867145461e-02 0.000000000000000000e+00 0.000000000000000000e+00 0.000000000000000000e+00 7.001795332136445671e-02 1.813285457809694912e-01 0.000000000000000000e+00 3.590664272890484870e-03 7.181328545780969741e-02 0.000000000000000000e+00 0.000000000000000000e+00 1.000000000000000000e+00 0.000000000000000000e+00 0.000000000000000000e+00 7.181328545780969741e-03
0.000000000000000000e+00 0.000000000000000000e+00 0.000000000000000000e+00 0.000000000000000000e+00 0.000000000000000000e+00 0.000000000000000000e+00 0.000000000000000000e+00 0.000000000000000000e+00 0.000000000000000000e+00 0.000000000000000000e+00 0.000000000000000000e+00 0.000000000000000000e+00 0.000000000000000000e+00 0.000000000000000000e+00 0.000000000000000000e+00 0.000000000000000000e+00 0.000000000000000000e+00 0.000000000000000000e+00 0.000000000000000000e+00 0.000000000000000000e+00 0.000000000000000000e+00
3.984063745019920250e-03 0.000000000000000000e+00 1.593625498007968100e-02 0.000000000000000000e+00 3.984063745019920250e-03 3.984063745019920250e-03 3.984063745019920250e-03 0.000000000000000000e+00 0.000000000000000000e+00 0.000000000000000000e+00 1.075697211155378502e-01 1.235059760956175312e-01 0.000000000000000000e+00 1.593625498007968100e-02 3.984063745019920250e-03 0.000000000000000000e+00 0.000000000000000000e+00 1.000000000000000000e+00 0.000000000000000000e+00 0.000000000000000000e+00 3.984063745019920250e-03
0.000000000000000000e+00 0.000000000000000000e+00 0.000000000000000000e+00 5.187500000000000444e-01 0.000000000000000000e+00 8.749999999999999445e-02 0.000000000000000000e+00 6.562500000000000278e-02 0.000000000000000000e+00 0.000000000000000000e+00 0.000000000000000000e+00 0.000000000000000000e+00 1.000000000000000000e+00 0.000000000000000000e+00 0.000000000000000000e+00 0.000000000000000000e+00 7.187499999999999445e-02 0.000000000000000000e+00 2.812500000000000069e-02 0.000000000000000000e+00 0.000000000000000000e+00
9.259259259259259300e-01 0.000000000000000000e+00 5.291005291005290712e-03 0.000000000000000000e+00 5.343915343915344174e-01 0.000000000000000000e+00 0.000000000000000000e+00 0.000000000000000000e+00 0.000000000000000000e+00 1.587301587301587213e-02 3.174603174603174427e-02 0.000000000000000000e+00 0.000000000000000000e+00 5.291005291005290712e-03 3.703703703703703498e-02 0.000000000000000000e+00 0.000000000000000000e+00 1.000000000000000000e+00 0.000000000000000000e+00 1.058201058201058142e-02 0.000000000000000000e+00
0.000000000000000000e+00 0.000000000000000000e+00 1.000000000000000000e+00 6.600660066006600740e-03 0.000000000000000000e+00 0.000000000000000000e+00 0.000000000000000000e+00 0.000000000000000000e+00 0.000000000000000000e+00 0.000000000000000000e+00 0.000000000000000000e+00 0.000000000000000000e+00 3.630363036303630581e-02 0.000000000000000000e+00 0.000000000000000000e+00 0.000000000000000000e+00 0.000000000000000000e+00 0.000000000000000000e+00 0.000000000000000000e+00 0.000000000000000000e+00 0.000000000000000000e+00
0.000000000000000000e+00 0.000000000000000000e+00 0.000000000000000000e+00 0.000000000000000000e+00 0.000000000000000000e+00 0.000000000000000000e+00 0.000000000000000000e+00 0.000000000000000000e+00 0.000000000000000000e+00 4.518760195758564358e-01 0.000000000000000000e+00 0.000000000000000000e+00 2.773246329526916909e-02 0.000000000000000000e+00 1.000000000000000000e+00 0.000000000000000000e+00 1.631321370309951136e-03 0.000000000000000000e+00 3.262642740619902271e-03 3.686786296900489424e-01 6.035889070146818747e-02
0.000000000000000000e+00 0.000000000000000000e+00 0.000000000000000000e+00 6.707317073170732113e-02 0.000000000000000000e+00 0.000000000000000000e+00 0.000000000000000000e+00 0.000000000000000000e+00 0.000000000000000000e+00 0.000000000000000000e+00 0.000000000000000000e+00 0.000000000000000000e+00 1.000000000000000000e+00 0.000000000000000000e+00 0.000000000000000000e+00 0.000000000000000000e+00 3.841463414634146423e-01 0.000000000000000000e+00 3.963414634146341653e-01 0.000000000000000000e+00 0.000000000000000000e+00
0.000000000000000000e+00 0.000000000000000000e+00 0.000000000000000000e+00 6.481481481481481122e-02 0.000000000000000000e+00 9.259259259259258745e-03 2.407407407407407274e-01 9.259259259259258745e-02 0.000000000000000000e+00 0.000000000000000000e+00 0.000000000000000000e+00 0.000000000000000000e+00 5.648148148148147696e-01 0.000000000000000000e+00 1.000000000000000000e+00 1.851851851851851749e-02 0.000000000000000000e+00 0.000000000000000000e+00 0.000000000000000000e+00 0.000000000000000000e+00 1.574074074074074125e-01
0.000000000000000000e+00 0.000000000000000000e+00 0.000000000000000000e+00 3.428571428571428395e-03 0.000000000000000000e+00 0.000000000000000000e+00 2.320000000000000118e-01 6.857142857142856790e-03 3.085714285714285729e-02 0.000000000000000000e+00 0.000000000000000000e+00 0.000000000000000000e+00 1.485714285714285696e-02 0.000000000000000000e+00 1.000000000000000000e+00 0.000000000000000000e+00 0.000000000000000000e+00 0.000000000000000000e+00 0.000000000000000000e+00 1.142857142857142943e-03 7.428571428571428825e-02
4.976303317535545057e-02 0.000000000000000000e+00 7.109004739336492566e-03 0.000000000000000000e+00 3.317535545023696936e-02 0.000000000000000000e+00 0.000000000000000000e+00 0.000000000000000000e+00 0.000000000000000000e+00 0.000000000000000000e+00 9.146919431279620927e-01 1.137440758293838811e-01 0.000000000000000000e+00 0.000000000000000000e+00 2.132701421800948030e-02 0.000000000000000000e+00 0.000000000000000000e+00 1.000000000000000000e+00 0.000000000000000000e+00 2.369668246445497811e-03 1.895734597156398249e-02
4.044117647058823595e-01 0.000000000000000000e+00 2.450980392156862711e-03 0.000000000000000000e+00 4.460784313725490446e-01 0.000000000000000000e+00 0.000000000000000000e+00 0.000000000000000000e+00 0.000000000000000000e+00 2.696078431372549156e-02 7.598039215686273884e-02 2.450980392156862711e-03 0.000000000000000000e+00 4.901960784313725422e-03 2.696078431372549156e-02 0.000000000000000000e+00 0.000000000000000000e+00 1.000000000000000000e+00 0.000000000000000000e+00 4.901960784313725422e-03 2.450980392156862711e-03
0.000000000000000000e+00 0.000000000000000000e+00 0.000000000000000000e+00 6.617021276595744794e-01 0.000000000000000000e+00 5.404255319148936199e-01 0.000000000000000000e+00 1.000000000000000000e+00 0.000000000000000000e+00 0.000000000000000000e+00 0.000000000000000000e+00 0.000000000000000000e+00 0.000000000000000000e+00 0.000000000000000000e+00 0.000000000000000000e+00 0.000000000000000000e+00 7.872340425531915153e-01 0.000000000000000000e+00 3.574468085106383142e-01 0.000000000000000000e+00 0.000000000000000000e+00
0.000000000000000000e+00 0.000000000000000000e+00 0.000000000000000000e+00 0.000000000000000000e+00 0.000000000000000000e+00 0.000000000000000000e+00 7.142857142857142461e-02 0.000000000000000000e+00 0.000000000000000000e+00 0.000000000000000000e+00 0.000000000000000000e+00 2.142857142857142738e-01 0.000000000000000000e+00 0.000000000000000000e+00 0.000000000000000000e+00 0.000000000000000000e+00 0.000000000000000000e+00 1.000000000000000000e+00 0.000000000000000000e+00 0.000000000000000000e+00 0.000000000000000000e+00
0.000000000000000000e+00 0.000000000000000000e+00 0.000000000000000000e+00 6.944444444444444059e-03 0.000000000000000000e+00 5.787037037037036716e-03 1.000000000000000000e+00 1.736111111111111188e-02 2.083333333333333426e-01 7.129629629629629095e-01 0.000000000000000000e+00 0.000000000000000000e+00 1.562500000000000000e-01 0.000000000000000000e+00 0.000000000000000000e+00 3.472222222222222029e-03 6.944444444444444059e-03 0.000000000000000000e+00 2.314814814814814686e-03 3.483796296296296502e-01 6.875000000000000000e-01
0.000000000000000000e+00 0.000000000000000000e+00 0.000000000000000000e+00 0.000000000000000000e+00 0.000000000000000000e+00 0.000000000000000000e+00 0.000000000000000000e+00 0.000000000000000000e+00 1.000000000000000000e+00 0.000000000000000000e+00 0.000000000000000000e+00 0.000000000000000000e+00 0.000000000000000000e+00 0.000000000000000000e+00 2.000000000000000111e-01 0.000000000000000000e+00 0.000000000000000000e+00 0.000000000000000000e+00 0.000000000000000000e+00 0.000000000000000000e+00 0.000000000000000000e+00
0.000000000000000000e+00 0.000000000000000000e+00 0.000000000000000000e+00 6.963249516441005760e-02 0.000000000000000000e+00 5.415860735009671301e-02 0.000000000000000000e+00 1.586073500967117855e-01 0.000000000000000000e+00 0.000000000000000000e+00 0.000000000000000000e+00 0.000000000000000000e+00 1.000000000000000000e+00 0.000000000000000000e+00 0.000000000000000000e+00 0.000000000000000000e+00 0.000000000000000000e+00 0.000000000000000000e+00 0.000000000000000000e+00 0.000000000000000000e+00 0.000000000000000000e+00
6.133122028526148961e-01 0.000000000000000000e+00 1.584786053882725892e-02 0.000000000000000000e+00 2.963549920760697454e-01 0.000000000000000000e+00 3.328050713153724027e-02 0.000000000000000000e+00 0.000000000000000000e+00 1.109350237717908125e-02 6.703645007923930699e-01 1.000000000000000000e+00 0.000000000000000000e+00 1.426307448494453303e-02 2.424722662440570442e-01 0.000000000000000000e+00 0.000000000000000000e+00 0.000000000000000000e+00 0.000000000000000000e+00 6.339144215530903570e-03 1.426307448494453303e-02
0.000000000000000000e+00 0.000000000000000000e+00 0.000000000000000000e+00 6.586826347305389795e-02 0.000000000000000000e+00 0.000000000000000000e+00 0.000000000000000000e+00 0.000000000000000000e+00 0.000000000000000000e+00 0.000000000000000000e+00 0.000000000000000000e+00 0.000000000000000000e+00 1.000000000000000000e+00 0.000000000000000000e+00 0.000000000000000000e+00 0.000000000000000000e+00 8.083832335329341756e-01 0.000000000000000000e+00 4.550898203592814162e-01 0.000000000000000000e+00 0.000000000000000000e+00
0.000000000000000000e+00 0.000000000000000000e+00 0.000000000000000000e+00 3.424657534246575152e-03 0.000000000000000000e+00 0.000000000000000000e+00 0.000000000000000000e+00 0.000000000000000000e+00 0.000000000000000000e+00 8.013698630136986134e-01 0.000000000000000000e+00 0.000000000000000000e+00 6.849315068493150305e-03 0.000000000000000000e+00 1.000000000000000000e+00 0.000000000000000000e+00 3.424657534246575152e-03 0.000000000000000000e+00 6.849315068493150305e-03 4.589041095890410982e-01 6.164383561643835274e-02
0.000000000000000000e+00 0.000000000000000000e+00 0.000000000000000000e+00 3.241491085899513621e-03 0.000000000000000000e+00 0.000000000000000000e+00 8.265802269043760753e-02 3.241491085899513621e-03 3.241491085899513708e-02 7.293354943273905322e-02 0.000000000000000000e+00 0.000000000000000000e+00 3.241491085899513621e-03 0.000000000000000000e+00 1.000000000000000000e+00 1.620745542949756810e-03 1.620745542949756810e-03 0.000000000000000000e+00 0.000000000000000000e+00 2.106969205834683875e-02 6.191247974068071480e-01
