0.000000000000000000e+00 0.000000000000000000e+00 9.756097560975610095e-02 0.000000000000000000e+00 1.341463414634146423e-01 0.000000000000000000e+00 7.926829268292683306e-01 1.000000000000000000e+00 0.000000000000000000e+00 0.000000000000000000e+00
1.000000000000000000e+00 0.000000000000000000e+00 0.000000000000000000e+00 0.000000000000000000e+00 0.000000000000000000e+00 0.000000000000000000e+00 0.000000000000000000e+00 0.000000000000000000e+00 8.253012048192771566e-01 0.000000000000000000e+00
0.000000000000000000e+00 0.000000000000000000e+00 6.178861788617886486e-01 0.000000000000000000e+00 0.000000000000000000e+00 1.422764227642276356e-02 1.000000000000000000e+00 0.000000000000000000e+00 0.000000000000000000e+00 3.048780487804878155e-03
0.000000000000000000e+00 0.000000000000000000e+00 0.000000000000000000e+00 0.000000000000000000e+00 0.000000000000000000e+00 0.000000000000000000e+00 0.000000000000000000e+00 0.000000000000000000e+00 0.000000000000000000e+00 0.000000000000000000e+00
0.000000000000000000e+00 0.000000000000000000e+00 1.428571428571428492e-01 0.000000000000000000e+00 5.714285714285713969e-01 0.000000000000000000e+00 2.857142857142856984e-01 1.000000000000000000e+00 0.000000000000000000e+00 0.000000000000000000e+00
0.000000000000000000e+00 4.169278996865203868e-01 0.000000000000000000e+00 0.000000000000000000e+00 0.000000000000000000e+00 0.000000000000000000e+00 0.000000000000000000e+00 0.000000000000000000e+00 0.000000000000000000e+00 1.000000000000000000e+00
0.000000000000000000e+00 1.026694045174538026e-03 1.000000000000000000e+00 0.000000000000000000e+00 0.000000000000000000e+00 2.802874743326488893e-01 0.000000000000000000e+00 0.000000000000000000e+00 0.000000000000000000e+00 1.334702258726899390e-02
0.000000000000000000e+00 0.000000000000000000e+00 2.352941176470588203e-02 0.000000000000000000e+00 1.058823529411764691e-01 0.000000000000000000e+00 1.000000000000000000e+00 0.000000000000000000e+00 0.000000000000000000e+00 0.000000000000000000e+00
0.000000000000000000e+00 0.000000000000000000e+00 1.219512195121951192e-01 0.000000000000000000e+00 0.000000000000000000e+00 0.000000000000000000e+00 1.000000000000000000e+00 0.000000000000000000e+00 0.000000000000000000e+00 0.000000000000000000e+00
0.000000000000000000e+00 5.996758508914100394e-02 0.000000000000000000e+00 0.000000000000000000e+00 0.000000000000000000e+00 1.000000000000000000e+00 0.000000000000000000e+00 0.000000000000000000e+00 0.000000000000000000e+00 5.867098865478119762e-01
