0.000000000000000000e+00 1.254752851711026518e-01 0.000000000000000000e+00 1.000000000000000000e+00 0.000000000000000000e+00 0.000000000000000000e+00 0.000000000000000000e+00 2.661596958174904798e-02 0.000000000000000000e+00 0.000000000000000000e+00 0.000000000000000000e+00 9.505703422053231322e-02 0.000000000000000000e+00 0.000000000000000000e+00 0.000000000000000000e+00 0.000000000000000000e+00 6.083650190114068407e-02 0.000000000000000000e+00 0.000000000000000000e+00 0.000000000000000000e+00 0.000000000000000000e+00 2.775665399239543585e-01
0.000000000000000000e+00 9.325842696629212947e-01 0.000000000000000000e+00 1.000000000000000000e+00 0.000000000000000000e+00 1.123595505617977497e-02 0.000000000000000000e+00 4.494382022471909988e-02 0.000000000000000000e+00 0.000000000000000000e+00 0.000000000000000000e+00 1.011235955056179747e-01 0.000000000000000000e+00 2.247191011235954994e-02 3.370786516853932491e-02 0.000000000000000000e+00 1.123595505617977497e-02 0.000000000000000000e+00 0.000000000000000000e+00 0.000000000000000000e+00 0.000000000000000000e+00 1.573033707865168496e-01
0.000000000000000000e+00 0.000000000000000000e+00 0.000000000000000000e+00 0.000000000000000000e+00 0.000000000000000000e+00 0.000000000000000000e+00 1.280409731113956416e-03 7.810499359795133878e-02 0.000000000000000000e+00 0.000000000000000000e+00 6.402048655569782080e-04 0.000000000000000000e+00 0.000000000000000000e+00 1.920614596670934624e-03 0.000000000000000000e+00 1.664532650448143428e-02 1.818181818181818232e-01 0.000000000000000000e+00 0.000000000000000000e+00 0.000000000000000000e+00 2.560819462227912832e-03 1.000000000000000000e+00
0.000000000000000000e+00 3.962264150943396457e-01 9.433962264150943036e-03 0.000000000000000000e+00 0.000000000000000000e+00 5.660377358490566169e-02 0.000000000000000000e+00 6.603773584905660299e-02 0.000000000000000000e+00 3.301886792452830149e-02 0.000000000000000000e+00 2.830188679245282946e-01 0.000000000000000000e+00 3.301886792452830149e-02 3.160377358490565891e-01 0.000000000000000000e+00 8.490566037735848559e-02 0.000000000000000000e+00 0.000000000000000000e+00 0.000000000000000000e+00 0.000000000000000000e+00 1.000000000000000000e+00
0.000000000000000000e+00 0.000000000000000000e+00 0.000000000000000000e+00 0.000000000000000000e+00 0.000000000000000000e+00 0.000000000000000000e+00 0.000000000000000000e+00 0.000000000000000000e+00 0.000000000000000000e+00 0.000000000000000000e+00 1.000000000000000000e+00 0.000000000000000000e+00 0.000000000000000000e+00 0.000000000000000000e+00 0.000000000000000000e+00 0.000000000000000000e+00 0.000000000000000000e+00 0.000000000000000000e+00 0.000000000000000000e+00 0.000000000000000000e+00 0.000000000000000000e+00 0.000000000000000000e+00
0.000000000000000000e+00 0.000000000000000000e+00 0.000000000000000000e+00 1.000000000000000000e+00 0.000000000000000000e+00 0.000000000000000000e+00 0.000000000000000000e+00 4.000000000000000083e-02 0.000000000000000000e+00 0.000000000000000000e+00 0.000000000000000000e+00 1.600000000000000033e-01 0.000000000000000000e+00 0.000000000000000000e+00 0.000000000000000000e+00 0.000000000000000000e+00 0.000000000000000000e+00 0.000000000000000000e+00 0.000000000000000000e+00 0.000000000000000000e+00 0.000000000000000000e+00 2.399999999999999911e-01
0.000000000000000000e+00 0.000000000000000000e+00 0.000000000000000000e+00 0.000000000000000000e+00 0.000000000000000000e+00 0.000000000000000000e+00 6.342925659472422595e-01 0.000000000000000000e+00 0.000000000000000000e+00 0.000000000000000000e+00 4.436450839328537343e-02 0.000000000000000000e+00 1.031175059952038342e-01 0.000000000000000000e+00 0.000000000000000000e+00 1.000000000000000000e+00 0.000000000000000000e+00 0.000000000000000000e+00 0.000000000000000000e+00 4.316546762589928282e-02 7.074340527577938076e-02 0.000000000000000000e+00
0.000000000000000000e+00 0.000000000000000000e+00 5.128205128205128027e-02 0.000000000000000000e+00 0.000000000000000000e+00 0.000000000000000000e+00 2.262443438914027351e-03 7.021116138763197068e-01 0.000000000000000000e+00 0.000000000000000000e+00 1.508295625942684829e-03 0.000000000000000000e+00 0.000000000000000000e+00 1.214177978883861225e-01 0.000000000000000000e+00 9.049773755656109406e-03 1.101055806938159853e-01 0.000000000000000000e+00 0.000000000000000000e+00 1.508295625942684829e-03 4.524886877828054703e-03 1.000000000000000000e+00
0.000000000000000000e+00 0.000000000000000000e+00 0.000000000000000000e+00 0.000000000000000000e+00 0.000000000000000000e+00 0.000000000000000000e+00 0.000000000000000000e+00 0.000000000000000000e+00 0.000000000000000000e+00 0.000000000000000000e+00 0.000000000000000000e+00 0.000000000000000000e+00 0.000000000000000000e+00 0.000000000000000000e+00 0.000000000000000000e+00 0.000000000000000000e+00 0.000000000000000000e+00 0.000000000000000000e+00 0.000000000000000000e+00 0.000000000000000000e+00 0.000000000000000000e+00 0.000000000000000000e+00
1.000000000000000000e+00 0.000000000000000000e+00 0.000000000000000000e+00 0.000000000000000000e+00 0.000000000000000000e+00 0.000000000000000000e+00 0.000000000000000000e+00 0.000000000000000000e+00 0.000000000000000000e+00 0.000000000000000000e+00 0.000000000000000000e+00 0.000000000000000000e+00 0.000000000000000000e+00 0.000000000000000000e+00 0.000000000000000000e+00 0.000000000000000000e+00 0.000000000000000000e+00 0.000000000000000000e+00 0.000000000000000000e+00 0.000000000000000000e+00 0.000000000000000000e+00 0.000000000000000000e+00
1.000000000000000000e+00 0.000000000000000000e+00 0.000000000000000000e+00 0.000000000000000000e+00 9.950248756218905283e-03 0.000000000000000000e+00 0.000000000000000000e+00 0.000000000000000000e+00 0.000000000000000000e+00 0.000000000000000000e+00 0.000000000000000000e+00 0.000000000000000000e+00 0.000000000000000000e+00 0.000000000000000000e+00 0.000000000000000000e+00 0.000000000000000000e+00 0.000000000000000000e+00 3.233830845771144130e-02 0.000000000000000000e+00 0.000000000000000000e+00 0.000000000000000000e+00 0.000000000000000000e+00
0.000000000000000000e+00 9.756097560975610095e-02 0.000000000000000000e+00 9.756097560975609539e-01 0.000000000000000000e+00 9.756097560975610095e-02 0.000000000000000000e+00 0.000000000000000000e+00 0.000000000000000000e+00 0.000000000000000000e+00 0.000000000000000000e+00 0.000000000000000000e+00 0.000000000000000000e+00 1.219512195121951192e-01 1.000000000000000000e+00 0.000000000000000000e+00 0.000000000000000000e+00 0.000000000000000000e+00 0.000000000000000000e+00 0.000000000000000000e+00 0.000000000000000000e+00 9.756097560975610095e-02
0.000000000000000000e+00 0.000000000000000000e+00 0.000000000000000000e+00 0.000000000000000000e+00 0.000000000000000000e+00 0.000000000000000000e+00 5.366416618580496095e-02 0.000000000000000000e+00 0.000000000000000000e+00 0.000000000000000000e+00 0.000000000000000000e+00 0.000000000000000000e+00 1.000000000000000000e+00 0.000000000000000000e+00 0.000000000000000000e+00 7.016733987305251441e-01 0.000000000000000000e+00 0.000000000000000000e+00 0.000000000000000000e+00 3.600692440854010301e-01 1.154068090017310944e-03 0.000000000000000000e+00
0.000000000000000000e+00 0.000000000000000000e+00 3.683844011142061170e-01 0.000000000000000000e+00 0.000000000000000000e+00 0.000000000000000000e+00 3.481894150417827309e-04 5.779944289693593473e-02 0.000000000000000000e+00 0.000000000000000000e+00 0.000000000000000000e+00 0.000000000000000000e+00 7.660167130919219754e-03 1.000000000000000000e+00 0.000000000000000000e+00 4.526462395543175664e-03 3.481894150417827309e-04 0.000000000000000000e+00 0.000000000000000000e+00 3.133704735376044524e-03 0.000000000000000000e+00 7.029944289693593751e-01
0.000000000000000000e+00 1.574803149606299191e-02 3.149606299212598381e-02 4.724409448818897572e-01 0.000000000000000000e+00 1.496062992125984370e-01 0.000000000000000000e+00 0.000000000000000000e+00 0.000000000000000000e+00 0.000000000000000000e+00 0.000000000000000000e+00 0.000000000000000000e+00 0.000000000000000000e+00 1.102362204724409434e-01 1.000000000000000000e+00 0.000000000000000000e+00 0.000000000000000000e+00 0.000000000000000000e+00 0.000000000000000000e+00 0.000000000000000000e+00 0.000000000000000000e+00 9.448818897637795144e-02
0.000000000000000000e+00 0.000000000000000000e+00 0.000000000000000000e+00 0.000000000000000000e+00 0.000000000000000000e+00 0.000000000000000000e+00 6.731549067315490964e-01 0.000000000000000000e+00 0.000000000000000000e+00 0.000000000000000000e+00 2.887266828872668278e-01 0.000000000000000000e+00 1.000000000000000000e+00 0.000000000000000000e+00 0.000000000000000000e+00 0.000000000000000000e+00 0.000000000000000000e+00 0.000000000000000000e+00 0.000000000000000000e+00 3.917274939172749604e-01 7.169505271695052473e-01 0.000000000000000000e+00
0.000000000000000000e+00 0.000000000000000000e+00 1.432506887052341638e-01 0.000000000000000000e+00 0.000000000000000000e+00 0.000000000000000000e+00 0.000000000000000000e+00 5.693296602387511174e-02 0.000000000000000000e+00 0.000000000000000000e+00 0.000000000000000000e+00 0.000000000000000000e+00 6.427915518824609334e-03 1.000000000000000000e+00 0.000000000000000000e+00 9.182736455463727868e-03 0.000000000000000000e+00 0.000000000000000000e+00 0.000000000000000000e+00 9.182736455463728084e-04 0.000000000000000000e+00 6.427915518824609542e-01
0.000000000000000000e+00 0.000000000000000000e+00 0.000000000000000000e+00 8.571428571428570953e-01 0.000000000000000000e+00 0.000000000000000000e+00 0.000000000000000000e+00 0.000000000000000000e+00 0.000000000000000000e+00 0.000000000000000000e+00 0.000000000000000000e+00 0.000000000000000000e+00 0.000000000000000000e+00 0.000000000000000000e+00 0.000000000000000000e+00 0.000000000000000000e+00 0.000000000000000000e+00 0.000000000000000000e+00 1.000000000000000000e+00 0.000000000000000000e+00 0.000000000000000000e+00 0.000000000000000000e+00
1.000000000000000000e+00 0.000000000000000000e+00 0.000000000000000000e+00 0.000000000000000000e+00 0.000000000000000000e+00 0.000000000000000000e+00 0.000000000000000000e+00 0.000000000000000000e+00 0.000000000000000000e+00 0.000000000000000000e+00 0.000000000000000000e+00 0.000000000000000000e+00 0.000000000000000000e+00 0.000000000000000000e+00 0.000000000000000000e+00 0.000000000000000000e+00 0.000000000000000000e+00 0.000000000000000000e+00 0.000000000000000000e+00 0.000000000000000000e+00 0.000000000000000000e+00 0.000000000000000000e+00
0.000000000000000000e+00 0.000000000000000000e+00 0.000000000000000000e+00 0.000000000000000000e+00 0.000000000000000000e+00 0.000000000000000000e+00 8.417849898580122281e-02 0.000000000000000000e+00 0.000000000000000000e+00 0.000000000000000000e+00 1.926977687626774821e-02 0.000000000000000000e+00 2.028397565922920864e-03 0.000000000000000000e+00 0.000000000000000000e+00 1.000000000000000000e+00 0.000000000000000000e+00 0.000000000000000000e+00 0.000000000000000000e+00 1.014198782961460432e-03 1.643002028397566039e-01 0.000000000000000000e+00
0.000000000000000000e+00 0.000000000000000000e+00 0.000000000000000000e+00 0.000000000000000000e+00 0.000000000000000000e+00 0.000000000000000000e+00 5.253940455341506166e-02 0.000000000000000000e+00 0.000000000000000000e+00 0.000000000000000000e+00 0.000000000000000000e+00 0.000000000000000000e+00 1.000000000000000000e+00 0.000000000000000000e+00 0.000000000000000000e+00 7.950963222416812526e-01 0.000000000000000000e+00 0.000000000000000000e+00 0.000000000000000000e+00 1.646234676007005127e-01 0.000000000000000000e+00 0.000000000000000000e+00
0.000000000000000000e+00 0.000000000000000000e+00 3.565737051792828849e-01 0.000000000000000000e+00 0.000000000000000000e+00 0.000000000000000000e+00 4.980079681274900312e-03 6.723107569721115118e-01 0.000000000000000000e+00 0.000000000000000000e+00 4.980079681274900312e-04 0.000000000000000000e+00 6.972111553784860437e-03 1.000000000000000000e+00 0.000000000000000000e+00 1.170318725099601526e-01 7.763944223107569487e-01 0.000000000000000000e+00 0.000000000000000000e+00 1.494023904382470094e-03 1.593625498007968100e-02 0.000000000000000000e+00
