0.000000000000000000e+00 0.000000000000000000e+00 0.000000000000000000e+00 0.000000000000000000e+00 0.000000000000000000e+00 9.747292418772562916e-02 0.000000000000000000e+00 0.000000000000000000e+00 1.000000000000000000e+00 0.000000000000000000e+00
0.000000000000000000e+00 6.414253897550111772e-01 4.008908685968819857e-02 0.000000000000000000e+00 0.000000000000000000e+00 0.000000000000000000e+00 1.000000000000000000e+00 0.000000000000000000e+00 0.000000000000000000e+00 0.000000000000000000e+00
1.000000000000000000e+00 1.320132013201320148e-02 0.000000000000000000e+00 0.000000000000000000e+00 0.000000000000000000e+00 0.000000000000000000e+00 1.155115511551155077e-01 0.000000000000000000e+00 0.000000000000000000e+00 0.000000000000000000e+00
0.000000000000000000e+00 4.672897196261682068e-02 0.000000000000000000e+00 0.000000000000000000e+00 0.000000000000000000e+00 0.000000000000000000e+00 1.000000000000000000e+00 7.476635514018691309e-01 0.000000000000000000e+00 4.672897196261682068e-02
0.000000000000000000e+00 0.000000000000000000e+00 0.000000000000000000e+00 0.000000000000000000e+00 0.000000000000000000e+00 0.000000000000000000e+00 0.000000000000000000e+00 0.000000000000000000e+00 0.000000000000000000e+00 0.000000000000000000e+00
0.000000000000000000e+00 0.000000000000000000e+00 0.000000000000000000e+00 0.000000000000000000e+00 0.000000000000000000e+00 7.240437158469945622e-01 0.000000000000000000e+00 4.371584699453551909e-02 1.000000000000000000e+00 1.639344262295082053e-02
0.000000000000000000e+00 1.000000000000000000e+00 7.062780269058296367e-01 0.000000000000000000e+00 0.000000000000000000e+00 0.000000000000000000e+00 0.000000000000000000e+00 0.000000000000000000e+00 0.000000000000000000e+00 0.000000000000000000e+00
0.000000000000000000e+00 1.227830832196452962e-02 1.364256480218281088e-02 2.510231923601637383e-01 0.000000000000000000e+00 0.000000000000000000e+00 2.237380627557980783e-01 0.000000000000000000e+00 0.000000000000000000e+00 1.000000000000000000e+00
0.000000000000000000e+00 0.000000000000000000e+00 0.000000000000000000e+00 0.000000000000000000e+00 0.000000000000000000e+00 1.000000000000000000e+00 0.000000000000000000e+00 7.451523545706371099e-01 0.000000000000000000e+00 3.601108033240997541e-02
0.000000000000000000e+00 4.081632653061224858e-03 0.000000000000000000e+00 1.768707482993197438e-02 0.000000000000000000e+00 0.000000000000000000e+00 8.163265306122449716e-03 1.000000000000000000e+00 0.000000000000000000e+00 6.680272108843537948e-01
