0.000000000000000000e+00 0.000000000000000000e+00 0.000000000000000000e+00 0.000000000000000000e+00 0.000000000000000000e+00 6.666666666666666574e-02 0.000000000000000000e+00 0.000000000000000000e+00 1.000000000000000000e+00 0.000000000000000000e+00
1.000000000000000000e+00 0.000000000000000000e+00 0.000000000000000000e+00 0.000000000000000000e+00 0.000000000000000000e+00 0.000000000000000000e+00 6.600660066006600046e-02 0.000000000000000000e+00 0.000000000000000000e+00 0.000000000000000000e+00
0.000000000000000000e+00 1.428571428571428492e-01 3.333333333333333148e-01 0.000000000000000000e+00 0.000000000000000000e+00 0.000000000000000000e+00 1.000000000000000000e+00 0.000000000000000000e+00 0.000000000000000000e+00 0.000000000000000000e+00
0.000000000000000000e+00 0.000000000000000000e+00 5.303030303030303177e-02 0.000000000000000000e+00 0.000000000000000000e+00 0.000000000000000000e+00 5.530303030303029832e-01 1.000000000000000000e+00 0.000000000000000000e+00 1.136363636363636326e-01
0.000000000000000000e+00 0.000000000000000000e+00 0.000000000000000000e+00 0.000000000000000000e+00 0.000000000000000000e+00 0.000000000000000000e+00 0.000000000000000000e+00 0.000000000000000000e+00 0.000000000000000000e+00 0.000000000000000000e+00
0.000000000000000000e+00 0.000000000000000000e+00 0.000000000000000000e+00 0.000000000000000000e+00 0.000000000000000000e+00 3.371428571428571330e-01 0.000000000000000000e+00 9.142857142857142849e-02 1.000000000000000000e+00 5.714285714285714281e-03
0.000000000000000000e+00 1.000000000000000000e+00 5.816326530612244694e-01 0.000000000000000000e+00 0.000000000000000000e+00 0.000000000000000000e+00 0.000000000000000000e+00 0.000000000000000000e+00 0.000000000000000000e+00 0.000000000000000000e+00
0.000000000000000000e+00 1.968503937007873988e-02 4.724409448818897572e-02 8.188976377952755792e-01 0.000000000000000000e+00 0.000000000000000000e+00 7.677165354330708347e-01 0.000000000000000000e+00 0.000000000000000000e+00 1.000000000000000000e+00
0.000000000000000000e+00 0.000000000000000000e+00 0.000000000000000000e+00 0.000000000000000000e+00 0.000000000000000000e+00 6.407407407407407218e-01 0.000000000000000000e+00 1.000000000000000000e+00 0.000000000000000000e+00 6.296296296296295669e-02
0.000000000000000000e+00 3.906250000000000000e-03 7.812500000000000000e-03 7.421875000000000000e-02 0.000000000000000000e+00 0.000000000000000000e+00 3.515625000000000000e-02 1.000000000000000000e+00 0.000000000000000000e+00 3.945312500000000000e-01
