1.000000000000000000e+00 0.000000000000000000e+00 0.000000000000000000e+00 0.000000000000000000e+00 9.032258064516128782e-01 0.000000000000000000e+00 1.612903225806451568e-02 3.709677419354838745e-01 0.000000000000000000e+00 6.451612903225806273e-02 0.000000000000000000e+00 0.000000000000000000e+00 0.000000000000000000e+00
0.000000000000000000e+00 0.000000000000000000e+00 1.692307692307692402e-01 0.000000000000000000e+00 0.000000000000000000e+00 0.000000000000000000e+00 1.000000000000000000e+00 0.000000000000000000e+00 0.000000000000000000e+00 3.076923076923077094e-02 1.538461538461538547e-02 1.538461538461538547e-01 0.000000000000000000e+00
0.000000000000000000e+00 0.000000000000000000e+00 0.000000000000000000e+00 0.000000000000000000e+00 0.000000000000000000e+00 0.000000000000000000e+00 0.000000000000000000e+00 0.000000000000000000e+00 1.000000000000000000e+00 0.000000000000000000e+00 0.000000000000000000e+00 0.000000000000000000e+00 0.000000000000000000e+00
1.000000000000000000e+00 0.000000000000000000e+00 0.000000000000000000e+00 0.000000000000000000e+00 7.500000000000000000e-01 0.000000000000000000e+00 5.000000000000000278e-02 6.999999999999999556e-01 0.000000000000000000e+00 6.666666666666666574e-02 6.666666666666666574e-02 0.000000000000000000e+00 3.333333333333333287e-02
1.123595505617977497e-02 2.247191011235954994e-02 0.000000000000000000e+00 1.235955056179775247e-01 0.000000000000000000e+00 0.000000000000000000e+00 2.022471910112359494e-01 1.000000000000000000e+00 0.000000000000000000e+00 0.000000000000000000e+00 0.000000000000000000e+00 7.865168539325842478e-02 1.123595505617977497e-01
0.000000000000000000e+00 0.000000000000000000e+00 0.000000000000000000e+00 0.000000000000000000e+00 0.000000000000000000e+00 0.000000000000000000e+00 0.000000000000000000e+00 0.000000000000000000e+00 0.000000000000000000e+00 0.000000000000000000e+00 0.000000000000000000e+00 0.000000000000000000e+00 0.000000000000000000e+00
0.000000000000000000e+00 4.104477611940298698e-01 1.000000000000000000e+00 0.000000000000000000e+00 0.000000000000000000e+00 0.000000000000000000e+00 0.000000000000000000e+00 0.000000000000000000e+00 0.000000000000000000e+00 4.029850746268656692e-01 2.014925373134328346e-01 7.910447761194029370e-01 0.000000000000000000e+00
1.818181818181818232e-01 6.611570247933884481e-02 0.000000000000000000e+00 1.000000000000000000e+00 2.975206611570248016e-01 0.000000000000000000e+00 6.280991735537190257e-01 0.000000000000000000e+00 0.000000000000000000e+00 3.305785123966942241e-02 8.264462809917355601e-03 1.818181818181818232e-01 3.966942148760330689e-01
0.000000000000000000e+00 0.000000000000000000e+00 7.194244604316547137e-03 1.223021582733812979e-01 0.000000000000000000e+00 0.000000000000000000e+00 0.000000000000000000e+00 1.000000000000000000e+00 0.000000000000000000e+00 0.000000000000000000e+00 0.000000000000000000e+00 7.194244604316547137e-03 6.474820143884892076e-02
0.000000000000000000e+00 1.363636363636363535e-01 1.590909090909090884e-01 0.000000000000000000e+00 0.000000000000000000e+00 0.000000000000000000e+00 1.000000000000000000e+00 0.000000000000000000e+00 0.000000000000000000e+00 0.000000000000000000e+00 0.000000000000000000e+00 1.969696969696969613e-01 0.000000000000000000e+00
0.000000000000000000e+00 2.000000000000000042e-02 0.000000000000000000e+00 0.000000000000000000e+00 0.000000000000000000e+00 0.000000000000000000e+00 2.800000000000000266e-01 0.000000000000000000e+00 0.000000000000000000e+00 7.399999999999999911e-01 1.000000000000000000e+00 0.000000000000000000e+00 0.000000000000000000e+00
0.000000000000000000e+00 5.633802816901408578e-02 0.000000000000000000e+00 0.000000000000000000e+00 0.000000000000000000e+00 0.000000000000000000e+00 6.197183098591548811e-01 0.000000000000000000e+00 0.000000000000000000e+00 7.605633802816901268e-01 1.000000000000000000e+00 0.000000000000000000e+00 0.000000000000000000e+00
2.222222222222222307e-02 0.000000000000000000e+00 0.000000000000000000e+00 2.444444444444444364e-01 2.222222222222222307e-02 0.000000000000000000e+00 2.000000000000000111e-01 1.000000000000000000e+00 0.000000000000000000e+00 2.222222222222222307e-02 0.000000000000000000e+00 2.222222222222222307e-02 0.000000000000000000e+00
