1.501501501501501488e-02 0.000000000000000000e+00 0.000000000000000000e+00 0.000000000000000000e+00 0.000000000000000000e+00 8.708708708708708113e-02 0.000000000000000000e+00 6.006006006006005954e-03 1.000000000000000000e+00 0.000000000000000000e+00 1.201201201201201191e-02 0.000000000000000000e+00 3.003003003003002977e-03
0.000000000000000000e+00 6.303236797274276437e-01 8.347529812606473143e-02 0.000000000000000000e+00 0.000000000000000000e+00 0.000000000000000000e+00 1.000000000000000000e+00 0.000000000000000000e+00 0.000000000000000000e+00 1.703577512776831369e-03 0.000000000000000000e+00 0.000000000000000000e+00 0.000000000000000000e+00
1.000000000000000000e+00 1.671309192200557195e-02 1.114206128133704739e-02 0.000000000000000000e+00 0.000000000000000000e+00 0.000000000000000000e+00 1.281337047353760528e-01 0.000000000000000000e+00 0.000000000000000000e+00 0.000000000000000000e+00 0.000000000000000000e+00 0.000000000000000000e+00 0.000000000000000000e+00
0.000000000000000000e+00 5.164319248826291370e-02 0.000000000000000000e+00 9.389671361502347630e-03 0.000000000000000000e+00 0.000000000000000000e+00 4.272300469483568119e-01 1.000000000000000000e+00 0.000000000000000000e+00 4.694835680751173815e-03 0.000000000000000000e+00 1.408450704225352144e-02 7.511737089201878104e-02
0.000000000000000000e+00 0.000000000000000000e+00 0.000000000000000000e+00 0.000000000000000000e+00 0.000000000000000000e+00 0.000000000000000000e+00 0.000000000000000000e+00 0.000000000000000000e+00 0.000000000000000000e+00 0.000000000000000000e+00 0.000000000000000000e+00 0.000000000000000000e+00 0.000000000000000000e+00
4.347826086956521792e-03 0.000000000000000000e+00 0.000000000000000000e+00 4.347826086956521792e-03 0.000000000000000000e+00 6.130434782608695787e-01 0.000000000000000000e+00 1.043478260869565161e-01 1.000000000000000000e+00 0.000000000000000000e+00 0.000000000000000000e+00 0.000000000000000000e+00 2.608695652173912902e-02
0.000000000000000000e+00 1.000000000000000000e+00 5.785953177257524560e-01 0.000000000000000000e+00 0.000000000000000000e+00 0.000000000000000000e+00 0.000000000000000000e+00 0.000000000000000000e+00 0.000000000000000000e+00 4.013377926421404784e-02 0.000000000000000000e+00 0.000000000000000000e+00 0.000000000000000000e+00
0.000000000000000000e+00 1.772679874869655808e-02 8.342022940563086769e-03 2.627737226277372384e-01 0.000000000000000000e+00 0.000000000000000000e+00 2.252346193952033393e-01 0.000000000000000000e+00 0.000000000000000000e+00 1.042752867570385846e-03 0.000000000000000000e+00 7.507820646506778439e-02 1.000000000000000000e+00
2.657807308970099730e-02 0.000000000000000000e+00 0.000000000000000000e+00 6.644518272425249325e-03 0.000000000000000000e+00 7.707641196013289564e-01 0.000000000000000000e+00 1.000000000000000000e+00 0.000000000000000000e+00 0.000000000000000000e+00 1.993355481727574624e-02 0.000000000000000000e+00 6.312292358803986425e-02
0.000000000000000000e+00 1.176470588235294101e-01 4.705882352941176405e-01 0.000000000000000000e+00 0.000000000000000000e+00 0.000000000000000000e+00 1.000000000000000000e+00 0.000000000000000000e+00 0.000000000000000000e+00 0.000000000000000000e+00 0.000000000000000000e+00 0.000000000000000000e+00 0.000000000000000000e+00
0.000000000000000000e+00 0.000000000000000000e+00 0.000000000000000000e+00 0.000000000000000000e+00 0.000000000000000000e+00 2.000000000000000111e-01 0.000000000000000000e+00 5.999999999999999778e-01 1.000000000000000000e+00 0.000000000000000000e+00 0.000000000000000000e+00 0.000000000000000000e+00 2.000000000000000111e-01
0.000000000000000000e+00 0.000000000000000000e+00 2.272727272727272790e-02 1.000000000000000000e+00 0.000000000000000000e+00 0.000000000000000000e+00 0.000000000000000000e+00 7.727272727272727071e-01 0.000000000000000000e+00 0.000000000000000000e+00 0.000000000000000000e+00 0.000000000000000000e+00 4.545454545454545581e-02
0.000000000000000000e+00 3.164556962025316406e-03 0.000000000000000000e+00 3.797468354430379861e-02 0.000000000000000000e+00 0.000000000000000000e+00 1.160337552742616088e-02 1.000000000000000000e+00 0.000000000000000000e+00 0.000000000000000000e+00 0.000000000000000000e+00 6.329113924050632813e-03 6.940928270042193704e-01
