0.000000000000000000e+00 3.636363636363636465e-01 0.000000000000000000e+00 2.337662337662337608e-01 0.000000000000000000e+00 0.000000000000000000e+00 0.000000000000000000e+00 1.000000000000000000e+00 0.000000000000000000e+00 0.000000000000000000e+00 7.792207792207792028e-02 0.000000000000000000e+00 2.597402597402597574e-02 0.000000000000000000e+00 0.000000000000000000e+00
9.900990099009901110e-03 1.320132013201320148e-02 0.000000000000000000e+00 3.300330033003300023e-02 0.000000000000000000e+00 0.000000000000000000e+00 0.000000000000000000e+00 1.815181518151815221e-01 0.000000000000000000e+00 1.000000000000000000e+00 6.600660066006600740e-03 0.000000000000000000e+00 0.000000000000000000e+00 0.000000000000000000e+00 0.000000000000000000e+00
0.000000000000000000e+00 0.000000000000000000e+00 0.000000000000000000e+00 0.000000000000000000e+00 0.000000000000000000e+00 4.860335195530726127e-01 0.000000000000000000e+00 1.117318435754189980e-02 4.189944134078212312e-01 0.000000000000000000e+00 1.675977653631284883e-02 0.000000000000000000e+00 1.675977653631284883e-02 1.000000000000000000e+00 5.586592178770949380e-02
2.307692307692307820e-02 0.000000000000000000e+00 0.000000000000000000e+00 0.000000000000000000e+00 0.000000000000000000e+00 0.000000000000000000e+00 0.000000000000000000e+00 5.769230769230768718e-01 0.000000000000000000e+00 0.000000000000000000e+00 4.153846153846154077e-01 0.000000000000000000e+00 1.000000000000000000e+00 0.000000000000000000e+00 0.000000000000000000e+00
1.061946902654867242e-01 8.849557522123893682e-03 5.309734513274336209e-02 2.212389380530973559e-01 8.849557522123893682e-03 0.000000000000000000e+00 0.000000000000000000e+00 1.000000000000000000e+00 1.592920353982300863e-01 2.654867256637168105e-02 0.000000000000000000e+00 0.000000000000000000e+00 0.000000000000000000e+00 0.000000000000000000e+00 8.849557522123893682e-03
9.174311926605505096e-03 3.211009174311926784e-02 1.926605504587156070e-01 1.376146788990825764e-02 1.605504587155963392e-01 0.000000000000000000e+00 0.000000000000000000e+00 8.715596330275229842e-02 1.000000000000000000e+00 0.000000000000000000e+00 0.000000000000000000e+00 0.000000000000000000e+00 0.000000000000000000e+00 0.000000000000000000e+00 8.715596330275229842e-02
0.000000000000000000e+00 0.000000000000000000e+00 0.000000000000000000e+00 0.000000000000000000e+00 0.000000000000000000e+00 0.000000000000000000e+00 0.000000000000000000e+00 0.000000000000000000e+00 0.000000000000000000e+00 0.000000000000000000e+00 0.000000000000000000e+00 0.000000000000000000e+00 0.000000000000000000e+00 0.000000000000000000e+00 0.000000000000000000e+00
3.175182481751824826e-01 1.000000000000000000e+00 0.000000000000000000e+00 5.693430656934306278e-01 0.000000000000000000e+00 0.000000000000000000e+00 0.000000000000000000e+00 0.000000000000000000e+00 0.000000000000000000e+00 0.000000000000000000e+00 2.335766423357664157e-01 3.284671532846715480e-02 2.335766423357664157e-01 0.000000000000000000e+00 0.000000000000000000e+00
2.419354838709677352e-02 7.661290322580645296e-02 1.000000000000000000e+00 6.854838709677418818e-02 5.080645161290322509e-01 2.943548387096774355e-01 0.000000000000000000e+00 2.217741935483870941e-01 0.000000000000000000e+00 1.209677419354838676e-02 4.032258064516128920e-03 0.000000000000000000e+00 0.000000000000000000e+00 2.620967741935483764e-01 4.153225806451613100e-01
0.000000000000000000e+00 0.000000000000000000e+00 1.551020408163265307e-01 0.000000000000000000e+00 2.040816326530612082e-02 0.000000000000000000e+00 0.000000000000000000e+00 0.000000000000000000e+00 1.000000000000000000e+00 8.163265306122449716e-03 0.000000000000000000e+00 0.000000000000000000e+00 0.000000000000000000e+00 0.000000000000000000e+00 8.979591836734693300e-02
7.106598984771574090e-02 1.928934010152284217e-01 0.000000000000000000e+00 1.624365482233502411e-01 0.000000000000000000e+00 0.000000000000000000e+00 0.000000000000000000e+00 1.000000000000000000e+00 0.000000000000000000e+00 0.000000000000000000e+00 0.000000000000000000e+00 0.000000000000000000e+00 0.000000000000000000e+00 0.000000000000000000e+00 0.000000000000000000e+00
0.000000000000000000e+00 1.000000000000000000e+00 0.000000000000000000e+00 0.000000000000000000e+00 0.000000000000000000e+00 0.000000000000000000e+00 0.000000000000000000e+00 5.000000000000000000e-01 0.000000000000000000e+00 0.000000000000000000e+00 0.000000000000000000e+00 0.000000000000000000e+00 1.666666666666666574e-01 0.000000000000000000e+00 0.000000000000000000e+00
2.515723270440251708e-02 6.289308176100629269e-03 0.000000000000000000e+00 0.000000000000000000e+00 0.000000000000000000e+00 0.000000000000000000e+00 0.000000000000000000e+00 3.081761006289308047e-01 0.000000000000000000e+00 0.000000000000000000e+00 9.308176100628930971e-01 6.289308176100629269e-03 1.000000000000000000e+00 0.000000000000000000e+00 0.000000000000000000e+00
0.000000000000000000e+00 0.000000000000000000e+00 0.000000000000000000e+00 0.000000000000000000e+00 0.000000000000000000e+00 7.096774193548387455e-01 0.000000000000000000e+00 0.000000000000000000e+00 2.459677419354838745e-01 0.000000000000000000e+00 8.064516129032257841e-03 0.000000000000000000e+00 1.209677419354838676e-02 1.000000000000000000e+00 2.822580645161290244e-02
0.000000000000000000e+00 0.000000000000000000e+00 2.525252525252525415e-01 1.010101010101010187e-02 1.313131313131313260e-01 9.090909090909091161e-02 0.000000000000000000e+00 9.090909090909091161e-02 1.000000000000000000e+00 0.000000000000000000e+00 1.010101010101010187e-02 0.000000000000000000e+00 0.000000000000000000e+00 5.050505050505050414e-02 0.000000000000000000e+00
