1.000000000000000000e+00 0.000000000000000000e+00 0.000000000000000000e+00 0.000000000000000000e+00 0.000000000000000000e+00 0.000000000000000000e+00 1.393939393939394034e-01 0.000000000000000000e+00 0.000000000000000000e+00 7.030303030303030054e-01 1.212121212121212120e-02 0.000000000000000000e+00 0.000000000000000000e+00 0.000000000000000000e+00 1.090909090909090856e-01
0.000000000000000000e+00 6.229885057471263865e-01 4.482758620689655110e-02 0.000000000000000000e+00 9.195402298850574585e-03 0.000000000000000000e+00 0.000000000000000000e+00 0.000000000000000000e+00 1.000000000000000000e+00 0.000000000000000000e+00 3.448275862068965469e-03 1.149425287356321823e-03 1.264367816091954005e-02 0.000000000000000000e+00 0.000000000000000000e+00
0.000000000000000000e+00 1.980198019801980222e-02 3.300330033003300370e-03 0.000000000000000000e+00 0.000000000000000000e+00 0.000000000000000000e+00 0.000000000000000000e+00 0.000000000000000000e+00 1.914191419141914319e-01 0.000000000000000000e+00 0.000000000000000000e+00 0.000000000000000000e+00 0.000000000000000000e+00 1.000000000000000000e+00 0.000000000000000000e+00
1.000000000000000000e+00 0.000000000000000000e+00 0.000000000000000000e+00 0.000000000000000000e+00 0.000000000000000000e+00 0.000000000000000000e+00 2.857142857142857054e-02 0.000000000000000000e+00 5.714285714285714107e-02 6.285714285714285587e-01 0.000000000000000000e+00 0.000000000000000000e+00 0.000000000000000000e+00 0.000000000000000000e+00 5.714285714285714107e-02
0.000000000000000000e+00 0.000000000000000000e+00 0.000000000000000000e+00 0.000000000000000000e+00 0.000000000000000000e+00 0.000000000000000000e+00 0.000000000000000000e+00 0.000000000000000000e+00 6.388888888888888395e-01 0.000000000000000000e+00 0.000000000000000000e+00 0.000000000000000000e+00 1.000000000000000000e+00 0.000000000000000000e+00 0.000000000000000000e+00
0.000000000000000000e+00 1.956521739130434867e-01 1.086956521739130405e-02 0.000000000000000000e+00 2.173913043478260809e-02 0.000000000000000000e+00 0.000000000000000000e+00 0.000000000000000000e+00 1.000000000000000000e+00 5.217391304347825942e-01 0.000000000000000000e+00 0.000000000000000000e+00 0.000000000000000000e+00 0.000000000000000000e+00 9.782608695652174335e-02
0.000000000000000000e+00 0.000000000000000000e+00 0.000000000000000000e+00 2.000000000000000042e-02 0.000000000000000000e+00 4.000000000000000083e-02 0.000000000000000000e+00 0.000000000000000000e+00 0.000000000000000000e+00 1.000000000000000000e+00 0.000000000000000000e+00 0.000000000000000000e+00 0.000000000000000000e+00 0.000000000000000000e+00 4.000000000000000083e-02
0.000000000000000000e+00 0.000000000000000000e+00 0.000000000000000000e+00 0.000000000000000000e+00 0.000000000000000000e+00 0.000000000000000000e+00 0.000000000000000000e+00 0.000000000000000000e+00 0.000000000000000000e+00 0.000000000000000000e+00 0.000000000000000000e+00 0.000000000000000000e+00 0.000000000000000000e+00 0.000000000000000000e+00 0.000000000000000000e+00
0.000000000000000000e+00 1.000000000000000000e+00 3.528064146620847885e-01 0.000000000000000000e+00 5.383734249713631459e-02 0.000000000000000000e+00 0.000000000000000000e+00 0.000000000000000000e+00 0.000000000000000000e+00 0.000000000000000000e+00 2.520045819014891247e-02 6.872852233676975814e-03 1.408934707903780059e-01 0.000000000000000000e+00 0.000000000000000000e+00
1.229885057471264420e-01 1.379310344827586188e-02 8.045977011494252762e-03 6.436781609195402210e-02 1.149425287356321823e-03 1.655172413793103425e-01 3.103448275862068922e-02 0.000000000000000000e+00 1.701149425287356298e-01 0.000000000000000000e+00 0.000000000000000000e+00 0.000000000000000000e+00 2.298850574712643646e-03 5.747126436781609116e-03 1.000000000000000000e+00
0.000000000000000000e+00 1.111111111111111049e-01 1.296296296296296224e-01 0.000000000000000000e+00 0.000000000000000000e+00 0.000000000000000000e+00 0.000000000000000000e+00 0.000000000000000000e+00 1.000000000000000000e+00 0.000000000000000000e+00 0.000000000000000000e+00 0.000000000000000000e+00 0.000000000000000000e+00 0.000000000000000000e+00 0.000000000000000000e+00
0.000000000000000000e+00 3.333333333333333148e-01 1.000000000000000000e+00 0.000000000000000000e+00 0.000000000000000000e+00 0.000000000000000000e+00 0.000000000000000000e+00 0.000000000000000000e+00 1.000000000000000000e+00 0.000000000000000000e+00 0.000000000000000000e+00 0.000000000000000000e+00 0.000000000000000000e+00 0.000000000000000000e+00 0.000000000000000000e+00
0.000000000000000000e+00 6.185567010309278579e-02 0.000000000000000000e+00 0.000000000000000000e+00 0.000000000000000000e+00 0.000000000000000000e+00 0.000000000000000000e+00 0.000000000000000000e+00 6.185567010309278579e-01 0.000000000000000000e+00 2.061855670103092675e-01 0.000000000000000000e+00 1.000000000000000000e+00 0.000000000000000000e+00 0.000000000000000000e+00
0.000000000000000000e+00 3.623188405797101493e-03 3.623188405797101493e-03 7.246376811594202987e-03 0.000000000000000000e+00 7.246376811594202987e-03 0.000000000000000000e+00 0.000000000000000000e+00 0.000000000000000000e+00 1.000000000000000000e+00 0.000000000000000000e+00 0.000000000000000000e+00 0.000000000000000000e+00 0.000000000000000000e+00 1.014492753623188470e-01
1.960784313725490169e-02 3.460207612456747510e-03 2.306805074971165007e-03 3.460207612456747510e-03 1.153402537485582503e-03 2.537485582468281334e-02 4.613610149942330013e-03 0.000000000000000000e+00 1.038062283737024166e-02 1.000000000000000000e+00 0.000000000000000000e+00 0.000000000000000000e+00 0.000000000000000000e+00 1.153402537485582503e-03 5.951557093425605682e-01
