0.000000000000000000e+00 0.000000000000000000e+00 0.000000000000000000e+00 0.000000000000000000e+00 0.000000000000000000e+00 0.000000000000000000e+00 0.000000000000000000e+00 0.000000000000000000e+00 0.000000000000000000e+00 0.000000000000000000e+00 0.000000000000000000e+00 0.000000000000000000e+00 0.000000000000000000e+00 0.000000000000000000e+00 0.000000000000000000e+00 0.000000000000000000e+00 0.000000000000000000e+00 0.000000000000000000e+00 0.000000000000000000e+00 0.000000000000000000e+00 0.000000000000000000e+00
0.000000000000000000e+00 0.000000000000000000e+00 0.000000000000000000e+00 2.857142857142856984e-01 0.000000000000000000e+00 0.000000000000000000e+00 1.428571428571428492e-01 0.000000000000000000e+00 0.000000000000000000e+00 0.000000000000000000e+00 0.000000000000000000e+00 1.000000000000000000e+00 0.000000000000000000e+00 0.000000000000000000e+00 0.000000000000000000e+00 4.285714285714285754e-02 0.000000000000000000e+00 0.000000000000000000e+00 8.571428571428571508e-02 0.000000000000000000e+00 0.000000000000000000e+00
0.000000000000000000e+00 0.000000000000000000e+00 0.000000000000000000e+00 0.000000000000000000e+00 0.000000000000000000e+00 0.000000000000000000e+00 0.000000000000000000e+00 0.000000000000000000e+00 0.000000000000000000e+00 0.000000000000000000e+00 0.000000000000000000e+00 0.000000000000000000e+00 0.000000000000000000e+00 1.000000000000000000e+00 0.000000000000000000e+00 0.000000000000000000e+00 0.000000000000000000e+00 0.000000000000000000e+00 0.000000000000000000e+00 0.000000000000000000e+00 0.000000000000000000e+00
0.000000000000000000e+00 1.935483870967742021e-02 0.000000000000000000e+00 1.290322580645161289e-02 0.000000000000000000e+00 0.000000000000000000e+00 0.000000000000000000e+00 0.000000000000000000e+00 0.000000000000000000e+00 0.000000000000000000e+00 0.000000000000000000e+00 5.161290322580645157e-02 0.000000000000000000e+00 0.000000000000000000e+00 9.548387096774193505e-01 1.290322580645161289e-02 0.000000000000000000e+00 0.000000000000000000e+00 0.000000000000000000e+00 0.000000000000000000e+00 1.000000000000000000e+00
0.000000000000000000e+00 0.000000000000000000e+00 0.000000000000000000e+00 0.000000000000000000e+00 0.000000000000000000e+00 9.433962264150943036e-03 0.000000000000000000e+00 0.000000000000000000e+00 5.660377358490566169e-02 0.000000000000000000e+00 0.000000000000000000e+00 6.289308176100629269e-03 0.000000000000000000e+00 1.635220125786163436e-01 3.144654088050314635e-03 0.000000000000000000e+00 0.000000000000000000e+00 0.000000000000000000e+00 1.257861635220125854e-02 1.000000000000000000e+00 0.000000000000000000e+00
0.000000000000000000e+00 0.000000000000000000e+00 0.000000000000000000e+00 0.000000000000000000e+00 2.792792792792792578e-01 0.000000000000000000e+00 3.603603603603603572e-02 9.009009009009008931e-03 0.000000000000000000e+00 0.000000000000000000e+00 0.000000000000000000e+00 1.801801801801801717e-01 0.000000000000000000e+00 1.000000000000000000e+00 1.801801801801801786e-02 0.000000000000000000e+00 0.000000000000000000e+00 0.000000000000000000e+00 0.000000000000000000e+00 9.009009009009008584e-02 0.000000000000000000e+00
0.000000000000000000e+00 3.906250000000000000e-02 0.000000000000000000e+00 0.000000000000000000e+00 0.000000000000000000e+00 0.000000000000000000e+00 0.000000000000000000e+00 0.000000000000000000e+00 0.000000000000000000e+00 0.000000000000000000e+00 0.000000000000000000e+00 1.796875000000000000e-01 0.000000000000000000e+00 0.000000000000000000e+00 0.000000000000000000e+00 9.375000000000000000e-02 0.000000000000000000e+00 0.000000000000000000e+00 1.000000000000000000e+00 0.000000000000000000e+00 0.000000000000000000e+00
0.000000000000000000e+00 0.000000000000000000e+00 0.000000000000000000e+00 0.000000000000000000e+00 2.439024390243902385e-01 7.317073170731706877e-02 0.000000000000000000e+00 0.000000000000000000e+00 4.878048780487805047e-02 0.000000000000000000e+00 0.000000000000000000e+00 9.756097560975610095e-02 0.000000000000000000e+00 1.000000000000000000e+00 0.000000000000000000e+00 0.000000000000000000e+00 0.000000000000000000e+00 0.000000000000000000e+00 0.000000000000000000e+00 4.878048780487805047e-02 0.000000000000000000e+00
0.000000000000000000e+00 8.130081300813008990e-03 0.000000000000000000e+00 4.065040650406504495e-03 1.788617886178861804e-01 9.349593495934958864e-02 4.065040650406503975e-02 4.065040650406504495e-03 0.000000000000000000e+00 0.000000000000000000e+00 0.000000000000000000e+00 1.585365853658536606e-01 0.000000000000000000e+00 1.000000000000000000e+00 1.219512195121951262e-02 0.000000000000000000e+00 0.000000000000000000e+00 4.065040650406504495e-03 0.000000000000000000e+00 4.065040650406504495e-03 0.000000000000000000e+00
0.000000000000000000e+00 0.000000000000000000e+00 0.000000000000000000e+00 0.000000000000000000e+00 0.000000000000000000e+00 0.000000000000000000e+00 0.000000000000000000e+00 0.000000000000000000e+00 0.000000000000000000e+00 0.000000000000000000e+00 2.500000000000000000e-01 0.000000000000000000e+00 0.000000000000000000e+00 1.000000000000000000e+00 0.000000000000000000e+00 0.000000000000000000e+00 2.500000000000000000e-01 0.000000000000000000e+00 0.000000000000000000e+00 0.000000000000000000e+00 0.000000000000000000e+00
0.000000000000000000e+00 0.000000000000000000e+00 0.000000000000000000e+00 0.000000000000000000e+00 0.000000000000000000e+00 0.000000000000000000e+00 0.000000000000000000e+00 0.000000000000000000e+00 0.000000000000000000e+00 0.000000000000000000e+00 0.000000000000000000e+00 0.000000000000000000e+00 1.000000000000000000e+00 0.000000000000000000e+00 0.000000000000000000e+00 0.000000000000000000e+00 0.000000000000000000e+00 0.000000000000000000e+00 0.000000000000000000e+00 5.000000000000000000e-01 0.000000000000000000e+00
0.000000000000000000e+00 2.439999999999999947e-01 0.000000000000000000e+00 1.000000000000000000e+00 0.000000000000000000e+00 0.000000000000000000e+00 3.280000000000000138e-01 0.000000000000000000e+00 0.000000000000000000e+00 0.000000000000000000e+00 0.000000000000000000e+00 0.000000000000000000e+00 0.000000000000000000e+00 0.000000000000000000e+00 0.000000000000000000e+00 9.199999999999999845e-02 0.000000000000000000e+00 3.200000000000000067e-02 2.320000000000000118e-01 0.000000000000000000e+00 0.000000000000000000e+00
0.000000000000000000e+00 0.000000000000000000e+00 0.000000000000000000e+00 0.000000000000000000e+00 0.000000000000000000e+00 0.000000000000000000e+00 0.000000000000000000e+00 0.000000000000000000e+00 0.000000000000000000e+00 0.000000000000000000e+00 0.000000000000000000e+00 0.000000000000000000e+00 0.000000000000000000e+00 0.000000000000000000e+00 0.000000000000000000e+00 0.000000000000000000e+00 0.000000000000000000e+00 0.000000000000000000e+00 0.000000000000000000e+00 1.000000000000000000e+00 0.000000000000000000e+00
0.000000000000000000e+00 7.194244604316546443e-02 0.000000000000000000e+00 0.000000000000000000e+00 1.000000000000000000e+00 4.640287769784172678e-01 1.510791366906474864e-01 3.956834532374100405e-02 1.618705035971222950e-01 0.000000000000000000e+00 0.000000000000000000e+00 4.316546762589927866e-01 0.000000000000000000e+00 0.000000000000000000e+00 1.618705035971222950e-01 1.079136690647482071e-02 0.000000000000000000e+00 1.079136690647482071e-02 1.438848920863309427e-02 4.496402877697841527e-01 0.000000000000000000e+00
0.000000000000000000e+00 0.000000000000000000e+00 0.000000000000000000e+00 7.575757575757575968e-03 1.287878787878787845e-01 6.818181818181817677e-02 0.000000000000000000e+00 3.560606060606060774e-01 0.000000000000000000e+00 0.000000000000000000e+00 0.000000000000000000e+00 0.000000000000000000e+00 0.000000000000000000e+00 1.000000000000000000e+00 3.030303030303030387e-02 0.000000000000000000e+00 0.000000000000000000e+00 0.000000000000000000e+00 0.000000000000000000e+00 1.515151515151515194e-02 0.000000000000000000e+00
0.000000000000000000e+00 8.695652173913043237e-02 0.000000000000000000e+00 2.608695652173912971e-01 0.000000000000000000e+00 0.000000000000000000e+00 1.376811594202898559e-01 0.000000000000000000e+00 0.000000000000000000e+00 0.000000000000000000e+00 0.000000000000000000e+00 1.000000000000000000e+00 0.000000000000000000e+00 0.000000000000000000e+00 0.000000000000000000e+00 0.000000000000000000e+00 0.000000000000000000e+00 7.246376811594202987e-03 0.000000000000000000e+00 0.000000000000000000e+00 0.000000000000000000e+00
0.000000000000000000e+00 0.000000000000000000e+00 0.000000000000000000e+00 0.000000000000000000e+00 1.304347826086956486e-01 0.000000000000000000e+00 0.000000000000000000e+00 0.000000000000000000e+00 0.000000000000000000e+00 0.000000000000000000e+00 0.000000000000000000e+00 0.000000000000000000e+00 0.000000000000000000e+00 1.000000000000000000e+00 8.695652173913043237e-02 0.000000000000000000e+00 0.000000000000000000e+00 0.000000000000000000e+00 0.000000000000000000e+00 0.000000000000000000e+00 0.000000000000000000e+00
0.000000000000000000e+00 0.000000000000000000e+00 0.000000000000000000e+00 1.000000000000000000e+00 0.000000000000000000e+00 0.000000000000000000e+00 1.111111111111111049e-01 0.000000000000000000e+00 0.000000000000000000e+00 0.000000000000000000e+00 0.000000000000000000e+00 4.444444444444444198e-01 0.000000000000000000e+00 0.000000000000000000e+00 0.000000000000000000e+00 0.000000000000000000e+00 0.000000000000000000e+00 0.000000000000000000e+00 0.000000000000000000e+00 0.000000000000000000e+00 0.000000000000000000e+00
0.000000000000000000e+00 1.022494887525562425e-02 0.000000000000000000e+00 0.000000000000000000e+00 0.000000000000000000e+00 0.000000000000000000e+00 0.000000000000000000e+00 0.000000000000000000e+00 0.000000000000000000e+00 0.000000000000000000e+00 0.000000000000000000e+00 1.042944785276073566e-01 0.000000000000000000e+00 0.000000000000000000e+00 0.000000000000000000e+00 3.169734151329243188e-01 0.000000000000000000e+00 2.044989775051124937e-03 1.000000000000000000e+00 0.000000000000000000e+00 0.000000000000000000e+00
0.000000000000000000e+00 9.699321047526673250e-04 0.000000000000000000e+00 0.000000000000000000e+00 9.699321047526673250e-04 7.759456838021338600e-03 0.000000000000000000e+00 1.939864209505334650e-03 2.967992240543161908e-01 0.000000000000000000e+00 0.000000000000000000e+00 2.909796314258002083e-03 0.000000000000000000e+00 1.134820562560620721e-01 2.909796314258002083e-03 7.759456838021338600e-03 0.000000000000000000e+00 0.000000000000000000e+00 1.163918525703200833e-02 1.000000000000000000e+00 0.000000000000000000e+00
0.000000000000000000e+00 0.000000000000000000e+00 1.020408163265306041e-02 0.000000000000000000e+00 1.428571428571428492e-01 4.081632653061224164e-02 0.000000000000000000e+00 0.000000000000000000e+00 0.000000000000000000e+00 6.122448979591836593e-02 2.040816326530612082e-02 0.000000000000000000e+00 0.000000000000000000e+00 1.000000000000000000e+00 3.061224489795918297e-02 0.000000000000000000e+00 2.755102040816326259e-01 0.000000000000000000e+00 0.000000000000000000e+00 0.000000000000000000e+00 1.020408163265306041e-02
