0.000000000000000000e+00 3.610108303249097601e-03 0.000000000000000000e+00 0.000000000000000000e+00 0.000000000000000000e+00 1.010830324909747224e-01 0.000000000000000000e+00 7.220216606498194856e-02 1.000000000000000000e+00 0.000000000000000000e+00 0.000000000000000000e+00 1.805054151624548714e-02
0.000000000000000000e+00 5.457227138643068187e-01 1.150442477876106179e-01 0.000000000000000000e+00 0.000000000000000000e+00 0.000000000000000000e+00 1.000000000000000000e+00 0.000000000000000000e+00 0.000000000000000000e+00 0.000000000000000000e+00 0.000000000000000000e+00 0.000000000000000000e+00
1.000000000000000000e+00 0.000000000000000000e+00 3.048780487804878155e-03 0.000000000000000000e+00 0.000000000000000000e+00 0.000000000000000000e+00 9.146341463414633596e-03 0.000000000000000000e+00 0.000000000000000000e+00 0.000000000000000000e+00 0.000000000000000000e+00 0.000000000000000000e+00
0.000000000000000000e+00 0.000000000000000000e+00 0.000000000000000000e+00 0.000000000000000000e+00 0.000000000000000000e+00 0.000000000000000000e+00 0.000000000000000000e+00 1.000000000000000000e+00 0.000000000000000000e+00 0.000000000000000000e+00 0.000000000000000000e+00 0.000000000000000000e+00
0.000000000000000000e+00 0.000000000000000000e+00 0.000000000000000000e+00 0.000000000000000000e+00 0.000000000000000000e+00 0.000000000000000000e+00 0.000000000000000000e+00 0.000000000000000000e+00 0.000000000000000000e+00 0.000000000000000000e+00 0.000000000000000000e+00 0.000000000000000000e+00
0.000000000000000000e+00 0.000000000000000000e+00 0.000000000000000000e+00 0.000000000000000000e+00 0.000000000000000000e+00 4.153846153846154077e-01 0.000000000000000000e+00 3.076923076923077094e-01 1.000000000000000000e+00 0.000000000000000000e+00 0.000000000000000000e+00 6.153846153846154188e-02
0.000000000000000000e+00 1.000000000000000000e+00 8.357348703170028870e-01 0.000000000000000000e+00 0.000000000000000000e+00 0.000000000000000000e+00 0.000000000000000000e+00 0.000000000000000000e+00 0.000000000000000000e+00 1.152737752161383210e-02 0.000000000000000000e+00 0.000000000000000000e+00
0.000000000000000000e+00 4.521739130434782733e-02 1.739130434782608760e-03 3.478260869565217520e-03 0.000000000000000000e+00 0.000000000000000000e+00 4.817391304347826142e-01 0.000000000000000000e+00 0.000000000000000000e+00 0.000000000000000000e+00 6.956521739130435041e-03 1.000000000000000000e+00
7.968127490039840499e-03 3.984063745019920250e-03 0.000000000000000000e+00 0.000000000000000000e+00 0.000000000000000000e+00 2.430278884462151456e-01 0.000000000000000000e+00 1.000000000000000000e+00 0.000000000000000000e+00 0.000000000000000000e+00 0.000000000000000000e+00 1.075697211155378502e-01
0.000000000000000000e+00 5.000000000000000000e-01 1.000000000000000000e+00 0.000000000000000000e+00 0.000000000000000000e+00 0.000000000000000000e+00 5.000000000000000000e-01 0.000000000000000000e+00 0.000000000000000000e+00 0.000000000000000000e+00 0.000000000000000000e+00 0.000000000000000000e+00
0.000000000000000000e+00 0.000000000000000000e+00 0.000000000000000000e+00 1.000000000000000000e+00 0.000000000000000000e+00 0.000000000000000000e+00 0.000000000000000000e+00 3.333333333333333148e-01 0.000000000000000000e+00 0.000000000000000000e+00 0.000000000000000000e+00 3.333333333333333148e-01
0.000000000000000000e+00 3.412969283276450546e-03 0.000000000000000000e+00 3.412969283276450546e-03 0.000000000000000000e+00 0.000000000000000000e+00 3.583617747440272921e-02 1.000000000000000000e+00 0.000000000000000000e+00 0.000000000000000000e+00 1.706484641638225273e-03 5.170648464163822844e-01
