0.000000000000000000e+00 0.000000000000000000e+00 0.000000000000000000e+00 0.000000000000000000e+00 0.000000000000000000e+00 0.000000000000000000e+00 0.000000000000000000e+00 0.000000000000000000e+00 8.088235294117647189e-01 0.000000000000000000e+00 0.000000000000000000e+00 0.000000000000000000e+00 0.000000000000000000e+00 4.411764705882353227e-02 0.000000000000000000e+00 7.352941176470588480e-02 1.000000000000000000e+00 0.000000000000000000e+00 1.470588235294117627e-02
0.000000000000000000e+00 1.030927835051546372e-02 0.000000000000000000e+00 0.000000000000000000e+00 0.000000000000000000e+00 0.000000000000000000e+00 0.000000000000000000e+00 2.749140893470790326e-02 3.092783505154639290e-01 0.000000000000000000e+00 0.000000000000000000e+00 0.000000000000000000e+00 1.000000000000000000e+00 0.000000000000000000e+00 0.000000000000000000e+00 4.467353951890034452e-02 0.000000000000000000e+00 0.000000000000000000e+00 2.405498281786941708e-02
0.000000000000000000e+00 0.000000000000000000e+00 0.000000000000000000e+00 4.761904761904761640e-02 1.904761904761904934e-02 2.857142857142857054e-02 0.000000000000000000e+00 0.000000000000000000e+00 1.904761904761904934e-02 0.000000000000000000e+00 0.000000000000000000e+00 6.666666666666666297e-01 9.523809523809524669e-03 0.000000000000000000e+00 0.000000000000000000e+00 0.000000000000000000e+00 9.523809523809524669e-03 1.000000000000000000e+00 0.000000000000000000e+00
0.000000000000000000e+00 1.194743130227001121e-03 2.150537634408602322e-02 5.878136200716845838e-01 2.389486260454002503e-02 1.314217443249701342e-02 0.000000000000000000e+00 0.000000000000000000e+00 3.584229390681003581e-03 0.000000000000000000e+00 0.000000000000000000e+00 1.000000000000000000e+00 1.194743130227001121e-03 0.000000000000000000e+00 0.000000000000000000e+00 2.389486260454002243e-03 0.000000000000000000e+00 2.628434886499402684e-02 0.000000000000000000e+00
3.030303030303030387e-02 1.010101010101010187e-02 3.030303030303030387e-02 1.313131313131313260e-01 1.010101010101010187e-02 0.000000000000000000e+00 0.000000000000000000e+00 0.000000000000000000e+00 1.000000000000000000e+00 0.000000000000000000e+00 0.000000000000000000e+00 8.585858585858585634e-01 6.060606060606060774e-02 0.000000000000000000e+00 0.000000000000000000e+00 1.212121212121212155e-01 0.000000000000000000e+00 4.040404040404040747e-02 0.000000000000000000e+00
0.000000000000000000e+00 0.000000000000000000e+00 1.315789473684210453e-02 1.381578947368421184e-01 1.973684210526315680e-02 0.000000000000000000e+00 0.000000000000000000e+00 0.000000000000000000e+00 6.578947368421052266e-03 0.000000000000000000e+00 0.000000000000000000e+00 1.000000000000000000e+00 1.315789473684210453e-02 0.000000000000000000e+00 0.000000000000000000e+00 0.000000000000000000e+00 0.000000000000000000e+00 0.000000000000000000e+00 0.000000000000000000e+00
0.000000000000000000e+00 0.000000000000000000e+00 0.000000000000000000e+00 0.000000000000000000e+00 0.000000000000000000e+00 0.000000000000000000e+00 0.000000000000000000e+00 0.000000000000000000e+00 0.000000000000000000e+00 0.000000000000000000e+00 0.000000000000000000e+00 0.000000000000000000e+00 0.000000000000000000e+00 0.000000000000000000e+00 0.000000000000000000e+00 0.000000000000000000e+00 0.000000000000000000e+00 0.000000000000000000e+00 0.000000000000000000e+00
0.000000000000000000e+00 0.000000000000000000e+00 0.000000000000000000e+00 0.000000000000000000e+00 0.000000000000000000e+00 0.000000000000000000e+00 0.000000000000000000e+00 0.000000000000000000e+00 0.000000000000000000e+00 5.999999999999999778e-01 1.000000000000000000e+00 0.000000000000000000e+00 0.000000000000000000e+00 0.000000000000000000e+00 0.000000000000000000e+00 0.000000000000000000e+00 0.000000000000000000e+00 0.000000000000000000e+00 0.000000000000000000e+00
1.573948439620081463e-01 4.450474898236091992e-01 0.000000000000000000e+00 0.000000000000000000e+00 0.000000000000000000e+00 0.000000000000000000e+00 0.000000000000000000e+00 0.000000000000000000e+00 0.000000000000000000e+00 0.000000000000000000e+00 0.000000000000000000e+00 0.000000000000000000e+00 0.000000000000000000e+00 7.327001356852103076e-02 0.000000000000000000e+00 1.000000000000000000e+00 3.690637720488466611e-01 0.000000000000000000e+00 4.884667571234735384e-02
0.000000000000000000e+00 0.000000000000000000e+00 0.000000000000000000e+00 0.000000000000000000e+00 0.000000000000000000e+00 0.000000000000000000e+00 0.000000000000000000e+00 0.000000000000000000e+00 0.000000000000000000e+00 0.000000000000000000e+00 0.000000000000000000e+00 0.000000000000000000e+00 0.000000000000000000e+00 0.000000000000000000e+00 1.000000000000000000e+00 0.000000000000000000e+00 0.000000000000000000e+00 0.000000000000000000e+00 0.000000000000000000e+00
0.000000000000000000e+00 0.000000000000000000e+00 0.000000000000000000e+00 0.000000000000000000e+00 0.000000000000000000e+00 0.000000000000000000e+00 0.000000000000000000e+00 0.000000000000000000e+00 0.000000000000000000e+00 0.000000000000000000e+00 0.000000000000000000e+00 0.000000000000000000e+00 1.000000000000000000e+00 0.000000000000000000e+00 0.000000000000000000e+00 0.000000000000000000e+00 0.000000000000000000e+00 0.000000000000000000e+00 0.000000000000000000e+00
0.000000000000000000e+00 9.828009828009827767e-03 2.002457002457002366e-01 1.000000000000000000e+00 2.039312039312039249e-01 8.599508599508599860e-02 0.000000000000000000e+00 0.000000000000000000e+00 1.855036855036855115e-01 0.000000000000000000e+00 0.000000000000000000e+00 0.000000000000000000e+00 5.896805896805897007e-02 0.000000000000000000e+00 0.000000000000000000e+00 1.351351351351351426e-02 2.457002457002456942e-03 3.550368550368550591e-01 1.228501228501228471e-03
0.000000000000000000e+00 1.041666666666666609e-02 1.041666666666666609e-02 1.180555555555555525e-01 1.215277777777777762e-01 0.000000000000000000e+00 0.000000000000000000e+00 0.000000000000000000e+00 0.000000000000000000e+00 0.000000000000000000e+00 0.000000000000000000e+00 1.000000000000000000e+00 1.736111111111111188e-02 0.000000000000000000e+00 0.000000000000000000e+00 0.000000000000000000e+00 0.000000000000000000e+00 0.000000000000000000e+00 0.000000000000000000e+00
3.252032520325203596e-02 5.691056910569105426e-02 0.000000000000000000e+00 0.000000000000000000e+00 0.000000000000000000e+00 0.000000000000000000e+00 0.000000000000000000e+00 0.000000000000000000e+00 1.000000000000000000e+00 0.000000000000000000e+00 0.000000000000000000e+00 0.000000000000000000e+00 0.000000000000000000e+00 0.000000000000000000e+00 0.000000000000000000e+00 9.756097560975610095e-02 0.000000000000000000e+00 0.000000000000000000e+00 8.130081300813008990e-03
0.000000000000000000e+00 0.000000000000000000e+00 0.000000000000000000e+00 0.000000000000000000e+00 0.000000000000000000e+00 0.000000000000000000e+00 0.000000000000000000e+00 0.000000000000000000e+00 0.000000000000000000e+00 0.000000000000000000e+00 0.000000000000000000e+00 0.000000000000000000e+00 1.000000000000000000e+00 0.000000000000000000e+00 0.000000000000000000e+00 0.000000000000000000e+00 0.000000000000000000e+00 0.000000000000000000e+00 0.000000000000000000e+00
1.224489795918367284e-02 5.170068027210884126e-02 0.000000000000000000e+00 0.000000000000000000e+00 0.000000000000000000e+00 0.000000000000000000e+00 0.000000000000000000e+00 0.000000000000000000e+00 1.000000000000000000e+00 0.000000000000000000e+00 0.000000000000000000e+00 0.000000000000000000e+00 0.000000000000000000e+00 1.360544217687074779e-02 0.000000000000000000e+00 5.605442176870748527e-01 1.768707482993197438e-02 0.000000000000000000e+00 4.081632653061224858e-03
0.000000000000000000e+00 2.923976608187134341e-03 0.000000000000000000e+00 0.000000000000000000e+00 0.000000000000000000e+00 0.000000000000000000e+00 0.000000000000000000e+00 0.000000000000000000e+00 7.748538011695906835e-01 0.000000000000000000e+00 0.000000000000000000e+00 0.000000000000000000e+00 0.000000000000000000e+00 2.339181286549707472e-01 0.000000000000000000e+00 3.508771929824561209e-02 1.000000000000000000e+00 0.000000000000000000e+00 5.847953216374268681e-03
0.000000000000000000e+00 0.000000000000000000e+00 0.000000000000000000e+00 6.073752711496745865e-02 0.000000000000000000e+00 2.104121475054230028e-01 0.000000000000000000e+00 0.000000000000000000e+00 4.338394793926247418e-03 0.000000000000000000e+00 0.000000000000000000e+00 6.312364425162689807e-01 2.169197396963123709e-03 0.000000000000000000e+00 0.000000000000000000e+00 0.000000000000000000e+00 2.169197396963123709e-03 1.000000000000000000e+00 0.000000000000000000e+00
0.000000000000000000e+00 1.000000000000000000e+00 0.000000000000000000e+00 0.000000000000000000e+00 0.000000000000000000e+00 0.000000000000000000e+00 0.000000000000000000e+00 0.000000000000000000e+00 7.391304347826086474e-01 8.695652173913043237e-02 8.695652173913043237e-02 0.000000000000000000e+00 0.000000000000000000e+00 0.000000000000000000e+00 0.000000000000000000e+00 1.739130434782608647e-01 1.304347826086956486e-01 0.000000000000000000e+00 0.000000000000000000e+00
