1.000000000000000000e+00 0.000000000000000000e+00 0.000000000000000000e+00 0.000000000000000000e+00 8.125000000000000000e-01 0.000000000000000000e+00 2.083333333333333218e-02 7.291666666666666297e-01 0.000000000000000000e+00 4.166666666666666435e-02 0.000000000000000000e+00 0.000000000000000000e+00 8.333333333333332871e-02
0.000000000000000000e+00 3.428571428571428603e-01 1.714285714285714302e-01 0.000000000000000000e+00 0.000000000000000000e+00 0.000000000000000000e+00 1.000000000000000000e+00 0.000000000000000000e+00 0.000000000000000000e+00 3.809523809523809867e-02 2.857142857142857054e-02 3.809523809523809867e-02 0.000000000000000000e+00
0.000000000000000000e+00 0.000000000000000000e+00 0.000000000000000000e+00 0.000000000000000000e+00 0.000000000000000000e+00 0.000000000000000000e+00 0.000000000000000000e+00 0.000000000000000000e+00 1.000000000000000000e+00 0.000000000000000000e+00 0.000000000000000000e+00 0.000000000000000000e+00 0.000000000000000000e+00
6.571428571428571397e-01 0.000000000000000000e+00 0.000000000000000000e+00 0.000000000000000000e+00 4.142857142857143127e-01 0.000000000000000000e+00 4.285714285714285754e-02 1.000000000000000000e+00 0.000000000000000000e+00 1.428571428571428527e-02 0.000000000000000000e+00 0.000000000000000000e+00 7.142857142857142461e-02
0.000000000000000000e+00 0.000000000000000000e+00 0.000000000000000000e+00 7.964601769911504314e-02 0.000000000000000000e+00 0.000000000000000000e+00 7.964601769911504314e-02 1.000000000000000000e+00 0.000000000000000000e+00 0.000000000000000000e+00 0.000000000000000000e+00 8.849557522123893682e-03 2.654867256637168105e-02
0.000000000000000000e+00 0.000000000000000000e+00 0.000000000000000000e+00 0.000000000000000000e+00 0.000000000000000000e+00 0.000000000000000000e+00 0.000000000000000000e+00 0.000000000000000000e+00 0.000000000000000000e+00 0.000000000000000000e+00 0.000000000000000000e+00 0.000000000000000000e+00 0.000000000000000000e+00
0.000000000000000000e+00 1.000000000000000000e+00 8.956521739130435256e-01 0.000000000000000000e+00 0.000000000000000000e+00 0.000000000000000000e+00 0.000000000000000000e+00 0.000000000000000000e+00 0.000000000000000000e+00 4.695652173913043570e-01 3.043478260869565410e-01 6.782608695652173614e-01 0.000000000000000000e+00
2.598425196850393526e-01 3.149606299212598381e-02 0.000000000000000000e+00 1.000000000000000000e+00 4.881889763779527769e-01 0.000000000000000000e+00 6.929133858267716439e-01 0.000000000000000000e+00 0.000000000000000000e+00 1.574803149606299191e-02 3.937007874015747977e-02 3.937007874015747977e-02 9.763779527559055538e-01
0.000000000000000000e+00 0.000000000000000000e+00 0.000000000000000000e+00 9.900990099009901457e-02 0.000000000000000000e+00 0.000000000000000000e+00 0.000000000000000000e+00 1.000000000000000000e+00 0.000000000000000000e+00 0.000000000000000000e+00 0.000000000000000000e+00 0.000000000000000000e+00 1.683168316831683275e-01
0.000000000000000000e+00 7.216494845360824084e-02 7.216494845360824084e-02 0.000000000000000000e+00 0.000000000000000000e+00 0.000000000000000000e+00 1.000000000000000000e+00 0.000000000000000000e+00 0.000000000000000000e+00 0.000000000000000000e+00 0.000000000000000000e+00 5.154639175257731687e-02 0.000000000000000000e+00
0.000000000000000000e+00 5.555555555555555247e-02 0.000000000000000000e+00 0.000000000000000000e+00 0.000000000000000000e+00 0.000000000000000000e+00 1.000000000000000000e+00 0.000000000000000000e+00 0.000000000000000000e+00 9.722222222222222099e-01 9.166666666666666297e-01 0.000000000000000000e+00 0.000000000000000000e+00
0.000000000000000000e+00 9.523809523809523281e-02 0.000000000000000000e+00 0.000000000000000000e+00 0.000000000000000000e+00 0.000000000000000000e+00 1.000000000000000000e+00 0.000000000000000000e+00 0.000000000000000000e+00 4.285714285714285476e-01 7.142857142857143016e-01 0.000000000000000000e+00 0.000000000000000000e+00
1.526717557251908337e-02 1.526717557251908337e-02 0.000000000000000000e+00 6.106870229007633349e-02 3.816793893129771104e-02 0.000000000000000000e+00 3.053435114503816675e-02 1.000000000000000000e+00 0.000000000000000000e+00 0.000000000000000000e+00 0.000000000000000000e+00 7.633587786259541687e-03 3.740458015267175695e-01
