0.000000000000000000e+00 0.000000000000000000e+00 0.000000000000000000e+00 0.000000000000000000e+00 0.000000000000000000e+00 0.000000000000000000e+00 0.000000000000000000e+00 0.000000000000000000e+00 0.000000000000000000e+00 0.000000000000000000e+00 0.000000000000000000e+00 0.000000000000000000e+00 0.000000000000000000e+00 0.000000000000000000e+00 0.000000000000000000e+00 0.000000000000000000e+00 0.000000000000000000e+00 0.000000000000000000e+00 0.000000000000000000e+00 0.000000000000000000e+00
0.000000000000000000e+00 0.000000000000000000e+00 0.000000000000000000e+00 0.000000000000000000e+00 0.000000000000000000e+00 4.347826086956521618e-02 9.316770186335403270e-02 0.000000000000000000e+00 6.211180124223602064e-03 0.000000000000000000e+00 6.211180124223602064e-03 2.484472049689440826e-02 0.000000000000000000e+00 1.000000000000000000e+00 2.484472049689440826e-02 0.000000000000000000e+00 2.484472049689440964e-01 0.000000000000000000e+00 0.000000000000000000e+00 0.000000000000000000e+00
0.000000000000000000e+00 0.000000000000000000e+00 0.000000000000000000e+00 0.000000000000000000e+00 2.076923076923077038e-01 0.000000000000000000e+00 0.000000000000000000e+00 1.153846153846153910e-01 0.000000000000000000e+00 0.000000000000000000e+00 0.000000000000000000e+00 0.000000000000000000e+00 1.000000000000000000e+00 0.000000000000000000e+00 0.000000000000000000e+00 4.615384615384615641e-02 0.000000000000000000e+00 3.846153846153846367e-02 0.000000000000000000e+00 7.692307692307692735e-03
0.000000000000000000e+00 0.000000000000000000e+00 0.000000000000000000e+00 1.000000000000000000e+00 0.000000000000000000e+00 0.000000000000000000e+00 0.000000000000000000e+00 0.000000000000000000e+00 0.000000000000000000e+00 0.000000000000000000e+00 0.000000000000000000e+00 0.000000000000000000e+00 0.000000000000000000e+00 0.000000000000000000e+00 0.000000000000000000e+00 0.000000000000000000e+00 0.000000000000000000e+00 0.000000000000000000e+00 1.000000000000000000e+00 0.000000000000000000e+00
0.000000000000000000e+00 1.000000000000000000e+00 3.862660944206008917e-02 0.000000000000000000e+00 3.004291845493562221e-02 0.000000000000000000e+00 0.000000000000000000e+00 6.437768240343347270e-02 0.000000000000000000e+00 0.000000000000000000e+00 0.000000000000000000e+00 0.000000000000000000e+00 3.991416309012875696e-01 0.000000000000000000e+00 8.583690987124463767e-01 8.583690987124463490e-03 0.000000000000000000e+00 0.000000000000000000e+00 0.000000000000000000e+00 2.145922746781115872e-02
0.000000000000000000e+00 0.000000000000000000e+00 7.575757575757575968e-03 0.000000000000000000e+00 0.000000000000000000e+00 0.000000000000000000e+00 3.787878787878787984e-02 0.000000000000000000e+00 1.515151515151515194e-02 5.606060606060605522e-01 0.000000000000000000e+00 0.000000000000000000e+00 7.575757575757575968e-03 4.772727272727272929e-01 1.515151515151515194e-02 2.272727272727272790e-02 0.000000000000000000e+00 0.000000000000000000e+00 1.000000000000000000e+00 0.000000000000000000e+00
0.000000000000000000e+00 0.000000000000000000e+00 0.000000000000000000e+00 0.000000000000000000e+00 2.515723270440251708e-02 1.194968553459119509e-01 0.000000000000000000e+00 0.000000000000000000e+00 1.383647798742138335e-01 3.144654088050314461e-02 0.000000000000000000e+00 0.000000000000000000e+00 1.132075471698113234e-01 1.000000000000000000e+00 4.402515723270439968e-02 0.000000000000000000e+00 0.000000000000000000e+00 0.000000000000000000e+00 1.257861635220125854e-02 1.257861635220125854e-02
0.000000000000000000e+00 0.000000000000000000e+00 5.633802816901408578e-02 0.000000000000000000e+00 0.000000000000000000e+00 0.000000000000000000e+00 0.000000000000000000e+00 0.000000000000000000e+00 0.000000000000000000e+00 0.000000000000000000e+00 0.000000000000000000e+00 0.000000000000000000e+00 6.056338028169013787e-01 0.000000000000000000e+00 0.000000000000000000e+00 6.901408450704225039e-01 0.000000000000000000e+00 1.000000000000000000e+00 0.000000000000000000e+00 1.408450704225352144e-02
0.000000000000000000e+00 0.000000000000000000e+00 1.220930232558139483e-01 0.000000000000000000e+00 5.813953488372092943e-03 4.651162790697674354e-02 5.232558139534883995e-02 1.395348837209302306e-01 1.744186046511627883e-02 0.000000000000000000e+00 0.000000000000000000e+00 0.000000000000000000e+00 1.000000000000000000e+00 4.651162790697674354e-01 1.744186046511627883e-02 0.000000000000000000e+00 0.000000000000000000e+00 0.000000000000000000e+00 5.813953488372092943e-03 2.906976744186046471e-02
0.000000000000000000e+00 0.000000000000000000e+00 0.000000000000000000e+00 0.000000000000000000e+00 5.294117647058823456e-02 1.647058823529411742e-01 1.294117647058823650e-01 0.000000000000000000e+00 1.647058823529411742e-01 0.000000000000000000e+00 0.000000000000000000e+00 0.000000000000000000e+00 8.235294117647058709e-02 1.000000000000000000e+00 4.705882352941176405e-02 0.000000000000000000e+00 0.000000000000000000e+00 0.000000000000000000e+00 0.000000000000000000e+00 0.000000000000000000e+00
0.000000000000000000e+00 0.000000000000000000e+00 0.000000000000000000e+00 0.000000000000000000e+00 0.000000000000000000e+00 0.000000000000000000e+00 0.000000000000000000e+00 0.000000000000000000e+00 0.000000000000000000e+00 0.000000000000000000e+00 0.000000000000000000e+00 0.000000000000000000e+00 0.000000000000000000e+00 0.000000000000000000e+00 0.000000000000000000e+00 0.000000000000000000e+00 1.000000000000000000e+00 0.000000000000000000e+00 0.000000000000000000e+00 0.000000000000000000e+00
0.000000000000000000e+00 0.000000000000000000e+00 0.000000000000000000e+00 3.333333333333333148e-01 0.000000000000000000e+00 0.000000000000000000e+00 0.000000000000000000e+00 0.000000000000000000e+00 0.000000000000000000e+00 1.000000000000000000e+00 0.000000000000000000e+00 0.000000000000000000e+00 0.000000000000000000e+00 0.000000000000000000e+00 0.000000000000000000e+00 0.000000000000000000e+00 0.000000000000000000e+00 0.000000000000000000e+00 0.000000000000000000e+00 0.000000000000000000e+00
0.000000000000000000e+00 0.000000000000000000e+00 2.836538461538461453e-01 0.000000000000000000e+00 1.000000000000000000e+00 0.000000000000000000e+00 0.000000000000000000e+00 1.995192307692307820e-01 0.000000000000000000e+00 0.000000000000000000e+00 0.000000000000000000e+00 0.000000000000000000e+00 0.000000000000000000e+00 0.000000000000000000e+00 0.000000000000000000e+00 1.081730769230769273e-01 0.000000000000000000e+00 5.288461538461538408e-02 0.000000000000000000e+00 4.326923076923076816e-02
0.000000000000000000e+00 0.000000000000000000e+00 5.454545454545454281e-02 0.000000000000000000e+00 1.318181818181818066e-01 8.818181818181818343e-01 7.681818181818181879e-01 5.909090909090908977e-02 1.000000000000000000e+00 2.454545454545454530e-01 0.000000000000000000e+00 0.000000000000000000e+00 4.090909090909091161e-01 0.000000000000000000e+00 2.363636363636363591e-01 9.090909090909090468e-03 0.000000000000000000e+00 9.090909090909090468e-03 2.727272727272727071e-01 9.090909090909090468e-03
0.000000000000000000e+00 0.000000000000000000e+00 0.000000000000000000e+00 0.000000000000000000e+00 2.116402116402116285e-02 1.216931216931216864e-01 5.820105820105819783e-02 5.291005291005290712e-03 2.645502645502645356e-01 0.000000000000000000e+00 0.000000000000000000e+00 0.000000000000000000e+00 0.000000000000000000e+00 1.000000000000000000e+00 0.000000000000000000e+00 0.000000000000000000e+00 0.000000000000000000e+00 0.000000000000000000e+00 0.000000000000000000e+00 0.000000000000000000e+00
0.000000000000000000e+00 0.000000000000000000e+00 1.363636363636363535e-01 0.000000000000000000e+00 3.545454545454545525e-01 0.000000000000000000e+00 0.000000000000000000e+00 1.454545454545454475e-01 0.000000000000000000e+00 0.000000000000000000e+00 0.000000000000000000e+00 0.000000000000000000e+00 1.000000000000000000e+00 0.000000000000000000e+00 0.000000000000000000e+00 0.000000000000000000e+00 0.000000000000000000e+00 0.000000000000000000e+00 0.000000000000000000e+00 2.727272727272727140e-02
0.000000000000000000e+00 0.000000000000000000e+00 0.000000000000000000e+00 0.000000000000000000e+00 0.000000000000000000e+00 1.250000000000000000e-01 1.250000000000000000e-01 0.000000000000000000e+00 0.000000000000000000e+00 0.000000000000000000e+00 0.000000000000000000e+00 0.000000000000000000e+00 0.000000000000000000e+00 1.000000000000000000e+00 3.125000000000000000e-02 0.000000000000000000e+00 0.000000000000000000e+00 0.000000000000000000e+00 0.000000000000000000e+00 0.000000000000000000e+00
0.000000000000000000e+00 0.000000000000000000e+00 2.702702702702702853e-02 0.000000000000000000e+00 0.000000000000000000e+00 0.000000000000000000e+00 0.000000000000000000e+00 0.000000000000000000e+00 0.000000000000000000e+00 0.000000000000000000e+00 0.000000000000000000e+00 0.000000000000000000e+00 2.072072072072072002e-01 0.000000000000000000e+00 0.000000000000000000e+00 6.756756756756756577e-01 0.000000000000000000e+00 1.000000000000000000e+00 0.000000000000000000e+00 9.009009009009008931e-03
0.000000000000000000e+00 0.000000000000000000e+00 0.000000000000000000e+00 0.000000000000000000e+00 0.000000000000000000e+00 0.000000000000000000e+00 1.006711409395973089e-02 0.000000000000000000e+00 3.355704697986577108e-03 4.798657718120805105e-01 0.000000000000000000e+00 0.000000000000000000e+00 3.355704697986577108e-03 1.510067114093959773e-01 0.000000000000000000e+00 3.355704697986577108e-03 0.000000000000000000e+00 6.711409395973154217e-03 1.000000000000000000e+00 0.000000000000000000e+00
0.000000000000000000e+00 0.000000000000000000e+00 3.448275862068965469e-02 0.000000000000000000e+00 1.000000000000000000e+00 0.000000000000000000e+00 0.000000000000000000e+00 3.448275862068965469e-02 0.000000000000000000e+00 0.000000000000000000e+00 0.000000000000000000e+00 0.000000000000000000e+00 2.413793103448275967e-01 0.000000000000000000e+00 0.000000000000000000e+00 0.000000000000000000e+00 0.000000000000000000e+00 0.000000000000000000e+00 0.000000000000000000e+00 0.000000000000000000e+00
