0.000000000000000000e+00 0.000000000000000000e+00 0.000000000000000000e+00 0.000000000000000000e+00 0.000000000000000000e+00 0.000000000000000000e+00 0.000000000000000000e+00 0.000000000000000000e+00 0.000000000000000000e+00 7.142857142857142461e-02 7.142857142857142461e-02 0.000000000000000000e+00 7.142857142857142461e-02 0.000000000000000000e+00 1.000000000000000000e+00 0.000000000000000000e+00 0.000000000000000000e+00 0.000000000000000000e+00
0.000000000000000000e+00 0.000000000000000000e+00 0.000000000000000000e+00 0.000000000000000000e+00 0.000000000000000000e+00 0.000000000000000000e+00 0.000000000000000000e+00 0.000000000000000000e+00 0.000000000000000000e+00 0.000000000000000000e+00 0.000000000000000000e+00 0.000000000000000000e+00 0.000000000000000000e+00 0.000000000000000000e+00 0.000000000000000000e+00 0.000000000000000000e+00 0.000000000000000000e+00 0.000000000000000000e+00
0.000000000000000000e+00 0.000000000000000000e+00 0.000000000000000000e+00 0.000000000000000000e+00 0.000000000000000000e+00 0.000000000000000000e+00 0.000000000000000000e+00 0.000000000000000000e+00 0.000000000000000000e+00 1.032863849765258274e-01 3.286384976525821844e-02 0.000000000000000000e+00 1.408450704225352144e-02 0.000000000000000000e+00 1.000000000000000000e+00 0.000000000000000000e+00 0.000000000000000000e+00 9.389671361502347630e-03
5.454545454545454142e-01 0.000000000000000000e+00 0.000000000000000000e+00 5.454545454545454142e-01 0.000000000000000000e+00 0.000000000000000000e+00 0.000000000000000000e+00 0.000000000000000000e+00 0.000000000000000000e+00 9.090909090909091161e-02 0.000000000000000000e+00 0.000000000000000000e+00 0.000000000000000000e+00 0.000000000000000000e+00 1.000000000000000000e+00 0.000000000000000000e+00 9.090909090909091161e-02 9.090909090909091161e-02
0.000000000000000000e+00 0.000000000000000000e+00 1.000000000000000000e+00 0.000000000000000000e+00 0.000000000000000000e+00 0.000000000000000000e+00 0.000000000000000000e+00 0.000000000000000000e+00 0.000000000000000000e+00 0.000000000000000000e+00 0.000000000000000000e+00 0.000000000000000000e+00 0.000000000000000000e+00 0.000000000000000000e+00 0.000000000000000000e+00 0.000000000000000000e+00 0.000000000000000000e+00 0.000000000000000000e+00
0.000000000000000000e+00 0.000000000000000000e+00 0.000000000000000000e+00 0.000000000000000000e+00 0.000000000000000000e+00 0.000000000000000000e+00 0.000000000000000000e+00 0.000000000000000000e+00 2.500000000000000000e-01 0.000000000000000000e+00 0.000000000000000000e+00 6.410256410256410034e-03 1.000000000000000000e+00 6.410256410256410034e-03 0.000000000000000000e+00 6.410256410256410034e-03 4.038461538461538547e-01 1.025641025641025605e-01
0.000000000000000000e+00 0.000000000000000000e+00 0.000000000000000000e+00 0.000000000000000000e+00 0.000000000000000000e+00 0.000000000000000000e+00 0.000000000000000000e+00 7.216494845360824084e-02 0.000000000000000000e+00 0.000000000000000000e+00 0.000000000000000000e+00 1.000000000000000000e+00 0.000000000000000000e+00 1.237113402061855716e-01 0.000000000000000000e+00 2.577319587628865705e-01 0.000000000000000000e+00 0.000000000000000000e+00
0.000000000000000000e+00 0.000000000000000000e+00 0.000000000000000000e+00 0.000000000000000000e+00 4.572564612326043831e-02 0.000000000000000000e+00 1.192842942345924417e-02 6.063618290258449006e-01 0.000000000000000000e+00 0.000000000000000000e+00 0.000000000000000000e+00 1.000000000000000000e+00 0.000000000000000000e+00 1.590457256461232441e-02 0.000000000000000000e+00 7.952286282306162205e-03 0.000000000000000000e+00 0.000000000000000000e+00
0.000000000000000000e+00 0.000000000000000000e+00 0.000000000000000000e+00 0.000000000000000000e+00 0.000000000000000000e+00 5.579399141630901615e-02 0.000000000000000000e+00 4.291845493562231745e-03 0.000000000000000000e+00 0.000000000000000000e+00 0.000000000000000000e+00 2.145922746781115872e-02 1.000000000000000000e+00 0.000000000000000000e+00 0.000000000000000000e+00 0.000000000000000000e+00 0.000000000000000000e+00 7.725321888412017834e-02
0.000000000000000000e+00 0.000000000000000000e+00 0.000000000000000000e+00 1.503759398496240518e-02 0.000000000000000000e+00 0.000000000000000000e+00 0.000000000000000000e+00 0.000000000000000000e+00 0.000000000000000000e+00 7.518796992481202590e-01 7.518796992481202590e-03 0.000000000000000000e+00 5.263157894736841813e-02 0.000000000000000000e+00 1.000000000000000000e+00 0.000000000000000000e+00 0.000000000000000000e+00 3.759398496240601295e-02
1.666666666666666574e-01 0.000000000000000000e+00 0.000000000000000000e+00 3.750000000000000000e-01 0.000000000000000000e+00 0.000000000000000000e+00 0.000000000000000000e+00 0.000000000000000000e+00 4.166666666666666435e-02 4.166666666666666435e-02 0.000000000000000000e+00 0.000000000000000000e+00 1.250000000000000000e-01 0.000000000000000000e+00 1.000000000000000000e+00 0.000000000000000000e+00 0.000000000000000000e+00 4.166666666666666435e-02
0.000000000000000000e+00 0.000000000000000000e+00 0.000000000000000000e+00 0.000000000000000000e+00 4.314115308151093564e-01 0.000000000000000000e+00 2.465208747514910648e-01 1.000000000000000000e+00 0.000000000000000000e+00 0.000000000000000000e+00 0.000000000000000000e+00 0.000000000000000000e+00 0.000000000000000000e+00 2.326043737574552683e-01 0.000000000000000000e+00 1.610337972166998033e-01 0.000000000000000000e+00 0.000000000000000000e+00
0.000000000000000000e+00 0.000000000000000000e+00 0.000000000000000000e+00 0.000000000000000000e+00 0.000000000000000000e+00 4.050847457627118620e-01 1.525423728813559386e-02 2.033898305084745617e-02 2.694915254237288393e-01 0.000000000000000000e+00 0.000000000000000000e+00 3.288135593220338770e-01 0.000000000000000000e+00 3.389830508474576173e-03 0.000000000000000000e+00 3.389830508474576173e-03 2.000000000000000111e-01 1.000000000000000000e+00
0.000000000000000000e+00 0.000000000000000000e+00 0.000000000000000000e+00 0.000000000000000000e+00 3.896103896103896014e-02 0.000000000000000000e+00 1.298701298701298787e-02 9.090909090909091161e-02 0.000000000000000000e+00 0.000000000000000000e+00 0.000000000000000000e+00 1.000000000000000000e+00 0.000000000000000000e+00 0.000000000000000000e+00 0.000000000000000000e+00 0.000000000000000000e+00 0.000000000000000000e+00 0.000000000000000000e+00
3.517587939698492427e-02 0.000000000000000000e+00 0.000000000000000000e+00 4.522613065326633319e-02 0.000000000000000000e+00 1.507537688442210991e-02 0.000000000000000000e+00 0.000000000000000000e+00 5.025125628140703592e-03 6.180904522613065444e-01 1.708542713567839100e-01 0.000000000000000000e+00 1.000000000000000000e+00 0.000000000000000000e+00 0.000000000000000000e+00 0.000000000000000000e+00 1.507537688442210991e-02 8.040201005025125747e-02
0.000000000000000000e+00 0.000000000000000000e+00 0.000000000000000000e+00 0.000000000000000000e+00 0.000000000000000000e+00 0.000000000000000000e+00 0.000000000000000000e+00 8.219178082191780366e-02 0.000000000000000000e+00 0.000000000000000000e+00 0.000000000000000000e+00 1.000000000000000000e+00 0.000000000000000000e+00 4.931506849315068219e-01 0.000000000000000000e+00 6.301369863013698280e-01 0.000000000000000000e+00 0.000000000000000000e+00
0.000000000000000000e+00 0.000000000000000000e+00 0.000000000000000000e+00 0.000000000000000000e+00 0.000000000000000000e+00 0.000000000000000000e+00 0.000000000000000000e+00 0.000000000000000000e+00 5.294117647058823595e-01 0.000000000000000000e+00 0.000000000000000000e+00 8.403361344537814762e-03 1.000000000000000000e+00 0.000000000000000000e+00 0.000000000000000000e+00 1.680672268907562952e-02 5.966386554621848637e-01 7.563025210084033112e-02
0.000000000000000000e+00 0.000000000000000000e+00 0.000000000000000000e+00 0.000000000000000000e+00 1.655629139072847681e-03 3.642384105960264767e-02 0.000000000000000000e+00 1.655629139072847681e-03 1.158940397350993398e-02 0.000000000000000000e+00 0.000000000000000000e+00 2.317880794701986796e-02 1.000000000000000000e+00 0.000000000000000000e+00 0.000000000000000000e+00 0.000000000000000000e+00 1.490066225165562891e-02 6.059602649006622377e-01
