0.000000000000000000e+00 3.092783505154639290e-01 0.000000000000000000e+00 0.000000000000000000e+00 0.000000000000000000e+00 0.000000000000000000e+00 0.000000000000000000e+00 1.000000000000000000e+00 2.061855670103092744e-02 0.000000000000000000e+00 0.000000000000000000e+00 4.123711340206185488e-02 5.154639175257731687e-02 0.000000000000000000e+00 0.000000000000000000e+00
5.940594059405940319e-02 6.600660066006600046e-02 0.000000000000000000e+00 0.000000000000000000e+00 0.000000000000000000e+00 0.000000000000000000e+00 0.000000000000000000e+00 4.422442244224422669e-01 2.310231023102310086e-02 0.000000000000000000e+00 0.000000000000000000e+00 2.970297029702970160e-02 9.900990099009901110e-03 1.000000000000000000e+00 0.000000000000000000e+00
0.000000000000000000e+00 0.000000000000000000e+00 0.000000000000000000e+00 0.000000000000000000e+00 0.000000000000000000e+00 0.000000000000000000e+00 0.000000000000000000e+00 0.000000000000000000e+00 0.000000000000000000e+00 3.508771929824561209e-02 1.000000000000000000e+00 0.000000000000000000e+00 0.000000000000000000e+00 0.000000000000000000e+00 1.754385964912280604e-02
6.521739130434782428e-02 3.695652173913043237e-01 0.000000000000000000e+00 0.000000000000000000e+00 0.000000000000000000e+00 0.000000000000000000e+00 0.000000000000000000e+00 1.000000000000000000e+00 1.304347826086956486e-01 0.000000000000000000e+00 0.000000000000000000e+00 2.173913043478260809e-02 0.000000000000000000e+00 0.000000000000000000e+00 0.000000000000000000e+00
6.603773584905660299e-02 9.433962264150943036e-03 1.886792452830188607e-02 0.000000000000000000e+00 9.433962264150943036e-03 0.000000000000000000e+00 0.000000000000000000e+00 1.000000000000000000e+00 4.716981132075472039e-02 2.452830188679245293e-01 0.000000000000000000e+00 0.000000000000000000e+00 0.000000000000000000e+00 1.886792452830188607e-02 3.773584905660377214e-02
0.000000000000000000e+00 5.128205128205128027e-02 2.564102564102564014e-02 0.000000000000000000e+00 5.128205128205128027e-02 0.000000000000000000e+00 0.000000000000000000e+00 1.538461538461538547e-01 2.564102564102564014e-02 1.000000000000000000e+00 0.000000000000000000e+00 0.000000000000000000e+00 0.000000000000000000e+00 2.564102564102564014e-02 1.282051282051281937e-01
0.000000000000000000e+00 0.000000000000000000e+00 0.000000000000000000e+00 0.000000000000000000e+00 0.000000000000000000e+00 0.000000000000000000e+00 0.000000000000000000e+00 0.000000000000000000e+00 0.000000000000000000e+00 0.000000000000000000e+00 0.000000000000000000e+00 0.000000000000000000e+00 0.000000000000000000e+00 0.000000000000000000e+00 0.000000000000000000e+00
2.857142857142856984e-01 1.000000000000000000e+00 0.000000000000000000e+00 2.915451895043731732e-03 0.000000000000000000e+00 0.000000000000000000e+00 0.000000000000000000e+00 0.000000000000000000e+00 1.311953352769679171e-01 0.000000000000000000e+00 0.000000000000000000e+00 1.282798833819241979e-01 9.620991253644314845e-02 0.000000000000000000e+00 0.000000000000000000e+00
0.000000000000000000e+00 0.000000000000000000e+00 0.000000000000000000e+00 0.000000000000000000e+00 0.000000000000000000e+00 0.000000000000000000e+00 0.000000000000000000e+00 1.562500000000000000e-02 0.000000000000000000e+00 0.000000000000000000e+00 0.000000000000000000e+00 1.562500000000000000e-02 1.000000000000000000e+00 0.000000000000000000e+00 0.000000000000000000e+00
6.896551724137930939e-02 2.758620689655172376e-01 4.224137931034482873e-01 0.000000000000000000e+00 9.741379310344827624e-01 1.724137931034482735e-02 0.000000000000000000e+00 9.482758620689655249e-01 0.000000000000000000e+00 0.000000000000000000e+00 3.706896551724138122e-01 4.310344827586207184e-02 0.000000000000000000e+00 2.155172413793103314e-01 1.000000000000000000e+00
0.000000000000000000e+00 0.000000000000000000e+00 0.000000000000000000e+00 0.000000000000000000e+00 0.000000000000000000e+00 4.804270462633451755e-02 0.000000000000000000e+00 8.896797153024910577e-04 0.000000000000000000e+00 3.647686832740213575e-02 1.000000000000000000e+00 0.000000000000000000e+00 3.558718861209964231e-03 0.000000000000000000e+00 5.338078291814946780e-03
0.000000000000000000e+00 1.000000000000000000e+00 0.000000000000000000e+00 0.000000000000000000e+00 0.000000000000000000e+00 0.000000000000000000e+00 0.000000000000000000e+00 3.617021276595744905e-01 0.000000000000000000e+00 0.000000000000000000e+00 0.000000000000000000e+00 2.127659574468085055e-02 1.063829787234042562e-01 0.000000000000000000e+00 0.000000000000000000e+00
3.267973856209150426e-03 8.169934640522876065e-04 0.000000000000000000e+00 5.882352941176470507e-02 0.000000000000000000e+00 0.000000000000000000e+00 0.000000000000000000e+00 2.614379084967320341e-02 0.000000000000000000e+00 0.000000000000000000e+00 0.000000000000000000e+00 4.084967320261438141e-03 1.000000000000000000e+00 0.000000000000000000e+00 0.000000000000000000e+00
0.000000000000000000e+00 3.584229390681003581e-03 1.433691756272401432e-02 0.000000000000000000e+00 8.602150537634409289e-02 0.000000000000000000e+00 0.000000000000000000e+00 3.584229390681003581e-03 0.000000000000000000e+00 1.000000000000000000e+00 0.000000000000000000e+00 0.000000000000000000e+00 0.000000000000000000e+00 2.867383512544802865e-02 9.318996415770609831e-02
0.000000000000000000e+00 8.620689655172413673e-03 3.448275862068965469e-02 0.000000000000000000e+00 1.206896551724137984e-01 8.620689655172413673e-03 0.000000000000000000e+00 1.120689655172413812e-01 0.000000000000000000e+00 1.000000000000000000e+00 5.172413793103448204e-02 0.000000000000000000e+00 0.000000000000000000e+00 2.586206896551724102e-02 0.000000000000000000e+00
