3.037974683544303889e-01 9.704641350210969908e-02 0.000000000000000000e+00 0.000000000000000000e+00 0.000000000000000000e+00 0.000000000000000000e+00 0.000000000000000000e+00 1.000000000000000000e+00 0.000000000000000000e+00 0.000000000000000000e+00 0.000000000000000000e+00 4.219409282700421586e-03 1.687763713080168634e-02 3.797468354430379861e-02 1.687763713080168634e-02
9.118541033434649987e-03 2.127659574468085055e-02 0.000000000000000000e+00 0.000000000000000000e+00 0.000000000000000000e+00 0.000000000000000000e+00 0.000000000000000000e+00 1.550151975683890515e-01 0.000000000000000000e+00 0.000000000000000000e+00 1.000000000000000000e+00 3.039513677811550140e-03 3.039513677811550140e-03 0.000000000000000000e+00 6.079027355623100280e-03
0.000000000000000000e+00 0.000000000000000000e+00 0.000000000000000000e+00 3.571428571428571230e-02 1.785714285714285615e-02 9.821428571428571230e-02 0.000000000000000000e+00 1.785714285714285615e-02 5.892857142857143016e-01 1.000000000000000000e+00 1.785714285714285615e-02 0.000000000000000000e+00 8.928571428571428076e-03 0.000000000000000000e+00 0.000000000000000000e+00
0.000000000000000000e+00 2.610966057441253298e-03 4.438642297650130519e-02 3.472584856396866981e-01 6.005221932114882671e-02 3.133159268929503610e-02 0.000000000000000000e+00 3.655352480417754790e-02 1.000000000000000000e+00 3.394255874673629547e-02 1.305483028720626562e-02 0.000000000000000000e+00 0.000000000000000000e+00 2.610966057441253298e-03 2.610966057441253298e-03
3.409090909090908839e-02 0.000000000000000000e+00 5.113636363636363952e-02 7.386363636363636742e-02 2.840909090909090814e-02 1.136363636363636395e-02 0.000000000000000000e+00 5.284090909090909394e-01 1.000000000000000000e+00 2.272727272727272790e-02 3.977272727272727210e-02 0.000000000000000000e+00 0.000000000000000000e+00 1.136363636363636395e-02 1.136363636363636395e-02
0.000000000000000000e+00 0.000000000000000000e+00 3.571428571428571230e-02 1.214285714285714274e-01 7.857142857142856984e-02 0.000000000000000000e+00 0.000000000000000000e+00 4.285714285714285754e-02 1.000000000000000000e+00 0.000000000000000000e+00 2.142857142857142877e-02 0.000000000000000000e+00 0.000000000000000000e+00 7.142857142857142634e-03 0.000000000000000000e+00
0.000000000000000000e+00 0.000000000000000000e+00 0.000000000000000000e+00 0.000000000000000000e+00 0.000000000000000000e+00 0.000000000000000000e+00 0.000000000000000000e+00 0.000000000000000000e+00 0.000000000000000000e+00 0.000000000000000000e+00 0.000000000000000000e+00 0.000000000000000000e+00 0.000000000000000000e+00 0.000000000000000000e+00 0.000000000000000000e+00
7.658227848101265556e-01 1.000000000000000000e+00 0.000000000000000000e+00 0.000000000000000000e+00 0.000000000000000000e+00 0.000000000000000000e+00 0.000000000000000000e+00 0.000000000000000000e+00 0.000000000000000000e+00 0.000000000000000000e+00 0.000000000000000000e+00 1.202531645569620278e-01 3.196202531645569445e-01 3.196202531645569445e-01 9.493670886075949999e-02
3.359173126614987265e-02 1.550387596899224785e-02 4.108527131782945818e-01 1.000000000000000000e+00 5.839793281653746782e-01 1.369509043927648606e-01 0.000000000000000000e+00 4.186046511627907196e-01 0.000000000000000000e+00 3.901808785529715662e-01 1.653746770025839863e-01 2.583979328165374786e-03 5.167958656330749571e-03 1.808785529715762133e-02 5.167958656330749571e-03
0.000000000000000000e+00 0.000000000000000000e+00 0.000000000000000000e+00 6.470588235294118251e-02 8.823529411764705760e-03 3.088235294117647189e-01 0.000000000000000000e+00 2.941176470588235253e-03 4.264705882352941013e-01 1.000000000000000000e+00 1.764705882352941152e-02 2.941176470588235253e-03 8.823529411764705760e-03 0.000000000000000000e+00 0.000000000000000000e+00
0.000000000000000000e+00 3.095975232198142600e-03 3.095975232198142427e-02 8.359133126934983893e-02 1.517027863777089813e-01 0.000000000000000000e+00 0.000000000000000000e+00 3.095975232198142600e-03 1.000000000000000000e+00 1.857585139318885387e-02 1.857585139318885387e-02 0.000000000000000000e+00 0.000000000000000000e+00 0.000000000000000000e+00 0.000000000000000000e+00
6.956521739130434867e-02 1.565217391304347949e-01 0.000000000000000000e+00 0.000000000000000000e+00 0.000000000000000000e+00 0.000000000000000000e+00 0.000000000000000000e+00 1.000000000000000000e+00 0.000000000000000000e+00 0.000000000000000000e+00 0.000000000000000000e+00 0.000000000000000000e+00 0.000000000000000000e+00 8.695652173913043584e-03 0.000000000000000000e+00
2.564102564102564014e-02 0.000000000000000000e+00 0.000000000000000000e+00 0.000000000000000000e+00 0.000000000000000000e+00 0.000000000000000000e+00 0.000000000000000000e+00 3.888888888888888951e-01 0.000000000000000000e+00 0.000000000000000000e+00 0.000000000000000000e+00 4.059829059829059839e-01 1.000000000000000000e+00 0.000000000000000000e+00 0.000000000000000000e+00
0.000000000000000000e+00 0.000000000000000000e+00 0.000000000000000000e+00 0.000000000000000000e+00 0.000000000000000000e+00 0.000000000000000000e+00 0.000000000000000000e+00 4.749999999999999778e-01 0.000000000000000000e+00 0.000000000000000000e+00 0.000000000000000000e+00 6.250000000000000000e-02 1.000000000000000000e+00 0.000000000000000000e+00 0.000000000000000000e+00
0.000000000000000000e+00 1.000000000000000000e+00 0.000000000000000000e+00 0.000000000000000000e+00 0.000000000000000000e+00 0.000000000000000000e+00 0.000000000000000000e+00 7.391304347826086474e-01 0.000000000000000000e+00 0.000000000000000000e+00 0.000000000000000000e+00 0.000000000000000000e+00 0.000000000000000000e+00 4.347826086956521618e-02 4.347826086956521618e-02
