5.691056910569105565e-01 0.000000000000000000e+00 0.000000000000000000e+00 0.000000000000000000e+00 0.000000000000000000e+00 8.130081300813008990e-03 5.447154471544715104e-01 0.000000000000000000e+00 0.000000000000000000e+00 1.000000000000000000e+00 0.000000000000000000e+00 0.000000000000000000e+00 0.000000000000000000e+00 8.130081300813008990e-03 0.000000000000000000e+00 7.317073170731706877e-02
0.000000000000000000e+00 0.000000000000000000e+00 0.000000000000000000e+00 0.000000000000000000e+00 0.000000000000000000e+00 0.000000000000000000e+00 0.000000000000000000e+00 0.000000000000000000e+00 0.000000000000000000e+00 0.000000000000000000e+00 0.000000000000000000e+00 0.000000000000000000e+00 0.000000000000000000e+00 0.000000000000000000e+00 0.000000000000000000e+00 0.000000000000000000e+00
0.000000000000000000e+00 0.000000000000000000e+00 0.000000000000000000e+00 0.000000000000000000e+00 1.000000000000000056e-01 0.000000000000000000e+00 0.000000000000000000e+00 1.400000000000000133e-01 0.000000000000000000e+00 8.399999999999999689e-01 0.000000000000000000e+00 0.000000000000000000e+00 1.000000000000000000e+00 0.000000000000000000e+00 0.000000000000000000e+00 1.400000000000000133e-01
0.000000000000000000e+00 0.000000000000000000e+00 1.000000000000000000e+00 0.000000000000000000e+00 0.000000000000000000e+00 0.000000000000000000e+00 0.000000000000000000e+00 0.000000000000000000e+00 0.000000000000000000e+00 0.000000000000000000e+00 7.272727272727272929e-01 0.000000000000000000e+00 0.000000000000000000e+00 0.000000000000000000e+00 0.000000000000000000e+00 0.000000000000000000e+00
3.433734939759036098e-01 0.000000000000000000e+00 0.000000000000000000e+00 0.000000000000000000e+00 0.000000000000000000e+00 6.024096385542168988e-03 1.626506024096385505e-01 0.000000000000000000e+00 6.024096385542168988e-03 1.000000000000000000e+00 0.000000000000000000e+00 0.000000000000000000e+00 0.000000000000000000e+00 0.000000000000000000e+00 0.000000000000000000e+00 1.204819277108433728e-01
0.000000000000000000e+00 0.000000000000000000e+00 0.000000000000000000e+00 4.392764857881136659e-02 0.000000000000000000e+00 5.064599483204134112e-01 0.000000000000000000e+00 0.000000000000000000e+00 1.000000000000000000e+00 0.000000000000000000e+00 0.000000000000000000e+00 2.067183462532299829e-02 0.000000000000000000e+00 5.167958656330749571e-03 1.291989664082687263e-02 0.000000000000000000e+00
0.000000000000000000e+00 0.000000000000000000e+00 0.000000000000000000e+00 0.000000000000000000e+00 3.271028037383177239e-02 0.000000000000000000e+00 0.000000000000000000e+00 0.000000000000000000e+00 6.074766355140186896e-02 1.000000000000000000e+00 0.000000000000000000e+00 0.000000000000000000e+00 0.000000000000000000e+00 0.000000000000000000e+00 0.000000000000000000e+00 9.345794392523364136e-02
0.000000000000000000e+00 0.000000000000000000e+00 0.000000000000000000e+00 0.000000000000000000e+00 0.000000000000000000e+00 0.000000000000000000e+00 0.000000000000000000e+00 4.444444444444444198e-01 0.000000000000000000e+00 3.333333333333333148e-01 0.000000000000000000e+00 0.000000000000000000e+00 1.000000000000000000e+00 0.000000000000000000e+00 0.000000000000000000e+00 1.111111111111111049e-01
0.000000000000000000e+00 0.000000000000000000e+00 0.000000000000000000e+00 4.300254452926208781e-01 0.000000000000000000e+00 1.000000000000000000e+00 0.000000000000000000e+00 0.000000000000000000e+00 0.000000000000000000e+00 0.000000000000000000e+00 0.000000000000000000e+00 1.959287531806615801e-01 0.000000000000000000e+00 1.424936386768447805e-01 2.315521628498727613e-01 0.000000000000000000e+00
2.173913043478260809e-01 0.000000000000000000e+00 0.000000000000000000e+00 0.000000000000000000e+00 3.784219001610306110e-01 8.051529790660224770e-03 2.399355877616747290e-01 0.000000000000000000e+00 2.367149758454106245e-01 0.000000000000000000e+00 0.000000000000000000e+00 1.610305958132045084e-03 0.000000000000000000e+00 1.610305958132045084e-03 4.830917874396135035e-03 1.000000000000000000e+00
0.000000000000000000e+00 0.000000000000000000e+00 0.000000000000000000e+00 0.000000000000000000e+00 4.054054054054054279e-02 0.000000000000000000e+00 0.000000000000000000e+00 0.000000000000000000e+00 0.000000000000000000e+00 1.000000000000000000e+00 0.000000000000000000e+00 0.000000000000000000e+00 0.000000000000000000e+00 0.000000000000000000e+00 0.000000000000000000e+00 4.054054054054054279e-02
0.000000000000000000e+00 0.000000000000000000e+00 0.000000000000000000e+00 4.672897196261682068e-02 0.000000000000000000e+00 7.476635514018691031e-02 0.000000000000000000e+00 0.000000000000000000e+00 1.000000000000000000e+00 0.000000000000000000e+00 0.000000000000000000e+00 0.000000000000000000e+00 0.000000000000000000e+00 0.000000000000000000e+00 2.803738317757009310e-02 0.000000000000000000e+00
0.000000000000000000e+00 0.000000000000000000e+00 0.000000000000000000e+00 0.000000000000000000e+00 2.040816326530612082e-02 0.000000000000000000e+00 0.000000000000000000e+00 1.224489795918367319e-01 0.000000000000000000e+00 1.000000000000000000e+00 0.000000000000000000e+00 0.000000000000000000e+00 0.000000000000000000e+00 0.000000000000000000e+00 0.000000000000000000e+00 6.122448979591836593e-02
0.000000000000000000e+00 0.000000000000000000e+00 0.000000000000000000e+00 0.000000000000000000e+00 0.000000000000000000e+00 4.918032786885245811e-02 0.000000000000000000e+00 0.000000000000000000e+00 1.000000000000000000e+00 0.000000000000000000e+00 0.000000000000000000e+00 4.098360655737705027e-01 0.000000000000000000e+00 5.409836065573770947e-01 0.000000000000000000e+00 0.000000000000000000e+00
0.000000000000000000e+00 0.000000000000000000e+00 0.000000000000000000e+00 0.000000000000000000e+00 0.000000000000000000e+00 1.052631578947368363e-01 0.000000000000000000e+00 0.000000000000000000e+00 1.000000000000000000e+00 0.000000000000000000e+00 0.000000000000000000e+00 2.105263157894736725e-01 0.000000000000000000e+00 5.087719298245614308e-01 0.000000000000000000e+00 0.000000000000000000e+00
1.437699680511182049e-02 0.000000000000000000e+00 0.000000000000000000e+00 0.000000000000000000e+00 3.354632587859424780e-02 3.194888178913737886e-03 1.757188498402555837e-02 0.000000000000000000e+00 2.076677316293929626e-02 1.000000000000000000e+00 0.000000000000000000e+00 0.000000000000000000e+00 0.000000000000000000e+00 0.000000000000000000e+00 3.194888178913737886e-03 5.351437699680511306e-01
