0.000000000000000000e+00 0.000000000000000000e+00 0.000000000000000000e+00 0.000000000000000000e+00 0.000000000000000000e+00 1.021897810218978103e-01 3.649635036496350245e-03 0.000000000000000000e+00 1.000000000000000000e+00 3.649635036496350245e-03
1.000000000000000000e+00 0.000000000000000000e+00 1.320132013201320148e-02 0.000000000000000000e+00 0.000000000000000000e+00 0.000000000000000000e+00 1.056105610561056118e-01 0.000000000000000000e+00 0.000000000000000000e+00 0.000000000000000000e+00
0.000000000000000000e+00 5.857740585774058595e-02 5.962343096234309359e-01 0.000000000000000000e+00 0.000000000000000000e+00 0.000000000000000000e+00 1.000000000000000000e+00 0.000000000000000000e+00 0.000000000000000000e+00 0.000000000000000000e+00
0.000000000000000000e+00 1.052631578947368397e-02 6.315789473684210731e-02 0.000000000000000000e+00 0.000000000000000000e+00 0.000000000000000000e+00 1.000000000000000000e+00 9.473684210526315264e-01 0.000000000000000000e+00 1.263157894736842146e-01
0.000000000000000000e+00 0.000000000000000000e+00 0.000000000000000000e+00 0.000000000000000000e+00 0.000000000000000000e+00 0.000000000000000000e+00 0.000000000000000000e+00 0.000000000000000000e+00 0.000000000000000000e+00 0.000000000000000000e+00
0.000000000000000000e+00 0.000000000000000000e+00 0.000000000000000000e+00 0.000000000000000000e+00 0.000000000000000000e+00 6.284987277353689672e-01 0.000000000000000000e+00 5.089058524173027676e-02 1.000000000000000000e+00 2.290076335877862593e-02
0.000000000000000000e+00 6.416666666666667185e-01 1.000000000000000000e+00 0.000000000000000000e+00 0.000000000000000000e+00 0.000000000000000000e+00 0.000000000000000000e+00 0.000000000000000000e+00 0.000000000000000000e+00 0.000000000000000000e+00
0.000000000000000000e+00 4.297994269340974297e-03 1.432664756446991490e-02 2.707736389684813894e-01 0.000000000000000000e+00 0.000000000000000000e+00 2.464183381088825286e-01 0.000000000000000000e+00 0.000000000000000000e+00 1.000000000000000000e+00
0.000000000000000000e+00 0.000000000000000000e+00 0.000000000000000000e+00 0.000000000000000000e+00 0.000000000000000000e+00 1.000000000000000000e+00 0.000000000000000000e+00 6.548223350253806752e-01 0.000000000000000000e+00 3.807106598984771884e-02
0.000000000000000000e+00 0.000000000000000000e+00 8.522727272727272096e-03 2.130681818181818024e-02 0.000000000000000000e+00 0.000000000000000000e+00 1.420454545454545407e-02 1.000000000000000000e+00 0.000000000000000000e+00 6.264204545454545858e-01
