3.647416413373859995e-02 0.000000000000000000e+00 9.118541033434649987e-03 3.039513677811550140e-03 0.000000000000000000e+00 6.990881458966564932e-02 0.000000000000000000e+00 0.000000000000000000e+00 0.000000000000000000e+00 6.382978723404254817e-02 1.000000000000000000e+00 0.000000000000000000e+00 4.863221884498480224e-02 3.039513677811550140e-03 0.000000000000000000e+00
1.000000000000000000e+00 1.123595505617977497e-02 0.000000000000000000e+00 0.000000000000000000e+00 0.000000000000000000e+00 0.000000000000000000e+00 4.775280898876404362e-02 1.797752808988763995e-01 0.000000000000000000e+00 0.000000000000000000e+00 0.000000000000000000e+00 5.337078651685393110e-02 0.000000000000000000e+00 0.000000000000000000e+00 1.685393258426966245e-02
0.000000000000000000e+00 2.857142857142857054e-02 0.000000000000000000e+00 1.642857142857142849e-01 0.000000000000000000e+00 0.000000000000000000e+00 0.000000000000000000e+00 1.071428571428571369e-01 0.000000000000000000e+00 1.000000000000000000e+00 0.000000000000000000e+00 0.000000000000000000e+00 0.000000000000000000e+00 1.428571428571428527e-02 0.000000000000000000e+00
0.000000000000000000e+00 6.369426751592357008e-03 6.369426751592356661e-02 1.273885350318471402e-02 0.000000000000000000e+00 0.000000000000000000e+00 0.000000000000000000e+00 1.000000000000000000e+00 0.000000000000000000e+00 5.605095541401273751e-01 0.000000000000000000e+00 6.369426751592357008e-03 0.000000000000000000e+00 1.273885350318471402e-02 1.146496815286624227e-01
0.000000000000000000e+00 0.000000000000000000e+00 0.000000000000000000e+00 0.000000000000000000e+00 0.000000000000000000e+00 0.000000000000000000e+00 0.000000000000000000e+00 0.000000000000000000e+00 0.000000000000000000e+00 0.000000000000000000e+00 0.000000000000000000e+00 0.000000000000000000e+00 0.000000000000000000e+00 0.000000000000000000e+00 0.000000000000000000e+00
0.000000000000000000e+00 0.000000000000000000e+00 0.000000000000000000e+00 0.000000000000000000e+00 0.000000000000000000e+00 0.000000000000000000e+00 0.000000000000000000e+00 0.000000000000000000e+00 0.000000000000000000e+00 9.629629629629629095e-01 1.000000000000000000e+00 0.000000000000000000e+00 0.000000000000000000e+00 0.000000000000000000e+00 0.000000000000000000e+00
0.000000000000000000e+00 0.000000000000000000e+00 0.000000000000000000e+00 0.000000000000000000e+00 0.000000000000000000e+00 0.000000000000000000e+00 0.000000000000000000e+00 0.000000000000000000e+00 6.999999999999999556e-01 0.000000000000000000e+00 1.000000000000000000e+00 0.000000000000000000e+00 0.000000000000000000e+00 0.000000000000000000e+00 0.000000000000000000e+00
0.000000000000000000e+00 1.000000000000000000e+00 0.000000000000000000e+00 0.000000000000000000e+00 0.000000000000000000e+00 0.000000000000000000e+00 0.000000000000000000e+00 0.000000000000000000e+00 0.000000000000000000e+00 0.000000000000000000e+00 0.000000000000000000e+00 2.835051546391752567e-02 0.000000000000000000e+00 0.000000000000000000e+00 2.551546391752577136e-01
1.000000000000000000e+00 0.000000000000000000e+00 0.000000000000000000e+00 0.000000000000000000e+00 0.000000000000000000e+00 0.000000000000000000e+00 0.000000000000000000e+00 0.000000000000000000e+00 0.000000000000000000e+00 0.000000000000000000e+00 0.000000000000000000e+00 0.000000000000000000e+00 0.000000000000000000e+00 0.000000000000000000e+00 0.000000000000000000e+00
0.000000000000000000e+00 1.255605381165919299e-01 6.457399103139013219e-01 1.000000000000000000e+00 0.000000000000000000e+00 0.000000000000000000e+00 0.000000000000000000e+00 6.547085201793721998e-01 0.000000000000000000e+00 0.000000000000000000e+00 0.000000000000000000e+00 1.345291479820627870e-02 0.000000000000000000e+00 1.076233183856502296e-01 5.381165919282511478e-02
2.372881355932203451e-02 0.000000000000000000e+00 8.474576271186440302e-02 3.389830508474576173e-03 0.000000000000000000e+00 1.016949152542372947e-01 0.000000000000000000e+00 0.000000000000000000e+00 0.000000000000000000e+00 1.000000000000000000e+00 0.000000000000000000e+00 0.000000000000000000e+00 4.745762711864406902e-02 1.694915254237288130e-02 0.000000000000000000e+00
0.000000000000000000e+00 1.000000000000000000e+00 0.000000000000000000e+00 0.000000000000000000e+00 0.000000000000000000e+00 0.000000000000000000e+00 0.000000000000000000e+00 4.375000000000000000e-01 6.875000000000000000e-01 0.000000000000000000e+00 6.250000000000000000e-02 0.000000000000000000e+00 0.000000000000000000e+00 0.000000000000000000e+00 0.000000000000000000e+00
1.000000000000000000e+00 0.000000000000000000e+00 8.333333333333332871e-02 0.000000000000000000e+00 0.000000000000000000e+00 0.000000000000000000e+00 0.000000000000000000e+00 0.000000000000000000e+00 0.000000000000000000e+00 5.833333333333333703e-01 8.333333333333333703e-01 0.000000000000000000e+00 0.000000000000000000e+00 0.000000000000000000e+00 0.000000000000000000e+00
0.000000000000000000e+00 3.448275862068965469e-02 3.448275862068965469e-02 1.000000000000000000e+00 0.000000000000000000e+00 0.000000000000000000e+00 0.000000000000000000e+00 0.000000000000000000e+00 0.000000000000000000e+00 1.034482758620689641e-01 0.000000000000000000e+00 0.000000000000000000e+00 0.000000000000000000e+00 0.000000000000000000e+00 0.000000000000000000e+00
0.000000000000000000e+00 2.293577981651376274e-01 0.000000000000000000e+00 0.000000000000000000e+00 0.000000000000000000e+00 0.000000000000000000e+00 0.000000000000000000e+00 1.000000000000000000e+00 0.000000000000000000e+00 0.000000000000000000e+00 0.000000000000000000e+00 9.174311926605505096e-03 0.000000000000000000e+00 0.000000000000000000e+00 0.000000000000000000e+00
