4.273504273504273587e-02 0.000000000000000000e+00 0.000000000000000000e+00 0.000000000000000000e+00 1.709401709401709574e-02 0.000000000000000000e+00 0.000000000000000000e+00 0.000000000000000000e+00 0.000000000000000000e+00 0.000000000000000000e+00 1.000000000000000000e+00 0.000000000000000000e+00 0.000000000000000000e+00
0.000000000000000000e+00 6.528735632183908510e-01 3.678160919540229834e-02 0.000000000000000000e+00 0.000000000000000000e+00 0.000000000000000000e+00 0.000000000000000000e+00 1.000000000000000000e+00 0.000000000000000000e+00 0.000000000000000000e+00 0.000000000000000000e+00 0.000000000000000000e+00 3.448275862068965469e-03
3.216080402010050299e-01 1.005025125628140718e-02 3.517587939698492427e-02 0.000000000000000000e+00 0.000000000000000000e+00 0.000000000000000000e+00 1.000000000000000000e+00 1.909547738693467278e-01 5.025125628140703592e-03 0.000000000000000000e+00 0.000000000000000000e+00 1.557788944723618174e-01 4.673366834170854522e-01
0.000000000000000000e+00 8.221993833504625052e-03 0.000000000000000000e+00 7.245632065775950981e-01 0.000000000000000000e+00 0.000000000000000000e+00 0.000000000000000000e+00 2.569373072970195307e-02 0.000000000000000000e+00 1.000000000000000000e+00 0.000000000000000000e+00 4.110996916752312526e-03 0.000000000000000000e+00
0.000000000000000000e+00 0.000000000000000000e+00 0.000000000000000000e+00 1.052631578947368363e-01 0.000000000000000000e+00 0.000000000000000000e+00 0.000000000000000000e+00 2.631578947368420907e-02 0.000000000000000000e+00 1.000000000000000000e+00 0.000000000000000000e+00 7.894736842105263275e-01 0.000000000000000000e+00
0.000000000000000000e+00 0.000000000000000000e+00 0.000000000000000000e+00 0.000000000000000000e+00 0.000000000000000000e+00 0.000000000000000000e+00 0.000000000000000000e+00 0.000000000000000000e+00 0.000000000000000000e+00 0.000000000000000000e+00 0.000000000000000000e+00 0.000000000000000000e+00 0.000000000000000000e+00
0.000000000000000000e+00 0.000000000000000000e+00 0.000000000000000000e+00 0.000000000000000000e+00 0.000000000000000000e+00 0.000000000000000000e+00 3.870967741935484041e-02 0.000000000000000000e+00 1.000000000000000000e+00 0.000000000000000000e+00 0.000000000000000000e+00 0.000000000000000000e+00 0.000000000000000000e+00
0.000000000000000000e+00 1.000000000000000000e+00 3.463302752293577758e-01 0.000000000000000000e+00 0.000000000000000000e+00 0.000000000000000000e+00 0.000000000000000000e+00 0.000000000000000000e+00 0.000000000000000000e+00 0.000000000000000000e+00 0.000000000000000000e+00 0.000000000000000000e+00 4.357798165137614921e-02
1.000000000000000000e+00 0.000000000000000000e+00 0.000000000000000000e+00 0.000000000000000000e+00 0.000000000000000000e+00 0.000000000000000000e+00 7.254901960784313486e-01 0.000000000000000000e+00 7.843137254901960675e-02 0.000000000000000000e+00 0.000000000000000000e+00 3.594771241830065356e-01 0.000000000000000000e+00
0.000000000000000000e+00 1.745379876796714427e-02 0.000000000000000000e+00 1.000000000000000000e+00 2.566735112936344848e-02 0.000000000000000000e+00 0.000000000000000000e+00 2.566735112936344709e-01 0.000000000000000000e+00 0.000000000000000000e+00 0.000000000000000000e+00 3.696098562628336720e-02 2.053388090349076052e-03
6.635071090047393039e-01 0.000000000000000000e+00 0.000000000000000000e+00 0.000000000000000000e+00 0.000000000000000000e+00 0.000000000000000000e+00 0.000000000000000000e+00 0.000000000000000000e+00 0.000000000000000000e+00 0.000000000000000000e+00 7.109004739336492740e-02 1.000000000000000000e+00 0.000000000000000000e+00
0.000000000000000000e+00 0.000000000000000000e+00 0.000000000000000000e+00 1.092150170648464175e-01 1.433447098976109169e-01 0.000000000000000000e+00 0.000000000000000000e+00 3.412969283276450546e-03 0.000000000000000000e+00 1.000000000000000000e+00 0.000000000000000000e+00 1.365187713310580218e-02 0.000000000000000000e+00
0.000000000000000000e+00 6.382978723404254817e-02 1.000000000000000000e+00 0.000000000000000000e+00 0.000000000000000000e+00 0.000000000000000000e+00 0.000000000000000000e+00 2.872340425531915153e-01 9.574468085106382920e-02 0.000000000000000000e+00 0.000000000000000000e+00 0.000000000000000000e+00 3.191489361702127409e-02
