2.272727272727272652e-01 0.000000000000000000e+00 0.000000000000000000e+00 0.000000000000000000e+00 0.000000000000000000e+00 5.795454545454545858e-01 0.000000000000000000e+00 1.136363636363636395e-02 1.000000000000000000e+00 0.000000000000000000e+00 0.000000000000000000e+00 0.000000000000000000e+00 0.000000000000000000e+00 0.000000000000000000e+00 4.545454545454545581e-02
0.000000000000000000e+00 7.065326633165829318e-01 4.422110552763819369e-02 0.000000000000000000e+00 0.000000000000000000e+00 0.000000000000000000e+00 0.000000000000000000e+00 1.000000000000000000e+00 0.000000000000000000e+00 0.000000000000000000e+00 6.130653266331658607e-02 1.005025125628140805e-03 5.025125628140703592e-03 5.929648241206030013e-02 0.000000000000000000e+00
0.000000000000000000e+00 3.300330033003300023e-02 0.000000000000000000e+00 0.000000000000000000e+00 0.000000000000000000e+00 0.000000000000000000e+00 0.000000000000000000e+00 1.584158415841584178e-01 0.000000000000000000e+00 1.000000000000000000e+00 0.000000000000000000e+00 0.000000000000000000e+00 0.000000000000000000e+00 4.950495049504950729e-02 0.000000000000000000e+00
4.075546719681908542e-02 0.000000000000000000e+00 0.000000000000000000e+00 0.000000000000000000e+00 0.000000000000000000e+00 3.409542743538767628e-01 0.000000000000000000e+00 5.964214711729622087e-03 1.000000000000000000e+00 0.000000000000000000e+00 9.940357852882702756e-04 0.000000000000000000e+00 0.000000000000000000e+00 0.000000000000000000e+00 6.858846918489065747e-02
0.000000000000000000e+00 1.529411764705882470e-01 0.000000000000000000e+00 1.294117647058823650e-01 0.000000000000000000e+00 0.000000000000000000e+00 0.000000000000000000e+00 1.000000000000000000e+00 6.705882352941175961e-01 0.000000000000000000e+00 0.000000000000000000e+00 0.000000000000000000e+00 0.000000000000000000e+00 1.176470588235294101e-01 1.176470588235294101e-01
0.000000000000000000e+00 0.000000000000000000e+00 8.865248226950354395e-04 1.675531914893617080e-01 1.329787234042553203e-02 0.000000000000000000e+00 0.000000000000000000e+00 8.865248226950355262e-03 1.000000000000000000e+00 0.000000000000000000e+00 0.000000000000000000e+00 0.000000000000000000e+00 0.000000000000000000e+00 1.773049645390070879e-03 9.131205673758865937e-02
0.000000000000000000e+00 0.000000000000000000e+00 0.000000000000000000e+00 0.000000000000000000e+00 0.000000000000000000e+00 0.000000000000000000e+00 0.000000000000000000e+00 0.000000000000000000e+00 0.000000000000000000e+00 0.000000000000000000e+00 0.000000000000000000e+00 0.000000000000000000e+00 0.000000000000000000e+00 0.000000000000000000e+00 0.000000000000000000e+00
0.000000000000000000e+00 1.000000000000000000e+00 2.948979591836734526e-01 0.000000000000000000e+00 0.000000000000000000e+00 0.000000000000000000e+00 0.000000000000000000e+00 0.000000000000000000e+00 0.000000000000000000e+00 0.000000000000000000e+00 7.908163265306122902e-01 5.102040816326530205e-03 8.469387755102041060e-02 8.704081632653061229e-01 0.000000000000000000e+00
7.148175725986596896e-02 5.956813104988831035e-03 3.723008190618019506e-03 8.518242740134028823e-01 1.094564408041697745e-01 7.222635889798957320e-01 0.000000000000000000e+00 9.233060312732688235e-02 0.000000000000000000e+00 5.956813104988831035e-03 2.978406552494415518e-03 0.000000000000000000e+00 1.489203276247207759e-03 1.265822784810126563e-02 1.000000000000000000e+00
0.000000000000000000e+00 0.000000000000000000e+00 4.065040650406504495e-03 1.260162601626016177e-01 1.219512195121951262e-02 0.000000000000000000e+00 0.000000000000000000e+00 0.000000000000000000e+00 1.000000000000000000e+00 0.000000000000000000e+00 0.000000000000000000e+00 0.000000000000000000e+00 0.000000000000000000e+00 0.000000000000000000e+00 1.260162601626016177e-01
0.000000000000000000e+00 1.004566210045662045e-01 3.881278538812785173e-02 0.000000000000000000e+00 0.000000000000000000e+00 0.000000000000000000e+00 0.000000000000000000e+00 1.000000000000000000e+00 0.000000000000000000e+00 0.000000000000000000e+00 0.000000000000000000e+00 1.141552511415525051e-03 0.000000000000000000e+00 1.894977168949771584e-01 0.000000000000000000e+00
0.000000000000000000e+00 3.333333333333333148e-01 1.000000000000000000e+00 0.000000000000000000e+00 0.000000000000000000e+00 0.000000000000000000e+00 0.000000000000000000e+00 1.000000000000000000e+00 0.000000000000000000e+00 0.000000000000000000e+00 0.000000000000000000e+00 0.000000000000000000e+00 0.000000000000000000e+00 0.000000000000000000e+00 0.000000000000000000e+00
0.000000000000000000e+00 1.025641025641025605e-01 0.000000000000000000e+00 0.000000000000000000e+00 0.000000000000000000e+00 0.000000000000000000e+00 0.000000000000000000e+00 1.000000000000000000e+00 0.000000000000000000e+00 0.000000000000000000e+00 5.384615384615384359e-01 0.000000000000000000e+00 1.025641025641025605e-01 0.000000000000000000e+00 0.000000000000000000e+00
0.000000000000000000e+00 7.333333333333333370e-02 0.000000000000000000e+00 0.000000000000000000e+00 0.000000000000000000e+00 0.000000000000000000e+00 0.000000000000000000e+00 1.000000000000000000e+00 0.000000000000000000e+00 0.000000000000000000e+00 3.760000000000000009e-01 0.000000000000000000e+00 5.066666666666666541e-02 1.333333333333333289e-03 0.000000000000000000e+00
5.212211466865227481e-03 1.489203276247207759e-03 0.000000000000000000e+00 6.775874906924794772e-02 1.563663440059568158e-02 6.254653760238272631e-02 0.000000000000000000e+00 6.701414743112434590e-03 1.000000000000000000e+00 0.000000000000000000e+00 0.000000000000000000e+00 0.000000000000000000e+00 0.000000000000000000e+00 2.233804914370811530e-03 6.962025316455696666e-01
