2.459016393442622905e-02 0.000000000000000000e+00 0.000000000000000000e+00 0.000000000000000000e+00 1.639344262295082053e-02 0.000000000000000000e+00 0.000000000000000000e+00 0.000000000000000000e+00 0.000000000000000000e+00 0.000000000000000000e+00 1.000000000000000000e+00 0.000000000000000000e+00 0.000000000000000000e+00
0.000000000000000000e+00 6.170598911070780401e-01 3.085299455535390339e-02 0.000000000000000000e+00 0.000000000000000000e+00 0.000000000000000000e+00 0.000000000000000000e+00 1.000000000000000000e+00 0.000000000000000000e+00 0.000000000000000000e+00 0.000000000000000000e+00 0.000000000000000000e+00 6.352087114337568244e-03
4.887640449438201973e-01 6.741573033707864981e-02 1.011235955056179747e-01 0.000000000000000000e+00 0.000000000000000000e+00 0.000000000000000000e+00 1.000000000000000000e+00 3.089887640449437978e-01 0.000000000000000000e+00 0.000000000000000000e+00 0.000000000000000000e+00 1.685393258426966245e-01 4.831460674157303514e-01
0.000000000000000000e+00 4.484304932735425943e-03 0.000000000000000000e+00 5.571748878923766801e-01 1.121076233183856486e-03 0.000000000000000000e+00 0.000000000000000000e+00 1.793721973094170377e-02 0.000000000000000000e+00 1.000000000000000000e+00 0.000000000000000000e+00 6.726457399103139348e-03 0.000000000000000000e+00
0.000000000000000000e+00 0.000000000000000000e+00 0.000000000000000000e+00 1.351351351351351426e-01 2.702702702702702853e-02 0.000000000000000000e+00 0.000000000000000000e+00 2.702702702702702853e-02 0.000000000000000000e+00 6.756756756756756577e-01 0.000000000000000000e+00 1.000000000000000000e+00 0.000000000000000000e+00
0.000000000000000000e+00 0.000000000000000000e+00 0.000000000000000000e+00 0.000000000000000000e+00 0.000000000000000000e+00 0.000000000000000000e+00 0.000000000000000000e+00 0.000000000000000000e+00 0.000000000000000000e+00 0.000000000000000000e+00 0.000000000000000000e+00 0.000000000000000000e+00 0.000000000000000000e+00
0.000000000000000000e+00 0.000000000000000000e+00 0.000000000000000000e+00 0.000000000000000000e+00 0.000000000000000000e+00 0.000000000000000000e+00 4.044117647058823733e-02 0.000000000000000000e+00 1.000000000000000000e+00 0.000000000000000000e+00 0.000000000000000000e+00 0.000000000000000000e+00 0.000000000000000000e+00
0.000000000000000000e+00 1.000000000000000000e+00 2.787330316742081537e-01 0.000000000000000000e+00 0.000000000000000000e+00 0.000000000000000000e+00 0.000000000000000000e+00 0.000000000000000000e+00 0.000000000000000000e+00 0.000000000000000000e+00 0.000000000000000000e+00 0.000000000000000000e+00 5.972850678733031965e-02
1.000000000000000000e+00 0.000000000000000000e+00 0.000000000000000000e+00 0.000000000000000000e+00 0.000000000000000000e+00 0.000000000000000000e+00 6.527777777777777901e-01 0.000000000000000000e+00 7.638888888888889506e-02 0.000000000000000000e+00 0.000000000000000000e+00 2.916666666666666852e-01 0.000000000000000000e+00
0.000000000000000000e+00 1.814058956916099821e-02 1.133786848072562388e-03 1.000000000000000000e+00 2.607709750566893428e-02 0.000000000000000000e+00 0.000000000000000000e+00 2.947845804988661889e-01 0.000000000000000000e+00 0.000000000000000000e+00 0.000000000000000000e+00 3.287981859410430557e-02 4.535147392290249553e-03
6.266666666666667052e-01 0.000000000000000000e+00 0.000000000000000000e+00 0.000000000000000000e+00 0.000000000000000000e+00 0.000000000000000000e+00 0.000000000000000000e+00 0.000000000000000000e+00 0.000000000000000000e+00 0.000000000000000000e+00 4.000000000000000083e-02 1.000000000000000000e+00 0.000000000000000000e+00
0.000000000000000000e+00 0.000000000000000000e+00 3.355704697986577108e-03 1.073825503355704675e-01 1.275167785234899431e-01 0.000000000000000000e+00 0.000000000000000000e+00 3.355704697986577108e-03 0.000000000000000000e+00 1.000000000000000000e+00 0.000000000000000000e+00 3.355704697986577108e-03 0.000000000000000000e+00
0.000000000000000000e+00 5.714285714285714107e-02 1.000000000000000000e+00 0.000000000000000000e+00 0.000000000000000000e+00 0.000000000000000000e+00 0.000000000000000000e+00 4.190476190476190577e-01 7.619047619047619735e-02 0.000000000000000000e+00 0.000000000000000000e+00 0.000000000000000000e+00 2.857142857142857054e-02
