8.350730688935281698e-01 2.087682672233820251e-03 0.000000000000000000e+00 0.000000000000000000e+00 8.141962421711899933e-02 2.087682672233820251e-03 2.567849686847599178e-01 0.000000000000000000e+00 0.000000000000000000e+00 1.000000000000000000e+00 2.087682672233820251e-03 2.087682672233820251e-03 2.087682672233820251e-03 0.000000000000000000e+00 0.000000000000000000e+00
0.000000000000000000e+00 7.060606060606060552e-01 3.636363636363636187e-02 0.000000000000000000e+00 0.000000000000000000e+00 0.000000000000000000e+00 0.000000000000000000e+00 0.000000000000000000e+00 1.000000000000000000e+00 0.000000000000000000e+00 0.000000000000000000e+00 7.575757575757575968e-03 1.893939393939393992e-02 1.590909090909090745e-02 2.272727272727272617e-03
0.000000000000000000e+00 3.300330033003300023e-02 1.650165016501650012e-02 0.000000000000000000e+00 0.000000000000000000e+00 0.000000000000000000e+00 0.000000000000000000e+00 0.000000000000000000e+00 3.696369636963696137e-01 0.000000000000000000e+00 1.000000000000000000e+00 3.300330033003300370e-03 3.300330033003300370e-03 1.650165016501650012e-02 1.320132013201320148e-02
7.094972067039105879e-01 0.000000000000000000e+00 0.000000000000000000e+00 0.000000000000000000e+00 8.938547486033519840e-02 0.000000000000000000e+00 3.351955307262569767e-02 0.000000000000000000e+00 1.117318435754189980e-02 1.000000000000000000e+00 0.000000000000000000e+00 0.000000000000000000e+00 5.586592178770949900e-03 0.000000000000000000e+00 0.000000000000000000e+00
3.054806828391734216e-02 4.492362982929020906e-03 0.000000000000000000e+00 2.246181491464510280e-02 6.639712488769092813e-01 2.336028751123090871e-02 1.347708894878706272e-02 0.000000000000000000e+00 8.984725965858041813e-03 1.000000000000000000e+00 2.695417789757412544e-03 0.000000000000000000e+00 0.000000000000000000e+00 0.000000000000000000e+00 0.000000000000000000e+00
1.204819277108433798e-02 2.530120481927710663e-01 0.000000000000000000e+00 6.024096385542168641e-02 9.638554216867470381e-02 3.614457831325301046e-02 0.000000000000000000e+00 0.000000000000000000e+00 1.000000000000000000e+00 8.554216867469879304e-01 4.819277108433735191e-02 0.000000000000000000e+00 0.000000000000000000e+00 4.819277108433735191e-02 2.409638554216867595e-02
0.000000000000000000e+00 0.000000000000000000e+00 3.816793893129770843e-03 4.198473282442748145e-02 9.160305343511450371e-02 2.671755725190839634e-02 0.000000000000000000e+00 0.000000000000000000e+00 7.633587786259541687e-03 1.000000000000000000e+00 1.526717557251908337e-02 0.000000000000000000e+00 0.000000000000000000e+00 0.000000000000000000e+00 0.000000000000000000e+00
0.000000000000000000e+00 0.000000000000000000e+00 0.000000000000000000e+00 0.000000000000000000e+00 0.000000000000000000e+00 0.000000000000000000e+00 0.000000000000000000e+00 0.000000000000000000e+00 0.000000000000000000e+00 0.000000000000000000e+00 0.000000000000000000e+00 0.000000000000000000e+00 0.000000000000000000e+00 0.000000000000000000e+00 0.000000000000000000e+00
0.000000000000000000e+00 1.000000000000000000e+00 2.624060150375939759e-01 0.000000000000000000e+00 0.000000000000000000e+00 0.000000000000000000e+00 0.000000000000000000e+00 0.000000000000000000e+00 0.000000000000000000e+00 0.000000000000000000e+00 0.000000000000000000e+00 1.323308270676691600e-01 3.203007518796992525e-01 1.721804511278195449e-01 3.759398496240601295e-02
4.420091324200913219e-01 6.392694063926940978e-03 3.652968036529680249e-03 2.538812785388127602e-01 1.000000000000000000e+00 1.360730593607305805e-01 1.525114155251141579e-01 0.000000000000000000e+00 1.333333333333333315e-01 0.000000000000000000e+00 2.831050228310502334e-02 4.566210045662100203e-03 1.826484018264840125e-03 2.739726027397260295e-03 9.132420091324200623e-04
0.000000000000000000e+00 0.000000000000000000e+00 3.731343283582089481e-03 4.477611940298507204e-02 1.828358208955223885e-01 5.970149253731343170e-02 0.000000000000000000e+00 0.000000000000000000e+00 3.731343283582089481e-03 1.000000000000000000e+00 1.865671641791044610e-02 0.000000000000000000e+00 0.000000000000000000e+00 0.000000000000000000e+00 0.000000000000000000e+00
0.000000000000000000e+00 8.076923076923077371e-02 3.076923076923077094e-02 0.000000000000000000e+00 0.000000000000000000e+00 0.000000000000000000e+00 0.000000000000000000e+00 0.000000000000000000e+00 1.000000000000000000e+00 0.000000000000000000e+00 0.000000000000000000e+00 0.000000000000000000e+00 0.000000000000000000e+00 3.461538461538461731e-02 3.846153846153846367e-03
0.000000000000000000e+00 4.147465437788018516e-02 4.608294930875576033e-03 0.000000000000000000e+00 0.000000000000000000e+00 0.000000000000000000e+00 0.000000000000000000e+00 0.000000000000000000e+00 1.000000000000000000e+00 0.000000000000000000e+00 0.000000000000000000e+00 2.258064516129032195e-01 6.036866359447005115e-01 0.000000000000000000e+00 0.000000000000000000e+00
0.000000000000000000e+00 6.918238993710691676e-02 0.000000000000000000e+00 0.000000000000000000e+00 0.000000000000000000e+00 0.000000000000000000e+00 0.000000000000000000e+00 0.000000000000000000e+00 1.000000000000000000e+00 0.000000000000000000e+00 0.000000000000000000e+00 4.402515723270439968e-02 5.911949685534590992e-01 0.000000000000000000e+00 0.000000000000000000e+00
0.000000000000000000e+00 9.677419354838709409e-02 7.741935483870967527e-01 0.000000000000000000e+00 0.000000000000000000e+00 0.000000000000000000e+00 0.000000000000000000e+00 0.000000000000000000e+00 1.000000000000000000e+00 0.000000000000000000e+00 0.000000000000000000e+00 3.225806451612903136e-02 6.451612903225806273e-02 0.000000000000000000e+00 0.000000000000000000e+00
