1.000000000000000000e+00 1.463057790782735981e-03 0.000000000000000000e+00 1.463057790782735981e-03 0.000000000000000000e+00 3.869787856620336419e-01 0.000000000000000000e+00 3.657644476956839735e-03 8.851499634235552305e-01 0.000000000000000000e+00 0.000000000000000000e+00 2.926115581565471961e-03 0.000000000000000000e+00 6.730065837600585077e-02
0.000000000000000000e+00 6.813092161929371615e-01 2.583979328165374525e-02 0.000000000000000000e+00 0.000000000000000000e+00 0.000000000000000000e+00 0.000000000000000000e+00 1.000000000000000000e+00 0.000000000000000000e+00 0.000000000000000000e+00 3.359173126614987265e-02 8.440999138673557778e-02 6.373815676141257602e-02 0.000000000000000000e+00
0.000000000000000000e+00 2.970297029702970160e-02 3.300330033003300370e-03 0.000000000000000000e+00 0.000000000000000000e+00 0.000000000000000000e+00 0.000000000000000000e+00 1.617161716171617025e-01 0.000000000000000000e+00 1.000000000000000000e+00 0.000000000000000000e+00 0.000000000000000000e+00 2.310231023102310086e-02 0.000000000000000000e+00
1.000000000000000000e+00 0.000000000000000000e+00 0.000000000000000000e+00 0.000000000000000000e+00 0.000000000000000000e+00 1.839080459770114917e-01 0.000000000000000000e+00 7.662835249042145198e-03 9.348659003831417680e-01 0.000000000000000000e+00 3.831417624521072599e-03 5.747126436781609116e-03 0.000000000000000000e+00 5.938697318007662984e-02
0.000000000000000000e+00 1.386138613861386260e-01 0.000000000000000000e+00 2.970297029702970160e-02 0.000000000000000000e+00 0.000000000000000000e+00 0.000000000000000000e+00 1.000000000000000000e+00 3.663366336633663289e-01 0.000000000000000000e+00 0.000000000000000000e+00 0.000000000000000000e+00 1.089108910891089105e-01 3.960396039603960444e-02
2.358490566037735759e-03 0.000000000000000000e+00 0.000000000000000000e+00 1.945754716981132060e-01 2.830188679245283084e-02 0.000000000000000000e+00 0.000000000000000000e+00 8.254716981132075374e-03 1.000000000000000000e+00 0.000000000000000000e+00 0.000000000000000000e+00 0.000000000000000000e+00 0.000000000000000000e+00 8.018867924528301494e-02
0.000000000000000000e+00 0.000000000000000000e+00 0.000000000000000000e+00 0.000000000000000000e+00 0.000000000000000000e+00 0.000000000000000000e+00 0.000000000000000000e+00 0.000000000000000000e+00 0.000000000000000000e+00 0.000000000000000000e+00 0.000000000000000000e+00 0.000000000000000000e+00 0.000000000000000000e+00 0.000000000000000000e+00
0.000000000000000000e+00 8.540740740740740966e-01 2.185185185185185286e-01 0.000000000000000000e+00 0.000000000000000000e+00 0.000000000000000000e+00 0.000000000000000000e+00 0.000000000000000000e+00 0.000000000000000000e+00 0.000000000000000000e+00 3.977777777777777857e-01 1.000000000000000000e+00 6.992592592592592471e-01 0.000000000000000000e+00
1.000000000000000000e+00 6.477732793522266927e-03 4.858299595141700629e-03 6.987854251012145523e-01 1.028340080971659881e-01 3.692307692307692513e-01 0.000000000000000000e+00 8.340080971659918907e-02 0.000000000000000000e+00 0.000000000000000000e+00 1.619433198380566732e-03 5.668016194331984212e-03 9.716599190283401258e-03 8.040485829959513886e-01
8.547008547008547868e-03 0.000000000000000000e+00 0.000000000000000000e+00 1.623931623931623991e-01 0.000000000000000000e+00 0.000000000000000000e+00 0.000000000000000000e+00 0.000000000000000000e+00 1.000000000000000000e+00 0.000000000000000000e+00 0.000000000000000000e+00 0.000000000000000000e+00 0.000000000000000000e+00 1.282051282051281937e-01
0.000000000000000000e+00 7.785642062689585030e-02 3.741152679474216147e-02 0.000000000000000000e+00 0.000000000000000000e+00 0.000000000000000000e+00 0.000000000000000000e+00 1.000000000000000000e+00 0.000000000000000000e+00 0.000000000000000000e+00 0.000000000000000000e+00 0.000000000000000000e+00 1.506572295247725068e-01 0.000000000000000000e+00
0.000000000000000000e+00 6.898861352980575901e-02 0.000000000000000000e+00 0.000000000000000000e+00 0.000000000000000000e+00 0.000000000000000000e+00 0.000000000000000000e+00 8.914936369725384724e-01 0.000000000000000000e+00 0.000000000000000000e+00 3.724045545880776964e-01 1.000000000000000000e+00 1.339584728734092385e-03 0.000000000000000000e+00
0.000000000000000000e+00 5.849056603773584995e-02 0.000000000000000000e+00 0.000000000000000000e+00 0.000000000000000000e+00 0.000000000000000000e+00 0.000000000000000000e+00 9.867924528301886822e-01 0.000000000000000000e+00 0.000000000000000000e+00 2.169811320754717054e-01 1.000000000000000000e+00 0.000000000000000000e+00 0.000000000000000000e+00
8.341708542713567598e-02 5.025125628140703592e-03 1.005025125628140805e-03 7.537688442211054607e-02 1.909547738693467486e-02 3.316582914572864527e-02 0.000000000000000000e+00 6.030150753768843963e-03 1.000000000000000000e+00 0.000000000000000000e+00 1.005025125628140805e-03 0.000000000000000000e+00 0.000000000000000000e+00 6.281407035175879949e-01
