4.273504273504273587e-02 0.000000000000000000e+00 0.000000000000000000e+00 0.000000000000000000e+00 0.000000000000000000e+00 0.000000000000000000e+00 0.000000000000000000e+00 0.000000000000000000e+00 0.000000000000000000e+00 0.000000000000000000e+00 1.000000000000000000e+00 0.000000000000000000e+00 0.000000000000000000e+00
0.000000000000000000e+00 6.065088757396449592e-01 3.254437869822485174e-02 0.000000000000000000e+00 0.000000000000000000e+00 0.000000000000000000e+00 0.000000000000000000e+00 1.000000000000000000e+00 0.000000000000000000e+00 0.000000000000000000e+00 0.000000000000000000e+00 0.000000000000000000e+00 2.958579881656804664e-03
3.166666666666666519e-01 5.000000000000000278e-02 1.000000000000000056e-01 0.000000000000000000e+00 0.000000000000000000e+00 0.000000000000000000e+00 1.000000000000000000e+00 2.000000000000000111e-01 0.000000000000000000e+00 0.000000000000000000e+00 0.000000000000000000e+00 1.833333333333333204e-01 3.666666666666666408e-01
0.000000000000000000e+00 0.000000000000000000e+00 3.597122302158273568e-03 5.287769784172662302e-01 0.000000000000000000e+00 0.000000000000000000e+00 0.000000000000000000e+00 3.597122302158273222e-02 0.000000000000000000e+00 1.000000000000000000e+00 0.000000000000000000e+00 7.194244604316547137e-03 0.000000000000000000e+00
0.000000000000000000e+00 0.000000000000000000e+00 0.000000000000000000e+00 0.000000000000000000e+00 0.000000000000000000e+00 0.000000000000000000e+00 0.000000000000000000e+00 5.882352941176470507e-02 0.000000000000000000e+00 6.470588235294117974e-01 0.000000000000000000e+00 1.000000000000000000e+00 0.000000000000000000e+00
0.000000000000000000e+00 0.000000000000000000e+00 0.000000000000000000e+00 0.000000000000000000e+00 0.000000000000000000e+00 0.000000000000000000e+00 0.000000000000000000e+00 0.000000000000000000e+00 0.000000000000000000e+00 0.000000000000000000e+00 0.000000000000000000e+00 0.000000000000000000e+00 0.000000000000000000e+00
0.000000000000000000e+00 0.000000000000000000e+00 0.000000000000000000e+00 0.000000000000000000e+00 0.000000000000000000e+00 0.000000000000000000e+00 4.210526315789473589e-02 0.000000000000000000e+00 1.000000000000000000e+00 0.000000000000000000e+00 0.000000000000000000e+00 0.000000000000000000e+00 0.000000000000000000e+00
0.000000000000000000e+00 1.000000000000000000e+00 2.648809523809523836e-01 0.000000000000000000e+00 0.000000000000000000e+00 0.000000000000000000e+00 0.000000000000000000e+00 0.000000000000000000e+00 0.000000000000000000e+00 0.000000000000000000e+00 0.000000000000000000e+00 0.000000000000000000e+00 5.357142857142856845e-02
1.000000000000000000e+00 0.000000000000000000e+00 0.000000000000000000e+00 0.000000000000000000e+00 0.000000000000000000e+00 0.000000000000000000e+00 6.999999999999999556e-01 0.000000000000000000e+00 8.000000000000000167e-02 0.000000000000000000e+00 0.000000000000000000e+00 2.600000000000000089e-01 0.000000000000000000e+00
0.000000000000000000e+00 3.546099290780142105e-02 3.546099290780141758e-03 1.000000000000000000e+00 2.836879432624113406e-02 0.000000000000000000e+00 0.000000000000000000e+00 2.482269503546099265e-01 0.000000000000000000e+00 0.000000000000000000e+00 0.000000000000000000e+00 4.255319148936170109e-02 0.000000000000000000e+00
6.714285714285713746e-01 0.000000000000000000e+00 0.000000000000000000e+00 0.000000000000000000e+00 0.000000000000000000e+00 0.000000000000000000e+00 0.000000000000000000e+00 0.000000000000000000e+00 0.000000000000000000e+00 0.000000000000000000e+00 7.142857142857142461e-02 1.000000000000000000e+00 0.000000000000000000e+00
0.000000000000000000e+00 0.000000000000000000e+00 0.000000000000000000e+00 9.574468085106382920e-02 2.234042553191489255e-01 0.000000000000000000e+00 0.000000000000000000e+00 1.063829787234042527e-02 0.000000000000000000e+00 1.000000000000000000e+00 0.000000000000000000e+00 0.000000000000000000e+00 0.000000000000000000e+00
0.000000000000000000e+00 4.000000000000000083e-02 1.000000000000000000e+00 0.000000000000000000e+00 0.000000000000000000e+00 0.000000000000000000e+00 0.000000000000000000e+00 4.400000000000000022e-01 1.600000000000000033e-01 0.000000000000000000e+00 0.000000000000000000e+00 0.000000000000000000e+00 0.000000000000000000e+00
