6.993006993006993001e-03 0.000000000000000000e+00 0.000000000000000000e+00 6.993006993006993001e-03 0.000000000000000000e+00 2.097902097902097987e-02 0.000000000000000000e+00 1.000000000000000000e+00 1.748251748251748172e-01 0.000000000000000000e+00 6.993006993006993001e-03 0.000000000000000000e+00 8.391608391608391948e-02
1.000000000000000000e+00 1.639344262295082053e-02 5.464480874316939886e-03 0.000000000000000000e+00 0.000000000000000000e+00 0.000000000000000000e+00 1.147540983606557402e-01 0.000000000000000000e+00 0.000000000000000000e+00 0.000000000000000000e+00 0.000000000000000000e+00 6.885245901639344135e-01 0.000000000000000000e+00
0.000000000000000000e+00 1.875000000000000000e-01 0.000000000000000000e+00 0.000000000000000000e+00 0.000000000000000000e+00 0.000000000000000000e+00 1.000000000000000000e+00 0.000000000000000000e+00 0.000000000000000000e+00 1.250000000000000069e-02 0.000000000000000000e+00 0.000000000000000000e+00 0.000000000000000000e+00
0.000000000000000000e+00 0.000000000000000000e+00 4.132231404958677801e-02 0.000000000000000000e+00 0.000000000000000000e+00 0.000000000000000000e+00 1.000000000000000000e+00 8.595041322314049825e-01 0.000000000000000000e+00 0.000000000000000000e+00 0.000000000000000000e+00 8.264462809917355601e-03 1.074380165289256228e-01
0.000000000000000000e+00 0.000000000000000000e+00 0.000000000000000000e+00 0.000000000000000000e+00 0.000000000000000000e+00 0.000000000000000000e+00 0.000000000000000000e+00 0.000000000000000000e+00 0.000000000000000000e+00 0.000000000000000000e+00 0.000000000000000000e+00 0.000000000000000000e+00 0.000000000000000000e+00
0.000000000000000000e+00 0.000000000000000000e+00 0.000000000000000000e+00 0.000000000000000000e+00 0.000000000000000000e+00 0.000000000000000000e+00 0.000000000000000000e+00 1.000000000000000000e+00 0.000000000000000000e+00 0.000000000000000000e+00 0.000000000000000000e+00 0.000000000000000000e+00 0.000000000000000000e+00
0.000000000000000000e+00 1.000000000000000000e+00 2.500000000000000000e-01 0.000000000000000000e+00 0.000000000000000000e+00 0.000000000000000000e+00 0.000000000000000000e+00 0.000000000000000000e+00 0.000000000000000000e+00 1.000000000000000021e-02 0.000000000000000000e+00 0.000000000000000000e+00 0.000000000000000000e+00
0.000000000000000000e+00 5.181347150259067030e-02 7.772020725388600892e-02 1.000000000000000000e+00 0.000000000000000000e+00 0.000000000000000000e+00 7.046632124352331106e-01 0.000000000000000000e+00 0.000000000000000000e+00 2.072538860103627020e-02 0.000000000000000000e+00 8.290155440414508081e-02 8.290155440414507249e-01
4.545454545454545581e-02 0.000000000000000000e+00 0.000000000000000000e+00 0.000000000000000000e+00 0.000000000000000000e+00 0.000000000000000000e+00 0.000000000000000000e+00 1.000000000000000000e+00 0.000000000000000000e+00 0.000000000000000000e+00 0.000000000000000000e+00 0.000000000000000000e+00 9.090909090909091161e-02
0.000000000000000000e+00 1.000000000000000000e+00 0.000000000000000000e+00 0.000000000000000000e+00 0.000000000000000000e+00 0.000000000000000000e+00 3.333333333333333148e-01 0.000000000000000000e+00 0.000000000000000000e+00 0.000000000000000000e+00 0.000000000000000000e+00 0.000000000000000000e+00 0.000000000000000000e+00
0.000000000000000000e+00 0.000000000000000000e+00 0.000000000000000000e+00 0.000000000000000000e+00 0.000000000000000000e+00 0.000000000000000000e+00 0.000000000000000000e+00 1.000000000000000000e+00 0.000000000000000000e+00 0.000000000000000000e+00 0.000000000000000000e+00 0.000000000000000000e+00 0.000000000000000000e+00
0.000000000000000000e+00 0.000000000000000000e+00 0.000000000000000000e+00 1.260504201680672232e-01 0.000000000000000000e+00 0.000000000000000000e+00 0.000000000000000000e+00 1.000000000000000000e+00 0.000000000000000000e+00 0.000000000000000000e+00 0.000000000000000000e+00 1.680672268907562952e-02 9.243697478991597105e-02
0.000000000000000000e+00 7.042253521126760722e-03 0.000000000000000000e+00 2.464788732394366244e-01 0.000000000000000000e+00 0.000000000000000000e+00 1.267605633802816878e-01 1.000000000000000000e+00 0.000000000000000000e+00 0.000000000000000000e+00 0.000000000000000000e+00 1.408450704225352144e-02 0.000000000000000000e+00
