6.142433234421365018e-01 0.000000000000000000e+00 0.000000000000000000e+00 0.000000000000000000e+00 1.186943620178041586e-01 0.000000000000000000e+00 4.035608308605341255e-01 0.000000000000000000e+00 5.934718100890207931e-03 1.000000000000000000e+00 2.967359050445103966e-03 0.000000000000000000e+00 5.934718100890207931e-03 0.000000000000000000e+00 0.000000000000000000e+00
0.000000000000000000e+00 7.405566600397613941e-01 2.982107355864811044e-02 0.000000000000000000e+00 0.000000000000000000e+00 0.000000000000000000e+00 0.000000000000000000e+00 0.000000000000000000e+00 1.000000000000000000e+00 0.000000000000000000e+00 0.000000000000000000e+00 1.988071570576540811e-02 3.280318091451292495e-02 4.274353876739562380e-02 1.988071570576540551e-03
0.000000000000000000e+00 2.970297029702970160e-02 6.600660066006600740e-03 0.000000000000000000e+00 0.000000000000000000e+00 0.000000000000000000e+00 0.000000000000000000e+00 0.000000000000000000e+00 2.805280528052805367e-01 0.000000000000000000e+00 1.000000000000000000e+00 3.300330033003300370e-03 3.300330033003300370e-03 1.650165016501650012e-02 0.000000000000000000e+00
3.934426229508196649e-01 0.000000000000000000e+00 0.000000000000000000e+00 0.000000000000000000e+00 1.016393442622950810e-01 6.557377049180327863e-03 7.540983606557377650e-02 0.000000000000000000e+00 0.000000000000000000e+00 1.000000000000000000e+00 0.000000000000000000e+00 0.000000000000000000e+00 3.278688524590163932e-03 0.000000000000000000e+00 0.000000000000000000e+00
2.289512555391432641e-02 2.954209748892171541e-03 7.385524372230428854e-04 3.028064992614475787e-02 7.267355982274741333e-01 2.215657311669128396e-02 2.880354505169866949e-02 0.000000000000000000e+00 3.692762186115213993e-03 1.000000000000000000e+00 1.477104874446085771e-03 0.000000000000000000e+00 0.000000000000000000e+00 7.385524372230428854e-04 0.000000000000000000e+00
9.174311926605505096e-03 1.284403669724770714e-01 0.000000000000000000e+00 2.752293577981651529e-02 3.669724770642202039e-02 9.174311926605505096e-03 2.752293577981651529e-02 0.000000000000000000e+00 1.000000000000000000e+00 6.238532110091743466e-01 1.834862385321101019e-02 0.000000000000000000e+00 0.000000000000000000e+00 1.009174311926605561e-01 2.752293577981651529e-02
2.680965147453083161e-03 0.000000000000000000e+00 0.000000000000000000e+00 5.361930294906166322e-02 1.286863270777479917e-01 1.608579088471849897e-02 0.000000000000000000e+00 0.000000000000000000e+00 8.042895442359249483e-03 1.000000000000000000e+00 0.000000000000000000e+00 0.000000000000000000e+00 0.000000000000000000e+00 0.000000000000000000e+00 0.000000000000000000e+00
0.000000000000000000e+00 0.000000000000000000e+00 0.000000000000000000e+00 0.000000000000000000e+00 0.000000000000000000e+00 0.000000000000000000e+00 0.000000000000000000e+00 0.000000000000000000e+00 0.000000000000000000e+00 0.000000000000000000e+00 0.000000000000000000e+00 0.000000000000000000e+00 0.000000000000000000e+00 0.000000000000000000e+00 0.000000000000000000e+00
0.000000000000000000e+00 1.000000000000000000e+00 3.173359451518119601e-01 0.000000000000000000e+00 0.000000000000000000e+00 0.000000000000000000e+00 0.000000000000000000e+00 0.000000000000000000e+00 0.000000000000000000e+00 0.000000000000000000e+00 0.000000000000000000e+00 2.752203721841331996e-01 3.300685602350636461e-01 3.320274240940254695e-01 2.644466209598432885e-02
2.727952167414050555e-01 3.736920777279521474e-03 4.484304932735425943e-03 3.049327354260089606e-01 1.000000000000000000e+00 1.203288490284006029e-01 1.853512705530642735e-01 0.000000000000000000e+00 9.715994020926756181e-02 0.000000000000000000e+00 2.914798206278026993e-02 1.494768310911808720e-03 1.494768310911808720e-03 1.494768310911808720e-03 7.473841554559043599e-04
0.000000000000000000e+00 0.000000000000000000e+00 0.000000000000000000e+00 3.703703703703703498e-02 1.740740740740740755e-01 7.037037037037037479e-02 7.407407407407407690e-03 0.000000000000000000e+00 0.000000000000000000e+00 1.000000000000000000e+00 3.703703703703703845e-03 0.000000000000000000e+00 0.000000000000000000e+00 0.000000000000000000e+00 0.000000000000000000e+00
0.000000000000000000e+00 8.488063660477453143e-02 6.896551724137930939e-02 0.000000000000000000e+00 0.000000000000000000e+00 0.000000000000000000e+00 0.000000000000000000e+00 0.000000000000000000e+00 1.000000000000000000e+00 0.000000000000000000e+00 0.000000000000000000e+00 0.000000000000000000e+00 0.000000000000000000e+00 4.509283819628646939e-02 2.652519893899204107e-03
0.000000000000000000e+00 8.547008547008547175e-02 0.000000000000000000e+00 0.000000000000000000e+00 0.000000000000000000e+00 0.000000000000000000e+00 0.000000000000000000e+00 0.000000000000000000e+00 1.000000000000000000e+00 0.000000000000000000e+00 0.000000000000000000e+00 3.447293447293447444e-01 5.669515669515668987e-01 0.000000000000000000e+00 2.849002849002849145e-03
0.000000000000000000e+00 7.346938775510204744e-02 0.000000000000000000e+00 0.000000000000000000e+00 0.000000000000000000e+00 0.000000000000000000e+00 0.000000000000000000e+00 0.000000000000000000e+00 1.000000000000000000e+00 0.000000000000000000e+00 0.000000000000000000e+00 1.142857142857142821e-01 5.183673469387755084e-01 0.000000000000000000e+00 0.000000000000000000e+00
0.000000000000000000e+00 5.555555555555555247e-02 1.000000000000000000e+00 0.000000000000000000e+00 0.000000000000000000e+00 0.000000000000000000e+00 0.000000000000000000e+00 0.000000000000000000e+00 8.888888888888888395e-01 0.000000000000000000e+00 0.000000000000000000e+00 0.000000000000000000e+00 0.000000000000000000e+00 0.000000000000000000e+00 0.000000000000000000e+00
