4.868421052631579093e-01 0.000000000000000000e+00 0.000000000000000000e+00 0.000000000000000000e+00 0.000000000000000000e+00 6.052631578947368363e-01 0.000000000000000000e+00 1.315789473684210453e-02 1.000000000000000000e+00 0.000000000000000000e+00 0.000000000000000000e+00 0.000000000000000000e+00 0.000000000000000000e+00 0.000000000000000000e+00 1.315789473684210453e-01
0.000000000000000000e+00 5.064935064935064402e-01 5.454545454545454281e-02 0.000000000000000000e+00 0.000000000000000000e+00 0.000000000000000000e+00 0.000000000000000000e+00 1.000000000000000000e+00 0.000000000000000000e+00 0.000000000000000000e+00 1.298701298701298787e-02 5.194805194805194801e-03 1.818181818181818094e-02 2.597402597402597574e-02 0.000000000000000000e+00
0.000000000000000000e+00 5.421686746987951916e-02 2.409638554216867595e-02 0.000000000000000000e+00 0.000000000000000000e+00 0.000000000000000000e+00 0.000000000000000000e+00 4.337349397590361533e-01 0.000000000000000000e+00 1.000000000000000000e+00 0.000000000000000000e+00 6.024096385542168988e-03 0.000000000000000000e+00 0.000000000000000000e+00 0.000000000000000000e+00
3.839285714285714524e-01 0.000000000000000000e+00 0.000000000000000000e+00 0.000000000000000000e+00 1.785714285714285615e-02 1.964285714285714246e-01 0.000000000000000000e+00 8.928571428571428076e-03 1.000000000000000000e+00 0.000000000000000000e+00 0.000000000000000000e+00 0.000000000000000000e+00 0.000000000000000000e+00 0.000000000000000000e+00 7.142857142857142461e-02
3.846153846153846367e-02 1.153846153846153910e-01 0.000000000000000000e+00 0.000000000000000000e+00 0.000000000000000000e+00 1.923076923076923184e-02 0.000000000000000000e+00 1.000000000000000000e+00 3.269230769230769273e-01 1.923076923076923184e-02 0.000000000000000000e+00 0.000000000000000000e+00 0.000000000000000000e+00 3.846153846153846367e-02 5.769230769230769551e-02
0.000000000000000000e+00 0.000000000000000000e+00 0.000000000000000000e+00 3.749999999999999861e-02 1.250000000000000069e-02 0.000000000000000000e+00 0.000000000000000000e+00 3.125000000000000000e-02 1.000000000000000000e+00 1.250000000000000069e-02 0.000000000000000000e+00 0.000000000000000000e+00 0.000000000000000000e+00 0.000000000000000000e+00 5.000000000000000278e-02
0.000000000000000000e+00 0.000000000000000000e+00 0.000000000000000000e+00 0.000000000000000000e+00 0.000000000000000000e+00 0.000000000000000000e+00 0.000000000000000000e+00 0.000000000000000000e+00 0.000000000000000000e+00 0.000000000000000000e+00 0.000000000000000000e+00 0.000000000000000000e+00 0.000000000000000000e+00 0.000000000000000000e+00 0.000000000000000000e+00
0.000000000000000000e+00 1.000000000000000000e+00 5.376623376623376194e-01 0.000000000000000000e+00 0.000000000000000000e+00 0.000000000000000000e+00 0.000000000000000000e+00 0.000000000000000000e+00 0.000000000000000000e+00 0.000000000000000000e+00 2.311688311688311626e-01 3.896103896103896014e-02 1.688311688311688319e-01 2.987012987012986898e-01 0.000000000000000000e+00
1.626506024096385505e-01 1.204819277108433798e-02 1.204819277108433798e-02 3.192771084337349130e-01 1.305220883534136678e-01 2.048192771084337283e-01 0.000000000000000000e+00 1.506024096385542299e-01 0.000000000000000000e+00 3.012048192771084321e-02 0.000000000000000000e+00 2.008032128514056040e-03 0.000000000000000000e+00 4.016064257028112081e-03 1.000000000000000000e+00
0.000000000000000000e+00 0.000000000000000000e+00 0.000000000000000000e+00 4.666666666666666879e-02 4.666666666666666879e-02 0.000000000000000000e+00 0.000000000000000000e+00 0.000000000000000000e+00 1.000000000000000000e+00 1.333333333333333419e-02 0.000000000000000000e+00 0.000000000000000000e+00 0.000000000000000000e+00 0.000000000000000000e+00 1.533333333333333215e-01
0.000000000000000000e+00 3.149606299212598381e-02 7.086614173228346358e-02 0.000000000000000000e+00 0.000000000000000000e+00 0.000000000000000000e+00 0.000000000000000000e+00 1.000000000000000000e+00 0.000000000000000000e+00 0.000000000000000000e+00 0.000000000000000000e+00 0.000000000000000000e+00 0.000000000000000000e+00 5.511811023622047168e-02 0.000000000000000000e+00
0.000000000000000000e+00 1.000000000000000056e-01 5.999999999999999778e-01 0.000000000000000000e+00 0.000000000000000000e+00 0.000000000000000000e+00 0.000000000000000000e+00 1.000000000000000000e+00 0.000000000000000000e+00 0.000000000000000000e+00 1.000000000000000056e-01 0.000000000000000000e+00 0.000000000000000000e+00 1.000000000000000056e-01 0.000000000000000000e+00
0.000000000000000000e+00 1.176470588235294101e-01 0.000000000000000000e+00 0.000000000000000000e+00 0.000000000000000000e+00 0.000000000000000000e+00 0.000000000000000000e+00 1.000000000000000000e+00 0.000000000000000000e+00 0.000000000000000000e+00 4.705882352941176405e-01 0.000000000000000000e+00 5.882352941176470784e-01 0.000000000000000000e+00 0.000000000000000000e+00
0.000000000000000000e+00 7.894736842105262720e-02 0.000000000000000000e+00 0.000000000000000000e+00 0.000000000000000000e+00 0.000000000000000000e+00 0.000000000000000000e+00 1.000000000000000000e+00 0.000000000000000000e+00 0.000000000000000000e+00 2.500000000000000000e-01 0.000000000000000000e+00 4.736842105263157632e-01 0.000000000000000000e+00 0.000000000000000000e+00
1.414141414141414227e-02 1.010101010101010187e-02 0.000000000000000000e+00 3.232323232323232320e-02 1.616161616161616160e-02 2.424242424242424240e-02 0.000000000000000000e+00 8.080808080808080801e-03 1.000000000000000000e+00 4.040404040404040401e-03 2.020202020202020200e-03 0.000000000000000000e+00 0.000000000000000000e+00 0.000000000000000000e+00 5.898989898989899228e-01
