2.469135802469135665e-02 0.000000000000000000e+00 0.000000000000000000e+00 1.543209876543209791e-02 0.000000000000000000e+00 0.000000000000000000e+00 0.000000000000000000e+00 0.000000000000000000e+00 0.000000000000000000e+00 1.000000000000000000e+00 0.000000000000000000e+00 0.000000000000000000e+00 0.000000000000000000e+00
0.000000000000000000e+00 5.747001090512541266e-01 2.944383860414394663e-02 0.000000000000000000e+00 0.000000000000000000e+00 0.000000000000000000e+00 1.000000000000000000e+00 0.000000000000000000e+00 0.000000000000000000e+00 0.000000000000000000e+00 4.362050163576881336e-03 0.000000000000000000e+00 0.000000000000000000e+00
3.817204301075268758e-01 2.150537634408602322e-02 2.150537634408602322e-02 0.000000000000000000e+00 0.000000000000000000e+00 1.000000000000000000e+00 1.451612903225806550e-01 0.000000000000000000e+00 0.000000000000000000e+00 0.000000000000000000e+00 5.107526881720430012e-01 1.451612903225806550e-01 0.000000000000000000e+00
0.000000000000000000e+00 0.000000000000000000e+00 0.000000000000000000e+00 0.000000000000000000e+00 0.000000000000000000e+00 0.000000000000000000e+00 6.666666666666666574e-02 0.000000000000000000e+00 9.333333333333333481e-01 0.000000000000000000e+00 0.000000000000000000e+00 1.000000000000000000e+00 1.000000000000000056e-01
0.000000000000000000e+00 0.000000000000000000e+00 0.000000000000000000e+00 0.000000000000000000e+00 0.000000000000000000e+00 0.000000000000000000e+00 0.000000000000000000e+00 0.000000000000000000e+00 0.000000000000000000e+00 0.000000000000000000e+00 0.000000000000000000e+00 0.000000000000000000e+00 0.000000000000000000e+00
0.000000000000000000e+00 0.000000000000000000e+00 0.000000000000000000e+00 0.000000000000000000e+00 0.000000000000000000e+00 2.364864864864864996e-02 0.000000000000000000e+00 1.000000000000000000e+00 0.000000000000000000e+00 0.000000000000000000e+00 0.000000000000000000e+00 0.000000000000000000e+00 0.000000000000000000e+00
0.000000000000000000e+00 1.000000000000000000e+00 3.076086956521739135e-01 0.000000000000000000e+00 0.000000000000000000e+00 0.000000000000000000e+00 0.000000000000000000e+00 0.000000000000000000e+00 0.000000000000000000e+00 0.000000000000000000e+00 2.717391304347826012e-02 0.000000000000000000e+00 0.000000000000000000e+00
1.000000000000000000e+00 0.000000000000000000e+00 0.000000000000000000e+00 0.000000000000000000e+00 0.000000000000000000e+00 7.382550335570470246e-01 0.000000000000000000e+00 5.369127516778523374e-02 0.000000000000000000e+00 0.000000000000000000e+00 0.000000000000000000e+00 2.885906040268456652e-01 0.000000000000000000e+00
0.000000000000000000e+00 1.629327902240325712e-02 1.018329938900203570e-03 2.036659877800407401e-02 0.000000000000000000e+00 0.000000000000000000e+00 2.464358452138492861e-01 0.000000000000000000e+00 0.000000000000000000e+00 0.000000000000000000e+00 1.018329938900203570e-03 3.564154786150712517e-02 1.000000000000000000e+00
5.000000000000000000e-01 0.000000000000000000e+00 0.000000000000000000e+00 0.000000000000000000e+00 0.000000000000000000e+00 0.000000000000000000e+00 0.000000000000000000e+00 0.000000000000000000e+00 0.000000000000000000e+00 3.703703703703703498e-02 0.000000000000000000e+00 1.000000000000000000e+00 0.000000000000000000e+00
0.000000000000000000e+00 2.083333333333333218e-02 1.000000000000000000e+00 0.000000000000000000e+00 0.000000000000000000e+00 0.000000000000000000e+00 2.083333333333333426e-01 7.291666666666667129e-02 0.000000000000000000e+00 0.000000000000000000e+00 1.041666666666666609e-02 0.000000000000000000e+00 0.000000000000000000e+00
0.000000000000000000e+00 0.000000000000000000e+00 7.194244604316547137e-03 1.187050359712230191e-01 0.000000000000000000e+00 0.000000000000000000e+00 3.597122302158273568e-03 0.000000000000000000e+00 1.000000000000000000e+00 0.000000000000000000e+00 0.000000000000000000e+00 7.194244604316547137e-03 1.402877697841726501e-01
0.000000000000000000e+00 6.054490413723511225e-03 1.009081735620585276e-03 5.045408678102926599e-03 0.000000000000000000e+00 0.000000000000000000e+00 1.917255297679111917e-02 0.000000000000000000e+00 1.000000000000000000e+00 0.000000000000000000e+00 0.000000000000000000e+00 2.018163471241170553e-03 5.691220988900100863e-01
