1.067615658362989356e-02 0.000000000000000000e+00 0.000000000000000000e+00 3.558718861209964231e-03 0.000000000000000000e+00 8.540925266903914848e-02 0.000000000000000000e+00 0.000000000000000000e+00 0.000000000000000000e+00 7.117437722419928461e-03 1.000000000000000000e+00 0.000000000000000000e+00 1.423487544483985692e-02 0.000000000000000000e+00 3.558718861209964231e-03
1.000000000000000000e+00 1.149425287356321823e-02 1.915708812260536256e-02 0.000000000000000000e+00 0.000000000000000000e+00 0.000000000000000000e+00 1.264367816091954144e-01 2.567049808429118785e-01 0.000000000000000000e+00 0.000000000000000000e+00 0.000000000000000000e+00 5.747126436781609116e-02 0.000000000000000000e+00 0.000000000000000000e+00 0.000000000000000000e+00
0.000000000000000000e+00 6.949806949806949796e-02 6.737451737451737310e-01 0.000000000000000000e+00 0.000000000000000000e+00 0.000000000000000000e+00 0.000000000000000000e+00 1.000000000000000000e+00 0.000000000000000000e+00 0.000000000000000000e+00 0.000000000000000000e+00 5.791505791505791208e-03 0.000000000000000000e+00 0.000000000000000000e+00 0.000000000000000000e+00
0.000000000000000000e+00 3.225806451612903136e-02 5.645161290322580488e-02 8.064516129032257841e-03 0.000000000000000000e+00 0.000000000000000000e+00 0.000000000000000000e+00 8.225806451612903691e-01 0.000000000000000000e+00 1.000000000000000000e+00 0.000000000000000000e+00 0.000000000000000000e+00 0.000000000000000000e+00 4.838709677419354704e-02 8.064516129032257841e-02
0.000000000000000000e+00 0.000000000000000000e+00 0.000000000000000000e+00 0.000000000000000000e+00 0.000000000000000000e+00 0.000000000000000000e+00 0.000000000000000000e+00 0.000000000000000000e+00 0.000000000000000000e+00 0.000000000000000000e+00 0.000000000000000000e+00 0.000000000000000000e+00 0.000000000000000000e+00 0.000000000000000000e+00 0.000000000000000000e+00
0.000000000000000000e+00 0.000000000000000000e+00 0.000000000000000000e+00 0.000000000000000000e+00 0.000000000000000000e+00 7.215189873417721111e-01 0.000000000000000000e+00 0.000000000000000000e+00 0.000000000000000000e+00 8.438818565400843519e-02 1.000000000000000000e+00 0.000000000000000000e+00 0.000000000000000000e+00 0.000000000000000000e+00 2.531645569620253125e-02
0.000000000000000000e+00 0.000000000000000000e+00 0.000000000000000000e+00 0.000000000000000000e+00 0.000000000000000000e+00 0.000000000000000000e+00 0.000000000000000000e+00 0.000000000000000000e+00 1.000000000000000000e+00 0.000000000000000000e+00 6.500000000000000222e-01 0.000000000000000000e+00 0.000000000000000000e+00 0.000000000000000000e+00 0.000000000000000000e+00
0.000000000000000000e+00 5.981308411214952825e-01 1.000000000000000000e+00 0.000000000000000000e+00 0.000000000000000000e+00 0.000000000000000000e+00 0.000000000000000000e+00 0.000000000000000000e+00 0.000000000000000000e+00 0.000000000000000000e+00 0.000000000000000000e+00 5.981308411214953519e-02 0.000000000000000000e+00 0.000000000000000000e+00 0.000000000000000000e+00
1.000000000000000000e+00 0.000000000000000000e+00 0.000000000000000000e+00 0.000000000000000000e+00 0.000000000000000000e+00 0.000000000000000000e+00 0.000000000000000000e+00 0.000000000000000000e+00 0.000000000000000000e+00 0.000000000000000000e+00 0.000000000000000000e+00 0.000000000000000000e+00 0.000000000000000000e+00 0.000000000000000000e+00 0.000000000000000000e+00
0.000000000000000000e+00 2.155172413793103418e-03 8.620689655172413673e-03 2.252155172413793094e-01 0.000000000000000000e+00 0.000000000000000000e+00 0.000000000000000000e+00 1.810344827586206906e-01 0.000000000000000000e+00 0.000000000000000000e+00 0.000000000000000000e+00 0.000000000000000000e+00 0.000000000000000000e+00 4.418103448275861878e-02 1.000000000000000000e+00
2.316602316602316483e-02 0.000000000000000000e+00 0.000000000000000000e+00 0.000000000000000000e+00 0.000000000000000000e+00 9.227799227799228232e-01 0.000000000000000000e+00 0.000000000000000000e+00 0.000000000000000000e+00 1.000000000000000000e+00 0.000000000000000000e+00 0.000000000000000000e+00 8.108108108108108558e-02 0.000000000000000000e+00 5.405405405405405705e-02
0.000000000000000000e+00 8.181818181818182323e-01 4.545454545454545581e-02 0.000000000000000000e+00 0.000000000000000000e+00 0.000000000000000000e+00 0.000000000000000000e+00 1.000000000000000000e+00 3.636363636363636465e-01 0.000000000000000000e+00 4.545454545454545581e-02 0.000000000000000000e+00 0.000000000000000000e+00 0.000000000000000000e+00 0.000000000000000000e+00
1.000000000000000000e+00 0.000000000000000000e+00 0.000000000000000000e+00 0.000000000000000000e+00 0.000000000000000000e+00 0.000000000000000000e+00 0.000000000000000000e+00 0.000000000000000000e+00 0.000000000000000000e+00 5.882352941176470507e-02 4.117647058823529216e-01 0.000000000000000000e+00 0.000000000000000000e+00 0.000000000000000000e+00 0.000000000000000000e+00
0.000000000000000000e+00 8.695652173913043237e-02 0.000000000000000000e+00 1.000000000000000000e+00 0.000000000000000000e+00 0.000000000000000000e+00 0.000000000000000000e+00 0.000000000000000000e+00 0.000000000000000000e+00 1.000000000000000000e+00 0.000000000000000000e+00 0.000000000000000000e+00 0.000000000000000000e+00 0.000000000000000000e+00 4.347826086956521618e-02
0.000000000000000000e+00 0.000000000000000000e+00 1.078748651564185451e-03 2.157497303128371249e-02 0.000000000000000000e+00 0.000000000000000000e+00 0.000000000000000000e+00 1.078748651564185625e-02 0.000000000000000000e+00 1.000000000000000000e+00 0.000000000000000000e+00 0.000000000000000000e+00 0.000000000000000000e+00 2.157497303128370902e-03 6.914778856526428985e-01
