1.000000000000000000e+00 0.000000000000000000e+00 0.000000000000000000e+00 0.000000000000000000e+00 5.343511450381679267e-02 0.000000000000000000e+00 3.511450381679389054e-01 0.000000000000000000e+00 7.633587786259541687e-03 9.389312977099236734e-01 0.000000000000000000e+00 0.000000000000000000e+00 0.000000000000000000e+00 0.000000000000000000e+00 0.000000000000000000e+00
0.000000000000000000e+00 5.879265091863516979e-01 6.299212598425196763e-02 0.000000000000000000e+00 0.000000000000000000e+00 0.000000000000000000e+00 0.000000000000000000e+00 0.000000000000000000e+00 1.000000000000000000e+00 0.000000000000000000e+00 0.000000000000000000e+00 1.312335958005249326e-03 5.249343832020997302e-03 2.624671916010498651e-03 6.561679790026246628e-03
0.000000000000000000e+00 5.280528052805280592e-02 2.970297029702970160e-02 0.000000000000000000e+00 0.000000000000000000e+00 0.000000000000000000e+00 0.000000000000000000e+00 0.000000000000000000e+00 4.191419141914191626e-01 0.000000000000000000e+00 1.000000000000000000e+00 3.300330033003300370e-03 0.000000000000000000e+00 3.300330033003300370e-03 3.300330033003300370e-03
1.000000000000000000e+00 0.000000000000000000e+00 0.000000000000000000e+00 0.000000000000000000e+00 5.555555555555555247e-02 0.000000000000000000e+00 2.777777777777777624e-02 0.000000000000000000e+00 0.000000000000000000e+00 8.611111111111111605e-01 0.000000000000000000e+00 0.000000000000000000e+00 0.000000000000000000e+00 0.000000000000000000e+00 0.000000000000000000e+00
1.092233009708737899e-02 3.640776699029126331e-03 0.000000000000000000e+00 9.708737864077669061e-03 5.740291262135922556e-01 1.092233009708737899e-02 0.000000000000000000e+00 0.000000000000000000e+00 1.092233009708737899e-02 1.000000000000000000e+00 2.427184466019417265e-03 0.000000000000000000e+00 0.000000000000000000e+00 0.000000000000000000e+00 0.000000000000000000e+00
0.000000000000000000e+00 1.100917431192660612e-01 0.000000000000000000e+00 0.000000000000000000e+00 9.174311926605505096e-03 1.834862385321101019e-02 0.000000000000000000e+00 0.000000000000000000e+00 1.000000000000000000e+00 5.137614678899082854e-01 9.174311926605505096e-03 0.000000000000000000e+00 0.000000000000000000e+00 1.834862385321101019e-02 1.834862385321101019e-02
0.000000000000000000e+00 0.000000000000000000e+00 0.000000000000000000e+00 1.639344262295082053e-02 1.147540983606557402e-01 1.639344262295082053e-02 0.000000000000000000e+00 0.000000000000000000e+00 1.639344262295082053e-02 1.000000000000000000e+00 0.000000000000000000e+00 0.000000000000000000e+00 0.000000000000000000e+00 0.000000000000000000e+00 0.000000000000000000e+00
0.000000000000000000e+00 0.000000000000000000e+00 0.000000000000000000e+00 0.000000000000000000e+00 0.000000000000000000e+00 0.000000000000000000e+00 0.000000000000000000e+00 0.000000000000000000e+00 0.000000000000000000e+00 0.000000000000000000e+00 0.000000000000000000e+00 0.000000000000000000e+00 0.000000000000000000e+00 0.000000000000000000e+00 0.000000000000000000e+00
0.000000000000000000e+00 1.000000000000000000e+00 4.791666666666666852e-01 0.000000000000000000e+00 0.000000000000000000e+00 0.000000000000000000e+00 0.000000000000000000e+00 0.000000000000000000e+00 0.000000000000000000e+00 0.000000000000000000e+00 0.000000000000000000e+00 4.296875000000000000e-02 8.854166666666667129e-02 6.119791666666666435e-02 4.817708333333333565e-02
1.635687732342007428e-01 1.115241635687732290e-02 1.363073110285006190e-02 7.434944237918215959e-02 1.000000000000000000e+00 1.747211895910780743e-01 2.973977695167286106e-02 0.000000000000000000e+00 1.759603469640644291e-01 0.000000000000000000e+00 6.319702602230482802e-02 1.239157372986369283e-03 0.000000000000000000e+00 0.000000000000000000e+00 1.239157372986369283e-03
0.000000000000000000e+00 0.000000000000000000e+00 3.521126760563380361e-03 3.521126760563380361e-03 1.408450704225352179e-01 1.126760563380281716e-01 0.000000000000000000e+00 0.000000000000000000e+00 0.000000000000000000e+00 1.000000000000000000e+00 1.056338028169014065e-02 0.000000000000000000e+00 0.000000000000000000e+00 0.000000000000000000e+00 0.000000000000000000e+00
0.000000000000000000e+00 1.063829787234042562e-01 6.382978723404254817e-02 0.000000000000000000e+00 0.000000000000000000e+00 0.000000000000000000e+00 0.000000000000000000e+00 0.000000000000000000e+00 1.000000000000000000e+00 0.000000000000000000e+00 0.000000000000000000e+00 0.000000000000000000e+00 0.000000000000000000e+00 4.255319148936170109e-02 0.000000000000000000e+00
0.000000000000000000e+00 4.347826086956521618e-02 0.000000000000000000e+00 0.000000000000000000e+00 0.000000000000000000e+00 0.000000000000000000e+00 0.000000000000000000e+00 0.000000000000000000e+00 8.152173913043477826e-01 0.000000000000000000e+00 0.000000000000000000e+00 2.173913043478260809e-01 1.000000000000000000e+00 0.000000000000000000e+00 0.000000000000000000e+00
0.000000000000000000e+00 0.000000000000000000e+00 0.000000000000000000e+00 0.000000000000000000e+00 0.000000000000000000e+00 0.000000000000000000e+00 0.000000000000000000e+00 0.000000000000000000e+00 9.629629629629629095e-01 0.000000000000000000e+00 0.000000000000000000e+00 3.703703703703703498e-02 1.000000000000000000e+00 0.000000000000000000e+00 0.000000000000000000e+00
0.000000000000000000e+00 2.272727272727272652e-01 8.636363636363636465e-01 0.000000000000000000e+00 0.000000000000000000e+00 0.000000000000000000e+00 0.000000000000000000e+00 0.000000000000000000e+00 1.000000000000000000e+00 0.000000000000000000e+00 0.000000000000000000e+00 0.000000000000000000e+00 0.000000000000000000e+00 0.000000000000000000e+00 0.000000000000000000e+00
