0.000000000000000000e+00 0.000000000000000000e+00 0.000000000000000000e+00 0.000000000000000000e+00 0.000000000000000000e+00 1.122448979591836732e-01 0.000000000000000000e+00 4.132653061224489943e-01 1.000000000000000000e+00 2.551020408163265363e-02
0.000000000000000000e+00 3.080808080808080662e-01 1.212121212121212155e-01 0.000000000000000000e+00 0.000000000000000000e+00 0.000000000000000000e+00 1.000000000000000000e+00 0.000000000000000000e+00 0.000000000000000000e+00 0.000000000000000000e+00
1.000000000000000000e+00 0.000000000000000000e+00 0.000000000000000000e+00 0.000000000000000000e+00 0.000000000000000000e+00 0.000000000000000000e+00 3.960396039603960444e-02 0.000000000000000000e+00 0.000000000000000000e+00 0.000000000000000000e+00
0.000000000000000000e+00 6.349206349206348854e-02 0.000000000000000000e+00 0.000000000000000000e+00 0.000000000000000000e+00 0.000000000000000000e+00 6.349206349206348854e-01 1.000000000000000000e+00 0.000000000000000000e+00 1.031746031746031689e-01
0.000000000000000000e+00 0.000000000000000000e+00 0.000000000000000000e+00 0.000000000000000000e+00 0.000000000000000000e+00 0.000000000000000000e+00 0.000000000000000000e+00 0.000000000000000000e+00 0.000000000000000000e+00 0.000000000000000000e+00
0.000000000000000000e+00 0.000000000000000000e+00 0.000000000000000000e+00 0.000000000000000000e+00 0.000000000000000000e+00 5.714285714285713969e-01 0.000000000000000000e+00 9.523809523809523281e-01 1.000000000000000000e+00 4.761904761904761640e-02
0.000000000000000000e+00 6.989619377162630265e-01 1.000000000000000000e+00 0.000000000000000000e+00 0.000000000000000000e+00 0.000000000000000000e+00 0.000000000000000000e+00 0.000000000000000000e+00 0.000000000000000000e+00 0.000000000000000000e+00
0.000000000000000000e+00 2.763819095477387106e-02 7.537688442211054954e-03 5.025125628140703071e-01 0.000000000000000000e+00 0.000000000000000000e+00 4.748743718592964846e-01 0.000000000000000000e+00 0.000000000000000000e+00 1.000000000000000000e+00
0.000000000000000000e+00 0.000000000000000000e+00 0.000000000000000000e+00 0.000000000000000000e+00 0.000000000000000000e+00 1.092896174863387942e-01 0.000000000000000000e+00 1.000000000000000000e+00 0.000000000000000000e+00 7.650273224043716014e-02
0.000000000000000000e+00 2.557544757033248291e-03 0.000000000000000000e+00 6.905370843989769303e-02 0.000000000000000000e+00 0.000000000000000000e+00 3.069053708439897776e-02 1.000000000000000000e+00 0.000000000000000000e+00 3.120204603580562508e-01
