1.000000000000000000e+00 0.000000000000000000e+00 0.000000000000000000e+00 0.000000000000000000e+00 0.000000000000000000e+00 0.000000000000000000e+00 0.000000000000000000e+00 9.420631182289213729e-04 3.923692887423457232e-01 0.000000000000000000e+00 0.000000000000000000e+00 4.239284032030146178e-03 6.721620348563354108e-01 0.000000000000000000e+00 3.768252472915685491e-03 0.000000000000000000e+00 6.594441827602449610e-03 0.000000000000000000e+00 5.463966085727743616e-02
0.000000000000000000e+00 0.000000000000000000e+00 0.000000000000000000e+00 0.000000000000000000e+00 0.000000000000000000e+00 0.000000000000000000e+00 0.000000000000000000e+00 0.000000000000000000e+00 0.000000000000000000e+00 0.000000000000000000e+00 0.000000000000000000e+00 0.000000000000000000e+00 0.000000000000000000e+00 0.000000000000000000e+00 0.000000000000000000e+00 1.000000000000000000e+00 0.000000000000000000e+00 0.000000000000000000e+00 0.000000000000000000e+00
0.000000000000000000e+00 0.000000000000000000e+00 0.000000000000000000e+00 0.000000000000000000e+00 0.000000000000000000e+00 0.000000000000000000e+00 0.000000000000000000e+00 0.000000000000000000e+00 0.000000000000000000e+00 0.000000000000000000e+00 0.000000000000000000e+00 0.000000000000000000e+00 0.000000000000000000e+00 0.000000000000000000e+00 0.000000000000000000e+00 0.000000000000000000e+00 0.000000000000000000e+00 0.000000000000000000e+00 0.000000000000000000e+00
0.000000000000000000e+00 0.000000000000000000e+00 0.000000000000000000e+00 0.000000000000000000e+00 0.000000000000000000e+00 0.000000000000000000e+00 1.224489795918367319e-01 0.000000000000000000e+00 0.000000000000000000e+00 6.122448979591836593e-02 6.122448979591836593e-02 0.000000000000000000e+00 7.448979591836735192e-01 0.000000000000000000e+00 0.000000000000000000e+00 1.000000000000000000e+00 0.000000000000000000e+00 0.000000000000000000e+00 6.122448979591836593e-02
3.333333333333333148e-01 2.222222222222222099e-01 0.000000000000000000e+00 0.000000000000000000e+00 1.000000000000000000e+00 0.000000000000000000e+00 0.000000000000000000e+00 0.000000000000000000e+00 1.111111111111111049e-01 0.000000000000000000e+00 0.000000000000000000e+00 0.000000000000000000e+00 2.222222222222222099e-01 0.000000000000000000e+00 0.000000000000000000e+00 7.777777777777777901e-01 0.000000000000000000e+00 0.000000000000000000e+00 1.111111111111111049e-01
0.000000000000000000e+00 0.000000000000000000e+00 0.000000000000000000e+00 1.000000000000000000e+00 0.000000000000000000e+00 0.000000000000000000e+00 0.000000000000000000e+00 0.000000000000000000e+00 0.000000000000000000e+00 0.000000000000000000e+00 0.000000000000000000e+00 0.000000000000000000e+00 0.000000000000000000e+00 5.100000000000000089e-01 0.000000000000000000e+00 0.000000000000000000e+00 0.000000000000000000e+00 0.000000000000000000e+00 0.000000000000000000e+00
1.000000000000000000e+00 0.000000000000000000e+00 0.000000000000000000e+00 0.000000000000000000e+00 0.000000000000000000e+00 0.000000000000000000e+00 0.000000000000000000e+00 1.173708920187793454e-03 1.877934272300469387e-01 0.000000000000000000e+00 0.000000000000000000e+00 1.173708920187793367e-02 7.723004694835681194e-01 0.000000000000000000e+00 0.000000000000000000e+00 0.000000000000000000e+00 7.042253521126760722e-03 0.000000000000000000e+00 5.164319248826291370e-02
0.000000000000000000e+00 0.000000000000000000e+00 0.000000000000000000e+00 0.000000000000000000e+00 0.000000000000000000e+00 4.535147392290249380e-02 0.000000000000000000e+00 6.326530612244898322e-01 0.000000000000000000e+00 0.000000000000000000e+00 0.000000000000000000e+00 1.000000000000000000e+00 0.000000000000000000e+00 0.000000000000000000e+00 8.163265306122448328e-02 0.000000000000000000e+00 1.315192743764172223e-01 1.156462585034013640e-01 0.000000000000000000e+00
7.770007770007770001e-04 0.000000000000000000e+00 0.000000000000000000e+00 0.000000000000000000e+00 0.000000000000000000e+00 0.000000000000000000e+00 2.206682206682206715e-01 3.108003108003108000e-03 0.000000000000000000e+00 0.000000000000000000e+00 0.000000000000000000e+00 1.631701631701631613e-02 1.000000000000000000e+00 0.000000000000000000e+00 0.000000000000000000e+00 0.000000000000000000e+00 7.770007770007770001e-04 3.108003108003108000e-03 6.449106449106449535e-02
0.000000000000000000e+00 0.000000000000000000e+00 0.000000000000000000e+00 0.000000000000000000e+00 0.000000000000000000e+00 0.000000000000000000e+00 0.000000000000000000e+00 0.000000000000000000e+00 0.000000000000000000e+00 7.727272727272727071e-01 0.000000000000000000e+00 0.000000000000000000e+00 1.363636363636363535e-01 0.000000000000000000e+00 0.000000000000000000e+00 1.000000000000000000e+00 0.000000000000000000e+00 0.000000000000000000e+00 2.272727272727272652e-01
1.250000000000000000e-01 0.000000000000000000e+00 0.000000000000000000e+00 0.000000000000000000e+00 1.000000000000000000e+00 0.000000000000000000e+00 0.000000000000000000e+00 0.000000000000000000e+00 2.500000000000000000e-01 0.000000000000000000e+00 0.000000000000000000e+00 0.000000000000000000e+00 1.250000000000000000e-01 0.000000000000000000e+00 0.000000000000000000e+00 5.000000000000000000e-01 0.000000000000000000e+00 0.000000000000000000e+00 0.000000000000000000e+00
0.000000000000000000e+00 0.000000000000000000e+00 0.000000000000000000e+00 0.000000000000000000e+00 0.000000000000000000e+00 3.507565337001375405e-01 0.000000000000000000e+00 6.038514442916093072e-01 0.000000000000000000e+00 0.000000000000000000e+00 0.000000000000000000e+00 0.000000000000000000e+00 0.000000000000000000e+00 1.375515818431911983e-03 4.319119669876203549e-01 0.000000000000000000e+00 1.000000000000000000e+00 8.638239339752407098e-01 0.000000000000000000e+00
1.000000000000000000e+00 0.000000000000000000e+00 0.000000000000000000e+00 0.000000000000000000e+00 0.000000000000000000e+00 0.000000000000000000e+00 9.167244968771686153e-01 6.939625260235946988e-03 4.469118667591950311e-01 0.000000000000000000e+00 0.000000000000000000e+00 1.054823039555864012e-01 0.000000000000000000e+00 0.000000000000000000e+00 2.775850104094378795e-03 0.000000000000000000e+00 5.551700208188757590e-03 2.290076335877862593e-02 6.086051353226925587e-01
0.000000000000000000e+00 0.000000000000000000e+00 0.000000000000000000e+00 0.000000000000000000e+00 0.000000000000000000e+00 0.000000000000000000e+00 1.219512195121951192e-01 0.000000000000000000e+00 0.000000000000000000e+00 0.000000000000000000e+00 0.000000000000000000e+00 0.000000000000000000e+00 1.000000000000000000e+00 0.000000000000000000e+00 0.000000000000000000e+00 0.000000000000000000e+00 0.000000000000000000e+00 0.000000000000000000e+00 1.341463414634146423e-01
0.000000000000000000e+00 0.000000000000000000e+00 0.000000000000000000e+00 0.000000000000000000e+00 0.000000000000000000e+00 3.988603988603988543e-02 0.000000000000000000e+00 8.831908831908831525e-02 0.000000000000000000e+00 0.000000000000000000e+00 0.000000000000000000e+00 1.000000000000000000e+00 0.000000000000000000e+00 0.000000000000000000e+00 0.000000000000000000e+00 0.000000000000000000e+00 0.000000000000000000e+00 1.894586894586894610e-01 0.000000000000000000e+00
1.333333333333333419e-02 0.000000000000000000e+00 0.000000000000000000e+00 0.000000000000000000e+00 1.066666666666666735e-01 0.000000000000000000e+00 1.066666666666666735e-01 0.000000000000000000e+00 0.000000000000000000e+00 3.200000000000000067e-01 1.333333333333333315e-01 0.000000000000000000e+00 1.000000000000000000e+00 0.000000000000000000e+00 0.000000000000000000e+00 0.000000000000000000e+00 0.000000000000000000e+00 0.000000000000000000e+00 9.333333333333333759e-02
0.000000000000000000e+00 0.000000000000000000e+00 0.000000000000000000e+00 0.000000000000000000e+00 0.000000000000000000e+00 0.000000000000000000e+00 0.000000000000000000e+00 5.679702048417132471e-02 0.000000000000000000e+00 0.000000000000000000e+00 0.000000000000000000e+00 6.890130353817505160e-01 0.000000000000000000e+00 0.000000000000000000e+00 4.525139664804469497e-01 0.000000000000000000e+00 1.000000000000000000e+00 0.000000000000000000e+00 0.000000000000000000e+00
0.000000000000000000e+00 0.000000000000000000e+00 0.000000000000000000e+00 0.000000000000000000e+00 0.000000000000000000e+00 0.000000000000000000e+00 0.000000000000000000e+00 5.073995771670190141e-02 0.000000000000000000e+00 0.000000000000000000e+00 0.000000000000000000e+00 5.877378435517970345e-01 0.000000000000000000e+00 0.000000000000000000e+00 1.627906976744186163e-01 0.000000000000000000e+00 1.000000000000000000e+00 0.000000000000000000e+00 0.000000000000000000e+00
1.247165532879818545e-01 0.000000000000000000e+00 0.000000000000000000e+00 0.000000000000000000e+00 0.000000000000000000e+00 0.000000000000000000e+00 1.088435374149659823e-01 3.401360544217686948e-03 5.102040816326530726e-02 0.000000000000000000e+00 0.000000000000000000e+00 1.247165532879818649e-02 1.000000000000000000e+00 0.000000000000000000e+00 0.000000000000000000e+00 0.000000000000000000e+00 0.000000000000000000e+00 3.401360544217686948e-03 6.258503401360544505e-01
