6.217948717948718063e-01 4.807692307692307959e-02 0.000000000000000000e+00 0.000000000000000000e+00 0.000000000000000000e+00 0.000000000000000000e+00 1.000000000000000000e+00 0.000000000000000000e+00 0.000000000000000000e+00 0.000000000000000000e+00 4.273504273504273934e-03 0.000000000000000000e+00 0.000000000000000000e+00
1.030927835051546372e-02 2.577319587628865843e-02 0.000000000000000000e+00 0.000000000000000000e+00 0.000000000000000000e+00 1.000000000000000000e+00 2.113402061855670089e-01 0.000000000000000000e+00 0.000000000000000000e+00 0.000000000000000000e+00 4.845360824742268036e-01 1.340206185567010266e-01 3.762886597938144284e-01
7.164790174002047020e-03 0.000000000000000000e+00 6.591606960081883848e-01 5.117707267144319672e-03 0.000000000000000000e+00 0.000000000000000000e+00 1.432958034800409404e-02 0.000000000000000000e+00 1.000000000000000000e+00 0.000000000000000000e+00 0.000000000000000000e+00 5.117707267144319672e-03 0.000000000000000000e+00
0.000000000000000000e+00 0.000000000000000000e+00 6.976744186046511531e-02 4.651162790697674354e-02 0.000000000000000000e+00 0.000000000000000000e+00 9.302325581395348708e-02 0.000000000000000000e+00 1.000000000000000000e+00 0.000000000000000000e+00 0.000000000000000000e+00 9.767441860465115866e-01 0.000000000000000000e+00
0.000000000000000000e+00 0.000000000000000000e+00 0.000000000000000000e+00 0.000000000000000000e+00 0.000000000000000000e+00 0.000000000000000000e+00 0.000000000000000000e+00 0.000000000000000000e+00 0.000000000000000000e+00 0.000000000000000000e+00 0.000000000000000000e+00 0.000000000000000000e+00 0.000000000000000000e+00
0.000000000000000000e+00 0.000000000000000000e+00 0.000000000000000000e+00 0.000000000000000000e+00 0.000000000000000000e+00 2.033898305084745617e-02 0.000000000000000000e+00 1.000000000000000000e+00 0.000000000000000000e+00 0.000000000000000000e+00 0.000000000000000000e+00 0.000000000000000000e+00 0.000000000000000000e+00
1.000000000000000000e+00 3.026178010471204383e-01 0.000000000000000000e+00 0.000000000000000000e+00 0.000000000000000000e+00 0.000000000000000000e+00 0.000000000000000000e+00 0.000000000000000000e+00 0.000000000000000000e+00 0.000000000000000000e+00 3.769633507853403093e-02 0.000000000000000000e+00 0.000000000000000000e+00
0.000000000000000000e+00 0.000000000000000000e+00 0.000000000000000000e+00 0.000000000000000000e+00 0.000000000000000000e+00 6.824324324324324564e-01 0.000000000000000000e+00 4.054054054054054279e-02 0.000000000000000000e+00 0.000000000000000000e+00 0.000000000000000000e+00 3.783783783783783994e-01 1.000000000000000000e+00
2.053388090349075878e-02 0.000000000000000000e+00 1.000000000000000000e+00 3.285420944558521683e-02 0.000000000000000000e+00 0.000000000000000000e+00 2.618069815195072092e-01 0.000000000000000000e+00 0.000000000000000000e+00 0.000000000000000000e+00 1.026694045174538026e-03 4.722792607802874659e-02 0.000000000000000000e+00
0.000000000000000000e+00 0.000000000000000000e+00 0.000000000000000000e+00 0.000000000000000000e+00 0.000000000000000000e+00 0.000000000000000000e+00 0.000000000000000000e+00 0.000000000000000000e+00 0.000000000000000000e+00 3.271028037383177239e-02 0.000000000000000000e+00 1.000000000000000000e+00 7.336448598130841381e-01
1.052631578947368397e-02 1.000000000000000000e+00 0.000000000000000000e+00 0.000000000000000000e+00 0.000000000000000000e+00 0.000000000000000000e+00 2.947368421052631304e-01 1.157894736842105254e-01 0.000000000000000000e+00 0.000000000000000000e+00 4.210526315789473589e-02 0.000000000000000000e+00 0.000000000000000000e+00
0.000000000000000000e+00 3.246753246753246967e-03 1.006493506493506551e-01 1.558441558441558406e-01 0.000000000000000000e+00 0.000000000000000000e+00 6.493506493506493935e-03 0.000000000000000000e+00 1.000000000000000000e+00 0.000000000000000000e+00 0.000000000000000000e+00 1.298701298701298787e-02 0.000000000000000000e+00
0.000000000000000000e+00 0.000000000000000000e+00 0.000000000000000000e+00 1.886792452830188607e-02 0.000000000000000000e+00 0.000000000000000000e+00 0.000000000000000000e+00 0.000000000000000000e+00 0.000000000000000000e+00 1.000000000000000000e+00 0.000000000000000000e+00 0.000000000000000000e+00 1.886792452830188607e-02
