2.777777777777777624e-02 0.000000000000000000e+00 0.000000000000000000e+00 0.000000000000000000e+00 1.851851851851851749e-02 0.000000000000000000e+00 0.000000000000000000e+00 0.000000000000000000e+00 0.000000000000000000e+00 0.000000000000000000e+00 1.000000000000000000e+00 0.000000000000000000e+00 0.000000000000000000e+00
0.000000000000000000e+00 6.413994169096209896e-01 6.122448979591836593e-02 0.000000000000000000e+00 0.000000000000000000e+00 0.000000000000000000e+00 0.000000000000000000e+00 1.000000000000000000e+00 0.000000000000000000e+00 0.000000000000000000e+00 0.000000000000000000e+00 0.000000000000000000e+00 8.746355685131195629e-03
2.575757575757575690e-01 1.060606060606060635e-01 1.060606060606060635e-01 0.000000000000000000e+00 0.000000000000000000e+00 0.000000000000000000e+00 1.000000000000000000e+00 9.696969696969697239e-01 0.000000000000000000e+00 0.000000000000000000e+00 0.000000000000000000e+00 1.515151515151515194e-01 4.696969696969697239e-01
0.000000000000000000e+00 3.533568904593639530e-03 0.000000000000000000e+00 4.840989399293286199e-01 2.120141342756183891e-02 0.000000000000000000e+00 0.000000000000000000e+00 1.766784452296819852e-02 0.000000000000000000e+00 1.000000000000000000e+00 0.000000000000000000e+00 7.067137809187279060e-03 0.000000000000000000e+00
0.000000000000000000e+00 1.428571428571428492e-01 2.857142857142857054e-02 8.571428571428571508e-02 5.714285714285714107e-02 0.000000000000000000e+00 0.000000000000000000e+00 1.000000000000000000e+00 0.000000000000000000e+00 5.142857142857142350e-01 0.000000000000000000e+00 6.857142857142857206e-01 2.857142857142857054e-02
0.000000000000000000e+00 0.000000000000000000e+00 0.000000000000000000e+00 0.000000000000000000e+00 0.000000000000000000e+00 0.000000000000000000e+00 0.000000000000000000e+00 0.000000000000000000e+00 0.000000000000000000e+00 0.000000000000000000e+00 0.000000000000000000e+00 0.000000000000000000e+00 0.000000000000000000e+00
0.000000000000000000e+00 0.000000000000000000e+00 0.000000000000000000e+00 0.000000000000000000e+00 0.000000000000000000e+00 0.000000000000000000e+00 2.830188679245283084e-02 0.000000000000000000e+00 1.000000000000000000e+00 0.000000000000000000e+00 0.000000000000000000e+00 0.000000000000000000e+00 0.000000000000000000e+00
0.000000000000000000e+00 1.000000000000000000e+00 3.757225433526011349e-01 0.000000000000000000e+00 0.000000000000000000e+00 0.000000000000000000e+00 0.000000000000000000e+00 0.000000000000000000e+00 0.000000000000000000e+00 0.000000000000000000e+00 0.000000000000000000e+00 0.000000000000000000e+00 1.098265895953757232e-01
1.000000000000000000e+00 0.000000000000000000e+00 0.000000000000000000e+00 0.000000000000000000e+00 0.000000000000000000e+00 0.000000000000000000e+00 8.333333333333333703e-01 0.000000000000000000e+00 6.250000000000000000e-02 0.000000000000000000e+00 0.000000000000000000e+00 4.791666666666666852e-01 0.000000000000000000e+00
0.000000000000000000e+00 1.754385964912280604e-02 1.403508771929824588e-02 1.000000000000000000e+00 1.789473684210526327e-01 0.000000000000000000e+00 0.000000000000000000e+00 1.333333333333333315e-01 0.000000000000000000e+00 0.000000000000000000e+00 0.000000000000000000e+00 4.210526315789473589e-02 7.017543859649122938e-03
6.875000000000000000e-01 0.000000000000000000e+00 0.000000000000000000e+00 0.000000000000000000e+00 0.000000000000000000e+00 0.000000000000000000e+00 0.000000000000000000e+00 0.000000000000000000e+00 0.000000000000000000e+00 0.000000000000000000e+00 3.125000000000000000e-02 1.000000000000000000e+00 0.000000000000000000e+00
0.000000000000000000e+00 1.041666666666666609e-02 1.041666666666666609e-02 9.375000000000000000e-02 2.916666666666666852e-01 0.000000000000000000e+00 0.000000000000000000e+00 0.000000000000000000e+00 0.000000000000000000e+00 1.000000000000000000e+00 0.000000000000000000e+00 1.041666666666666609e-02 0.000000000000000000e+00
0.000000000000000000e+00 5.263157894736841813e-02 1.000000000000000000e+00 0.000000000000000000e+00 0.000000000000000000e+00 0.000000000000000000e+00 0.000000000000000000e+00 7.631578947368421462e-01 1.578947368421052544e-01 0.000000000000000000e+00 0.000000000000000000e+00 0.000000000000000000e+00 2.631578947368420907e-02
