0.000000000000000000e+00 0.000000000000000000e+00 0.000000000000000000e+00 0.000000000000000000e+00 0.000000000000000000e+00 5.923344947735191546e-02 0.000000000000000000e+00 0.000000000000000000e+00 1.000000000000000000e+00 0.000000000000000000e+00
0.000000000000000000e+00 7.087912087912088266e-01 6.776556776556776074e-02 0.000000000000000000e+00 0.000000000000000000e+00 0.000000000000000000e+00 1.000000000000000000e+00 0.000000000000000000e+00 0.000000000000000000e+00 0.000000000000000000e+00
1.000000000000000000e+00 6.600660066006600740e-03 0.000000000000000000e+00 0.000000000000000000e+00 0.000000000000000000e+00 0.000000000000000000e+00 1.188118811881188064e-01 0.000000000000000000e+00 0.000000000000000000e+00 0.000000000000000000e+00
0.000000000000000000e+00 6.481481481481481122e-02 9.259259259259258745e-03 0.000000000000000000e+00 0.000000000000000000e+00 0.000000000000000000e+00 1.000000000000000000e+00 7.685185185185184897e-01 0.000000000000000000e+00 9.259259259259258745e-02
0.000000000000000000e+00 0.000000000000000000e+00 0.000000000000000000e+00 0.000000000000000000e+00 0.000000000000000000e+00 0.000000000000000000e+00 0.000000000000000000e+00 0.000000000000000000e+00 0.000000000000000000e+00 0.000000000000000000e+00
0.000000000000000000e+00 0.000000000000000000e+00 0.000000000000000000e+00 0.000000000000000000e+00 0.000000000000000000e+00 6.677316293929712598e-01 0.000000000000000000e+00 2.875399361022364098e-02 1.000000000000000000e+00 1.916932907348242732e-02
0.000000000000000000e+00 1.000000000000000000e+00 5.311942959001783038e-01 0.000000000000000000e+00 0.000000000000000000e+00 0.000000000000000000e+00 0.000000000000000000e+00 0.000000000000000000e+00 0.000000000000000000e+00 0.000000000000000000e+00
0.000000000000000000e+00 8.771929824561403022e-03 8.771929824561403022e-03 2.923976608187134341e-01 0.000000000000000000e+00 0.000000000000000000e+00 2.368421052631578816e-01 0.000000000000000000e+00 0.000000000000000000e+00 1.000000000000000000e+00
0.000000000000000000e+00 0.000000000000000000e+00 0.000000000000000000e+00 0.000000000000000000e+00 0.000000000000000000e+00 1.000000000000000000e+00 0.000000000000000000e+00 8.617363344051447438e-01 0.000000000000000000e+00 6.752411575562701496e-02
0.000000000000000000e+00 1.002865329512894060e-02 0.000000000000000000e+00 1.289398280802292289e-02 0.000000000000000000e+00 0.000000000000000000e+00 1.002865329512894060e-02 1.000000000000000000e+00 0.000000000000000000e+00 6.289398280802291907e-01
