2.932551319648094013e-02 0.000000000000000000e+00 0.000000000000000000e+00 2.932551319648094013e-02 0.000000000000000000e+00 0.000000000000000000e+00 0.000000000000000000e+00 0.000000000000000000e+00 0.000000000000000000e+00 1.000000000000000000e+00 0.000000000000000000e+00 0.000000000000000000e+00 0.000000000000000000e+00
0.000000000000000000e+00 6.416349809885931732e-01 4.752851711026615661e-02 0.000000000000000000e+00 0.000000000000000000e+00 0.000000000000000000e+00 1.000000000000000000e+00 0.000000000000000000e+00 0.000000000000000000e+00 0.000000000000000000e+00 9.505703422053231669e-03 0.000000000000000000e+00 0.000000000000000000e+00
3.826530612244897767e-01 3.571428571428571230e-02 7.653061224489796088e-02 0.000000000000000000e+00 0.000000000000000000e+00 1.000000000000000000e+00 2.857142857142856984e-01 0.000000000000000000e+00 0.000000000000000000e+00 0.000000000000000000e+00 3.775510204081632404e-01 1.326530612244898044e-01 0.000000000000000000e+00
0.000000000000000000e+00 0.000000000000000000e+00 2.173913043478260809e-02 2.173913043478260809e-02 0.000000000000000000e+00 0.000000000000000000e+00 8.695652173913043237e-02 0.000000000000000000e+00 7.608695652173913526e-01 0.000000000000000000e+00 2.173913043478260809e-02 1.000000000000000000e+00 6.521739130434782428e-02
0.000000000000000000e+00 0.000000000000000000e+00 0.000000000000000000e+00 0.000000000000000000e+00 0.000000000000000000e+00 0.000000000000000000e+00 0.000000000000000000e+00 0.000000000000000000e+00 0.000000000000000000e+00 0.000000000000000000e+00 0.000000000000000000e+00 0.000000000000000000e+00 0.000000000000000000e+00
0.000000000000000000e+00 0.000000000000000000e+00 0.000000000000000000e+00 0.000000000000000000e+00 0.000000000000000000e+00 3.809523809523809867e-02 0.000000000000000000e+00 1.000000000000000000e+00 0.000000000000000000e+00 0.000000000000000000e+00 0.000000000000000000e+00 0.000000000000000000e+00 0.000000000000000000e+00
0.000000000000000000e+00 1.000000000000000000e+00 2.636954503249767656e-01 0.000000000000000000e+00 0.000000000000000000e+00 0.000000000000000000e+00 0.000000000000000000e+00 0.000000000000000000e+00 0.000000000000000000e+00 0.000000000000000000e+00 5.571030640668523520e-02 0.000000000000000000e+00 0.000000000000000000e+00
1.000000000000000000e+00 0.000000000000000000e+00 0.000000000000000000e+00 0.000000000000000000e+00 0.000000000000000000e+00 8.206896551724137678e-01 0.000000000000000000e+00 8.965517241379310220e-02 0.000000000000000000e+00 0.000000000000000000e+00 0.000000000000000000e+00 3.931034482758620774e-01 0.000000000000000000e+00
0.000000000000000000e+00 1.387283236994219654e-02 0.000000000000000000e+00 2.543352601156069481e-02 0.000000000000000000e+00 0.000000000000000000e+00 2.947976878612716956e-01 0.000000000000000000e+00 0.000000000000000000e+00 0.000000000000000000e+00 2.312138728323699568e-03 4.855491329479768442e-02 1.000000000000000000e+00
6.161137440758294170e-01 0.000000000000000000e+00 0.000000000000000000e+00 0.000000000000000000e+00 0.000000000000000000e+00 0.000000000000000000e+00 0.000000000000000000e+00 0.000000000000000000e+00 0.000000000000000000e+00 4.739336492890994929e-02 0.000000000000000000e+00 1.000000000000000000e+00 0.000000000000000000e+00
0.000000000000000000e+00 5.050505050505050414e-02 1.000000000000000000e+00 0.000000000000000000e+00 0.000000000000000000e+00 0.000000000000000000e+00 3.636363636363636465e-01 7.070707070707070441e-02 0.000000000000000000e+00 0.000000000000000000e+00 2.020202020202020374e-02 0.000000000000000000e+00 0.000000000000000000e+00
0.000000000000000000e+00 6.944444444444444059e-03 0.000000000000000000e+00 1.979166666666666574e-01 0.000000000000000000e+00 0.000000000000000000e+00 0.000000000000000000e+00 0.000000000000000000e+00 1.000000000000000000e+00 0.000000000000000000e+00 0.000000000000000000e+00 6.944444444444444059e-03 1.354166666666666574e-01
0.000000000000000000e+00 1.028571428571428518e-02 0.000000000000000000e+00 1.142857142857142943e-03 0.000000000000000000e+00 0.000000000000000000e+00 2.057142857142857037e-02 0.000000000000000000e+00 1.000000000000000000e+00 0.000000000000000000e+00 0.000000000000000000e+00 4.571428571428571772e-03 5.565714285714286058e-01
