5.000000000000000000e-01 1.562500000000000000e-02 0.000000000000000000e+00 0.000000000000000000e+00 0.000000000000000000e+00 0.000000000000000000e+00 3.125000000000000000e-01 0.000000000000000000e+00 1.562500000000000000e-02 1.000000000000000000e+00 0.000000000000000000e+00 0.000000000000000000e+00 0.000000000000000000e+00 0.000000000000000000e+00 1.406250000000000000e-01
0.000000000000000000e+00 6.447270007479432019e-01 4.038893044128646220e-02 0.000000000000000000e+00 5.983545250560957235e-03 0.000000000000000000e+00 0.000000000000000000e+00 0.000000000000000000e+00 1.000000000000000000e+00 0.000000000000000000e+00 5.983545250560957235e-03 3.739715781600598272e-03 5.235602094240838014e-03 0.000000000000000000e+00 0.000000000000000000e+00
0.000000000000000000e+00 2.640264026402640296e-02 1.320132013201320148e-02 0.000000000000000000e+00 1.650165016501650012e-02 0.000000000000000000e+00 0.000000000000000000e+00 0.000000000000000000e+00 3.432343234323432246e-01 0.000000000000000000e+00 0.000000000000000000e+00 0.000000000000000000e+00 0.000000000000000000e+00 1.000000000000000000e+00 0.000000000000000000e+00
1.844660194174757295e-01 0.000000000000000000e+00 0.000000000000000000e+00 0.000000000000000000e+00 0.000000000000000000e+00 1.941747572815533812e-02 1.553398058252427050e-01 0.000000000000000000e+00 1.941747572815533812e-02 1.000000000000000000e+00 0.000000000000000000e+00 0.000000000000000000e+00 0.000000000000000000e+00 0.000000000000000000e+00 8.737864077669903196e-02
0.000000000000000000e+00 8.256880733944954587e-02 0.000000000000000000e+00 0.000000000000000000e+00 0.000000000000000000e+00 0.000000000000000000e+00 0.000000000000000000e+00 0.000000000000000000e+00 1.000000000000000000e+00 0.000000000000000000e+00 2.018348623853211121e-01 9.174311926605505096e-03 1.834862385321101019e-01 0.000000000000000000e+00 0.000000000000000000e+00
0.000000000000000000e+00 1.954022988505747238e-01 0.000000000000000000e+00 0.000000000000000000e+00 3.448275862068965469e-02 0.000000000000000000e+00 0.000000000000000000e+00 0.000000000000000000e+00 1.000000000000000000e+00 7.356321839080459668e-01 0.000000000000000000e+00 1.149425287356321823e-02 0.000000000000000000e+00 0.000000000000000000e+00 5.747126436781609116e-02
0.000000000000000000e+00 0.000000000000000000e+00 0.000000000000000000e+00 8.547008547008547868e-03 0.000000000000000000e+00 8.547008547008547868e-03 0.000000000000000000e+00 0.000000000000000000e+00 0.000000000000000000e+00 1.000000000000000000e+00 0.000000000000000000e+00 0.000000000000000000e+00 0.000000000000000000e+00 0.000000000000000000e+00 1.452991452991453103e-01
0.000000000000000000e+00 0.000000000000000000e+00 0.000000000000000000e+00 0.000000000000000000e+00 0.000000000000000000e+00 0.000000000000000000e+00 0.000000000000000000e+00 0.000000000000000000e+00 0.000000000000000000e+00 0.000000000000000000e+00 0.000000000000000000e+00 0.000000000000000000e+00 0.000000000000000000e+00 0.000000000000000000e+00 0.000000000000000000e+00
0.000000000000000000e+00 1.000000000000000000e+00 2.483271375464684017e-01 0.000000000000000000e+00 1.040892193308550207e-01 0.000000000000000000e+00 0.000000000000000000e+00 0.000000000000000000e+00 0.000000000000000000e+00 0.000000000000000000e+00 9.293680297397768908e-02 1.710037174721189615e-02 3.940520446096654195e-02 0.000000000000000000e+00 0.000000000000000000e+00
6.370656370656370415e-02 1.254826254826254747e-02 7.722007722007722189e-03 1.283783783783783716e-01 2.895752895752895604e-03 1.428571428571428492e-01 8.494208494208493887e-02 0.000000000000000000e+00 1.428571428571428492e-01 0.000000000000000000e+00 2.895752895752895604e-03 1.930501930501930547e-03 0.000000000000000000e+00 2.316602316602316483e-02 1.000000000000000000e+00
0.000000000000000000e+00 7.692307692307692735e-02 4.487179487179487197e-02 0.000000000000000000e+00 1.282051282051282007e-02 0.000000000000000000e+00 0.000000000000000000e+00 0.000000000000000000e+00 1.000000000000000000e+00 0.000000000000000000e+00 0.000000000000000000e+00 1.282051282051282007e-02 0.000000000000000000e+00 0.000000000000000000e+00 0.000000000000000000e+00
0.000000000000000000e+00 1.875000000000000000e-01 9.375000000000000000e-01 0.000000000000000000e+00 0.000000000000000000e+00 0.000000000000000000e+00 0.000000000000000000e+00 0.000000000000000000e+00 1.000000000000000000e+00 0.000000000000000000e+00 0.000000000000000000e+00 0.000000000000000000e+00 0.000000000000000000e+00 0.000000000000000000e+00 0.000000000000000000e+00
0.000000000000000000e+00 1.372549019607843257e-01 1.960784313725490169e-02 0.000000000000000000e+00 0.000000000000000000e+00 0.000000000000000000e+00 0.000000000000000000e+00 0.000000000000000000e+00 1.000000000000000000e+00 0.000000000000000000e+00 4.117647058823529216e-01 0.000000000000000000e+00 2.745098039215686514e-01 0.000000000000000000e+00 0.000000000000000000e+00
0.000000000000000000e+00 0.000000000000000000e+00 3.690036900369003583e-03 3.321033210332103441e-02 0.000000000000000000e+00 3.690036900369003670e-02 0.000000000000000000e+00 0.000000000000000000e+00 0.000000000000000000e+00 1.000000000000000000e+00 0.000000000000000000e+00 0.000000000000000000e+00 0.000000000000000000e+00 7.380073800738007166e-03 1.439114391143911376e-01
9.496676163342829616e-03 3.798670465337132193e-03 9.496676163342830483e-04 7.597340930674264387e-03 0.000000000000000000e+00 1.519468186134852877e-02 1.139601139601139658e-02 0.000000000000000000e+00 8.547008547008547868e-03 1.000000000000000000e+00 0.000000000000000000e+00 0.000000000000000000e+00 0.000000000000000000e+00 1.899335232668566097e-03 6.391263057929724711e-01
