0.000000000000000000e+00 0.000000000000000000e+00 0.000000000000000000e+00 0.000000000000000000e+00 0.000000000000000000e+00 8.421052631578947179e-02 5.263157894736841987e-03 4.947368421052631415e-01 1.000000000000000000e+00 1.578947368421052683e-02
1.000000000000000000e+00 0.000000000000000000e+00 2.310231023102310086e-02 0.000000000000000000e+00 0.000000000000000000e+00 0.000000000000000000e+00 3.795379537953795235e-01 0.000000000000000000e+00 0.000000000000000000e+00 0.000000000000000000e+00
0.000000000000000000e+00 1.942148760330578428e-01 4.049586776859503967e-01 0.000000000000000000e+00 0.000000000000000000e+00 0.000000000000000000e+00 1.000000000000000000e+00 0.000000000000000000e+00 0.000000000000000000e+00 0.000000000000000000e+00
0.000000000000000000e+00 9.708737864077669061e-03 1.262135922330097082e-01 0.000000000000000000e+00 0.000000000000000000e+00 0.000000000000000000e+00 1.000000000000000000e+00 2.912621359223301065e-02 0.000000000000000000e+00 0.000000000000000000e+00
0.000000000000000000e+00 0.000000000000000000e+00 0.000000000000000000e+00 0.000000000000000000e+00 0.000000000000000000e+00 0.000000000000000000e+00 0.000000000000000000e+00 0.000000000000000000e+00 0.000000000000000000e+00 0.000000000000000000e+00
0.000000000000000000e+00 0.000000000000000000e+00 0.000000000000000000e+00 0.000000000000000000e+00 0.000000000000000000e+00 4.285714285714285476e-01 0.000000000000000000e+00 4.761904761904761640e-01 1.000000000000000000e+00 9.523809523809523281e-02
0.000000000000000000e+00 1.000000000000000000e+00 7.295774647887324216e-01 0.000000000000000000e+00 0.000000000000000000e+00 0.000000000000000000e+00 0.000000000000000000e+00 0.000000000000000000e+00 0.000000000000000000e+00 0.000000000000000000e+00
0.000000000000000000e+00 6.562500000000000278e-02 2.812500000000000069e-02 3.437500000000000000e-01 0.000000000000000000e+00 0.000000000000000000e+00 4.406249999999999889e-01 0.000000000000000000e+00 0.000000000000000000e+00 1.000000000000000000e+00
0.000000000000000000e+00 0.000000000000000000e+00 0.000000000000000000e+00 0.000000000000000000e+00 0.000000000000000000e+00 9.392265193370165355e-02 0.000000000000000000e+00 1.000000000000000000e+00 0.000000000000000000e+00 7.182320441988949977e-02
0.000000000000000000e+00 6.389776357827475772e-03 3.194888178913737886e-03 3.194888178913737886e-02 0.000000000000000000e+00 0.000000000000000000e+00 3.833865814696485463e-02 1.000000000000000000e+00 0.000000000000000000e+00 3.546325878594249192e-01
