1.000000000000000000e+00 0.000000000000000000e+00 0.000000000000000000e+00 0.000000000000000000e+00 0.000000000000000000e+00 0.000000000000000000e+00 0.000000000000000000e+00 0.000000000000000000e+00 5.812500000000000444e-01 0.000000000000000000e+00 0.000000000000000000e+00 0.000000000000000000e+00 2.187500000000000000e-01 6.250000000000000347e-03 0.000000000000000000e+00 0.000000000000000000e+00 3.749999999999999861e-02 0.000000000000000000e+00 1.874999999999999931e-02
0.000000000000000000e+00 0.000000000000000000e+00 0.000000000000000000e+00 0.000000000000000000e+00 0.000000000000000000e+00 0.000000000000000000e+00 0.000000000000000000e+00 0.000000000000000000e+00 0.000000000000000000e+00 0.000000000000000000e+00 0.000000000000000000e+00 0.000000000000000000e+00 1.000000000000000000e+00 0.000000000000000000e+00 0.000000000000000000e+00 0.000000000000000000e+00 0.000000000000000000e+00 0.000000000000000000e+00 0.000000000000000000e+00
0.000000000000000000e+00 0.000000000000000000e+00 0.000000000000000000e+00 0.000000000000000000e+00 0.000000000000000000e+00 0.000000000000000000e+00 0.000000000000000000e+00 0.000000000000000000e+00 0.000000000000000000e+00 0.000000000000000000e+00 0.000000000000000000e+00 0.000000000000000000e+00 0.000000000000000000e+00 0.000000000000000000e+00 0.000000000000000000e+00 0.000000000000000000e+00 0.000000000000000000e+00 0.000000000000000000e+00 0.000000000000000000e+00
0.000000000000000000e+00 8.333333333333333218e-03 0.000000000000000000e+00 2.500000000000000139e-02 0.000000000000000000e+00 0.000000000000000000e+00 0.000000000000000000e+00 8.333333333333333218e-03 0.000000000000000000e+00 2.500000000000000139e-02 6.666666666666666574e-02 0.000000000000000000e+00 1.000000000000000000e+00 0.000000000000000000e+00 3.166666666666666519e-01 0.000000000000000000e+00 0.000000000000000000e+00 4.166666666666666435e-02 6.666666666666666574e-02
0.000000000000000000e+00 0.000000000000000000e+00 0.000000000000000000e+00 1.000000000000000000e+00 2.717391304347826012e-02 1.086956521739130405e-02 0.000000000000000000e+00 0.000000000000000000e+00 0.000000000000000000e+00 0.000000000000000000e+00 0.000000000000000000e+00 2.119565217391304324e-01 0.000000000000000000e+00 0.000000000000000000e+00 0.000000000000000000e+00 5.434782608695652023e-03 0.000000000000000000e+00 6.467391304347825942e-01 0.000000000000000000e+00
0.000000000000000000e+00 0.000000000000000000e+00 0.000000000000000000e+00 0.000000000000000000e+00 3.380281690140845008e-01 0.000000000000000000e+00 7.042253521126760896e-02 0.000000000000000000e+00 0.000000000000000000e+00 0.000000000000000000e+00 0.000000000000000000e+00 1.000000000000000000e+00 0.000000000000000000e+00 4.225352112676056260e-02 0.000000000000000000e+00 4.225352112676056260e-02 4.225352112676056260e-02 0.000000000000000000e+00 0.000000000000000000e+00
0.000000000000000000e+00 0.000000000000000000e+00 0.000000000000000000e+00 0.000000000000000000e+00 0.000000000000000000e+00 2.500000000000000139e-02 0.000000000000000000e+00 0.000000000000000000e+00 0.000000000000000000e+00 0.000000000000000000e+00 0.000000000000000000e+00 5.500000000000000444e-01 0.000000000000000000e+00 6.250000000000000000e-01 0.000000000000000000e+00 5.000000000000000278e-02 1.000000000000000000e+00 0.000000000000000000e+00 0.000000000000000000e+00
0.000000000000000000e+00 0.000000000000000000e+00 0.000000000000000000e+00 0.000000000000000000e+00 0.000000000000000000e+00 1.020408163265306145e-01 1.122448979591836732e-01 3.061224489795918297e-02 1.020408163265306041e-02 0.000000000000000000e+00 2.448979591836734637e-01 9.795918367346938549e-01 1.000000000000000000e+00 0.000000000000000000e+00 0.000000000000000000e+00 1.020408163265306041e-02 0.000000000000000000e+00 2.040816326530612082e-02 6.122448979591836593e-02
0.000000000000000000e+00 0.000000000000000000e+00 0.000000000000000000e+00 0.000000000000000000e+00 2.173913043478260809e-02 7.246376811594202987e-03 1.449275362318840597e-02 7.971014492753622505e-02 0.000000000000000000e+00 0.000000000000000000e+00 1.014492753623188470e-01 7.246376811594203160e-02 1.000000000000000000e+00 0.000000000000000000e+00 0.000000000000000000e+00 0.000000000000000000e+00 0.000000000000000000e+00 1.449275362318840597e-02 1.159420289855072478e-01
0.000000000000000000e+00 0.000000000000000000e+00 0.000000000000000000e+00 0.000000000000000000e+00 0.000000000000000000e+00 0.000000000000000000e+00 0.000000000000000000e+00 0.000000000000000000e+00 0.000000000000000000e+00 0.000000000000000000e+00 0.000000000000000000e+00 0.000000000000000000e+00 1.000000000000000000e+00 0.000000000000000000e+00 0.000000000000000000e+00 0.000000000000000000e+00 0.000000000000000000e+00 0.000000000000000000e+00 0.000000000000000000e+00
1.000000000000000000e+00 0.000000000000000000e+00 0.000000000000000000e+00 0.000000000000000000e+00 0.000000000000000000e+00 0.000000000000000000e+00 0.000000000000000000e+00 0.000000000000000000e+00 5.463917525773195338e-01 0.000000000000000000e+00 0.000000000000000000e+00 1.030927835051546372e-02 5.360824742268041065e-01 2.061855670103092744e-02 0.000000000000000000e+00 1.030927835051546372e-02 2.061855670103092744e-02 0.000000000000000000e+00 4.123711340206185488e-02
0.000000000000000000e+00 0.000000000000000000e+00 0.000000000000000000e+00 0.000000000000000000e+00 1.000000000000000000e+00 2.773722627737226221e-01 2.043795620437956206e-01 0.000000000000000000e+00 0.000000000000000000e+00 0.000000000000000000e+00 0.000000000000000000e+00 0.000000000000000000e+00 0.000000000000000000e+00 8.759124087591241281e-02 0.000000000000000000e+00 4.014598540145985356e-02 6.204379562043795676e-02 0.000000000000000000e+00 0.000000000000000000e+00
1.925133689839572115e-01 0.000000000000000000e+00 0.000000000000000000e+00 0.000000000000000000e+00 5.882352941176470507e-02 6.417112299465241310e-02 5.882352941176470507e-02 1.000000000000000000e+00 2.566844919786096524e-01 0.000000000000000000e+00 7.540106951871657914e-01 5.294117647058823595e-01 0.000000000000000000e+00 1.069518716577540045e-02 0.000000000000000000e+00 5.347593582887700224e-03 5.347593582887700224e-03 1.604278074866310189e-01 7.219251336898395710e-01
0.000000000000000000e+00 0.000000000000000000e+00 0.000000000000000000e+00 0.000000000000000000e+00 1.851851851851851749e-01 6.172839506172839164e-02 6.172839506172839164e-02 0.000000000000000000e+00 0.000000000000000000e+00 0.000000000000000000e+00 0.000000000000000000e+00 1.000000000000000000e+00 0.000000000000000000e+00 0.000000000000000000e+00 0.000000000000000000e+00 4.938271604938271331e-02 1.234567901234567833e-02 0.000000000000000000e+00 0.000000000000000000e+00
0.000000000000000000e+00 0.000000000000000000e+00 0.000000000000000000e+00 0.000000000000000000e+00 0.000000000000000000e+00 0.000000000000000000e+00 0.000000000000000000e+00 0.000000000000000000e+00 0.000000000000000000e+00 3.125000000000000000e-02 9.375000000000000000e-02 0.000000000000000000e+00 1.000000000000000000e+00 0.000000000000000000e+00 0.000000000000000000e+00 0.000000000000000000e+00 0.000000000000000000e+00 0.000000000000000000e+00 6.250000000000000000e-02
0.000000000000000000e+00 0.000000000000000000e+00 0.000000000000000000e+00 0.000000000000000000e+00 1.000000000000000000e+00 0.000000000000000000e+00 0.000000000000000000e+00 0.000000000000000000e+00 0.000000000000000000e+00 0.000000000000000000e+00 0.000000000000000000e+00 2.222222222222222099e-01 0.000000000000000000e+00 1.111111111111111049e-01 0.000000000000000000e+00 0.000000000000000000e+00 0.000000000000000000e+00 0.000000000000000000e+00 0.000000000000000000e+00
0.000000000000000000e+00 0.000000000000000000e+00 0.000000000000000000e+00 0.000000000000000000e+00 0.000000000000000000e+00 2.380952380952380820e-02 0.000000000000000000e+00 0.000000000000000000e+00 0.000000000000000000e+00 0.000000000000000000e+00 0.000000000000000000e+00 2.023809523809523836e-01 0.000000000000000000e+00 6.071428571428570953e-01 0.000000000000000000e+00 0.000000000000000000e+00 1.000000000000000000e+00 0.000000000000000000e+00 0.000000000000000000e+00
0.000000000000000000e+00 0.000000000000000000e+00 0.000000000000000000e+00 0.000000000000000000e+00 0.000000000000000000e+00 0.000000000000000000e+00 0.000000000000000000e+00 2.857142857142856984e-01 8.928571428571428076e-03 0.000000000000000000e+00 8.928571428571428770e-02 8.928571428571428076e-03 1.000000000000000000e+00 0.000000000000000000e+00 0.000000000000000000e+00 0.000000000000000000e+00 0.000000000000000000e+00 0.000000000000000000e+00 3.571428571428571230e-02
4.098360655737704611e-02 0.000000000000000000e+00 0.000000000000000000e+00 0.000000000000000000e+00 8.196721311475410263e-03 0.000000000000000000e+00 0.000000000000000000e+00 1.475409836065573743e-01 8.196721311475410263e-03 0.000000000000000000e+00 9.836065573770491621e-02 1.393442622950819554e-01 1.000000000000000000e+00 8.196721311475410263e-03 0.000000000000000000e+00 0.000000000000000000e+00 0.000000000000000000e+00 8.196721311475410263e-03 0.000000000000000000e+00
