4.087193460490463198e-02 0.000000000000000000e+00 0.000000000000000000e+00 1.362397820163487733e-02 0.000000000000000000e+00 0.000000000000000000e+00 0.000000000000000000e+00 0.000000000000000000e+00 0.000000000000000000e+00 1.000000000000000000e+00 0.000000000000000000e+00 0.000000000000000000e+00 0.000000000000000000e+00
0.000000000000000000e+00 6.099447513812155108e-01 3.535911602209945021e-02 0.000000000000000000e+00 0.000000000000000000e+00 0.000000000000000000e+00 1.000000000000000000e+00 0.000000000000000000e+00 0.000000000000000000e+00 0.000000000000000000e+00 5.524861878453038444e-03 0.000000000000000000e+00 0.000000000000000000e+00
3.750000000000000000e-01 2.500000000000000139e-02 2.999999999999999889e-02 0.000000000000000000e+00 0.000000000000000000e+00 1.000000000000000000e+00 2.200000000000000011e-01 0.000000000000000000e+00 0.000000000000000000e+00 0.000000000000000000e+00 3.800000000000000044e-01 1.049999999999999961e-01 0.000000000000000000e+00
0.000000000000000000e+00 0.000000000000000000e+00 0.000000000000000000e+00 0.000000000000000000e+00 0.000000000000000000e+00 0.000000000000000000e+00 8.888888888888889228e-02 0.000000000000000000e+00 7.777777777777777901e-01 0.000000000000000000e+00 0.000000000000000000e+00 1.000000000000000000e+00 8.888888888888889228e-02
0.000000000000000000e+00 0.000000000000000000e+00 0.000000000000000000e+00 0.000000000000000000e+00 0.000000000000000000e+00 0.000000000000000000e+00 0.000000000000000000e+00 0.000000000000000000e+00 0.000000000000000000e+00 0.000000000000000000e+00 0.000000000000000000e+00 0.000000000000000000e+00 0.000000000000000000e+00
0.000000000000000000e+00 0.000000000000000000e+00 0.000000000000000000e+00 0.000000000000000000e+00 0.000000000000000000e+00 4.487179487179487197e-02 0.000000000000000000e+00 1.000000000000000000e+00 0.000000000000000000e+00 0.000000000000000000e+00 0.000000000000000000e+00 0.000000000000000000e+00 0.000000000000000000e+00
0.000000000000000000e+00 1.000000000000000000e+00 3.366228070175438791e-01 0.000000000000000000e+00 0.000000000000000000e+00 0.000000000000000000e+00 0.000000000000000000e+00 0.000000000000000000e+00 0.000000000000000000e+00 0.000000000000000000e+00 4.385964912280701511e-02 0.000000000000000000e+00 0.000000000000000000e+00
1.000000000000000000e+00 0.000000000000000000e+00 0.000000000000000000e+00 0.000000000000000000e+00 0.000000000000000000e+00 7.272727272727272929e-01 0.000000000000000000e+00 9.090909090909091161e-02 0.000000000000000000e+00 0.000000000000000000e+00 0.000000000000000000e+00 3.441558441558441594e-01 0.000000000000000000e+00
0.000000000000000000e+00 1.836547291092745574e-02 0.000000000000000000e+00 2.387511478420569280e-02 0.000000000000000000e+00 0.000000000000000000e+00 2.332415059687786840e-01 0.000000000000000000e+00 0.000000000000000000e+00 0.000000000000000000e+00 1.836547291092745617e-03 3.581267217630854094e-02 1.000000000000000000e+00
6.383928571428570953e-01 0.000000000000000000e+00 0.000000000000000000e+00 0.000000000000000000e+00 0.000000000000000000e+00 0.000000000000000000e+00 0.000000000000000000e+00 0.000000000000000000e+00 0.000000000000000000e+00 6.696428571428571230e-02 0.000000000000000000e+00 1.000000000000000000e+00 0.000000000000000000e+00
0.000000000000000000e+00 2.439024390243902524e-02 1.000000000000000000e+00 0.000000000000000000e+00 0.000000000000000000e+00 0.000000000000000000e+00 4.024390243902439268e-01 8.536585365853659180e-02 0.000000000000000000e+00 0.000000000000000000e+00 2.439024390243902524e-02 0.000000000000000000e+00 0.000000000000000000e+00
0.000000000000000000e+00 3.546099290780141758e-03 3.546099290780141758e-03 1.879432624113475114e-01 0.000000000000000000e+00 0.000000000000000000e+00 3.546099290780141758e-03 0.000000000000000000e+00 1.000000000000000000e+00 0.000000000000000000e+00 0.000000000000000000e+00 1.773049645390071052e-02 1.737588652482269513e-01
0.000000000000000000e+00 1.796945193171608363e-03 0.000000000000000000e+00 3.593890386343216725e-03 0.000000000000000000e+00 0.000000000000000000e+00 1.617250673854447526e-02 0.000000000000000000e+00 1.000000000000000000e+00 0.000000000000000000e+00 8.984725965858041813e-04 3.593890386343216725e-03 5.507637017070979857e-01
