0.000000000000000000e+00 0.000000000000000000e+00 0.000000000000000000e+00 0.000000000000000000e+00 1.290322580645161255e-01 0.000000000000000000e+00 1.000000000000000000e+00 9.677419354838709964e-01 0.000000000000000000e+00 6.451612903225806273e-02
0.000000000000000000e+00 5.018450184501844769e-01 2.583025830258302638e-02 0.000000000000000000e+00 0.000000000000000000e+00 1.000000000000000000e+00 0.000000000000000000e+00 0.000000000000000000e+00 0.000000000000000000e+00 0.000000000000000000e+00
1.000000000000000000e+00 0.000000000000000000e+00 0.000000000000000000e+00 0.000000000000000000e+00 0.000000000000000000e+00 0.000000000000000000e+00 0.000000000000000000e+00 0.000000000000000000e+00 6.060606060606060774e-01 0.000000000000000000e+00
0.000000000000000000e+00 0.000000000000000000e+00 0.000000000000000000e+00 0.000000000000000000e+00 0.000000000000000000e+00 0.000000000000000000e+00 0.000000000000000000e+00 0.000000000000000000e+00 0.000000000000000000e+00 0.000000000000000000e+00
0.000000000000000000e+00 0.000000000000000000e+00 0.000000000000000000e+00 0.000000000000000000e+00 8.750000000000000000e-01 0.000000000000000000e+00 2.500000000000000000e-01 1.000000000000000000e+00 0.000000000000000000e+00 1.250000000000000000e-01
0.000000000000000000e+00 1.000000000000000000e+00 3.698113207547169545e-01 0.000000000000000000e+00 0.000000000000000000e+00 0.000000000000000000e+00 0.000000000000000000e+00 0.000000000000000000e+00 0.000000000000000000e+00 0.000000000000000000e+00
0.000000000000000000e+00 2.786377708978328080e-02 6.191950464396285200e-03 0.000000000000000000e+00 0.000000000000000000e+00 2.631578947368420907e-01 0.000000000000000000e+00 0.000000000000000000e+00 0.000000000000000000e+00 1.000000000000000000e+00
0.000000000000000000e+00 0.000000000000000000e+00 0.000000000000000000e+00 0.000000000000000000e+00 2.692307692307692180e-01 0.000000000000000000e+00 1.000000000000000000e+00 0.000000000000000000e+00 0.000000000000000000e+00 1.923076923076923184e-01
0.000000000000000000e+00 0.000000000000000000e+00 0.000000000000000000e+00 0.000000000000000000e+00 0.000000000000000000e+00 0.000000000000000000e+00 1.000000000000000000e+00 0.000000000000000000e+00 0.000000000000000000e+00 1.111111111111111049e-01
0.000000000000000000e+00 1.234567901234567833e-02 0.000000000000000000e+00 0.000000000000000000e+00 0.000000000000000000e+00 2.160493827160493707e-02 1.000000000000000000e+00 0.000000000000000000e+00 0.000000000000000000e+00 5.277777777777777901e-01
