0.000000000000000000e+00 1.123595505617977497e-02 0.000000000000000000e+00 0.000000000000000000e+00 1.123595505617977497e-01 0.000000000000000000e+00 1.000000000000000000e+00 8.089887640449437978e-01 0.000000000000000000e+00 4.494382022471909988e-02
1.000000000000000000e+00 0.000000000000000000e+00 0.000000000000000000e+00 0.000000000000000000e+00 0.000000000000000000e+00 0.000000000000000000e+00 0.000000000000000000e+00 0.000000000000000000e+00 7.215909090909090606e-01 0.000000000000000000e+00
0.000000000000000000e+00 3.211009174311926784e-02 5.581039755351682174e-01 0.000000000000000000e+00 0.000000000000000000e+00 1.000000000000000000e+00 0.000000000000000000e+00 0.000000000000000000e+00 0.000000000000000000e+00 0.000000000000000000e+00
0.000000000000000000e+00 0.000000000000000000e+00 0.000000000000000000e+00 0.000000000000000000e+00 0.000000000000000000e+00 0.000000000000000000e+00 0.000000000000000000e+00 0.000000000000000000e+00 0.000000000000000000e+00 0.000000000000000000e+00
0.000000000000000000e+00 0.000000000000000000e+00 0.000000000000000000e+00 0.000000000000000000e+00 7.333333333333332815e-01 0.000000000000000000e+00 5.333333333333333259e-01 1.000000000000000000e+00 0.000000000000000000e+00 1.333333333333333315e-01
0.000000000000000000e+00 4.365325077399380693e-01 1.000000000000000000e+00 0.000000000000000000e+00 0.000000000000000000e+00 0.000000000000000000e+00 0.000000000000000000e+00 0.000000000000000000e+00 0.000000000000000000e+00 0.000000000000000000e+00
0.000000000000000000e+00 0.000000000000000000e+00 2.428722280887011739e-02 0.000000000000000000e+00 0.000000000000000000e+00 2.777191129883843645e-01 0.000000000000000000e+00 0.000000000000000000e+00 0.000000000000000000e+00 1.000000000000000000e+00
0.000000000000000000e+00 0.000000000000000000e+00 0.000000000000000000e+00 0.000000000000000000e+00 2.112676056338028130e-01 0.000000000000000000e+00 1.000000000000000000e+00 0.000000000000000000e+00 0.000000000000000000e+00 1.408450704225352144e-02
0.000000000000000000e+00 0.000000000000000000e+00 0.000000000000000000e+00 0.000000000000000000e+00 0.000000000000000000e+00 0.000000000000000000e+00 1.000000000000000000e+00 0.000000000000000000e+00 0.000000000000000000e+00 8.474576271186440302e-02
0.000000000000000000e+00 0.000000000000000000e+00 6.335797254487856786e-03 0.000000000000000000e+00 0.000000000000000000e+00 1.161562829989440382e-02 1.000000000000000000e+00 0.000000000000000000e+00 0.000000000000000000e+00 6.430834213305174352e-01
