3.472222222222222099e-01 0.000000000000000000e+00 0.000000000000000000e+00 0.000000000000000000e+00 0.000000000000000000e+00 3.680555555555555802e-01 0.000000000000000000e+00 6.944444444444444059e-03 1.000000000000000000e+00 0.000000000000000000e+00 0.000000000000000000e+00 0.000000000000000000e+00 1.250000000000000000e-01
0.000000000000000000e+00 5.987500000000000044e-01 3.500000000000000333e-02 0.000000000000000000e+00 1.375000000000000007e-02 0.000000000000000000e+00 0.000000000000000000e+00 1.000000000000000000e+00 0.000000000000000000e+00 1.375000000000000007e-02 1.000000000000000021e-02 0.000000000000000000e+00 0.000000000000000000e+00
0.000000000000000000e+00 0.000000000000000000e+00 0.000000000000000000e+00 0.000000000000000000e+00 0.000000000000000000e+00 0.000000000000000000e+00 0.000000000000000000e+00 0.000000000000000000e+00 0.000000000000000000e+00 0.000000000000000000e+00 0.000000000000000000e+00 1.000000000000000000e+00 0.000000000000000000e+00
3.181818181818181768e-01 0.000000000000000000e+00 0.000000000000000000e+00 0.000000000000000000e+00 0.000000000000000000e+00 1.193181818181818232e-01 0.000000000000000000e+00 5.681818181818181976e-03 1.000000000000000000e+00 0.000000000000000000e+00 0.000000000000000000e+00 0.000000000000000000e+00 1.079545454545454558e-01
0.000000000000000000e+00 7.079646017699114946e-02 0.000000000000000000e+00 0.000000000000000000e+00 0.000000000000000000e+00 0.000000000000000000e+00 0.000000000000000000e+00 1.000000000000000000e+00 0.000000000000000000e+00 1.504424778761062065e-01 3.451327433628318397e-01 0.000000000000000000e+00 0.000000000000000000e+00
0.000000000000000000e+00 0.000000000000000000e+00 0.000000000000000000e+00 8.928571428571428076e-03 0.000000000000000000e+00 0.000000000000000000e+00 0.000000000000000000e+00 2.232142857142857192e-02 1.000000000000000000e+00 0.000000000000000000e+00 0.000000000000000000e+00 0.000000000000000000e+00 1.205357142857142877e-01
0.000000000000000000e+00 0.000000000000000000e+00 0.000000000000000000e+00 0.000000000000000000e+00 0.000000000000000000e+00 0.000000000000000000e+00 0.000000000000000000e+00 0.000000000000000000e+00 0.000000000000000000e+00 0.000000000000000000e+00 0.000000000000000000e+00 0.000000000000000000e+00 0.000000000000000000e+00
0.000000000000000000e+00 1.000000000000000000e+00 2.334152334152334030e-01 0.000000000000000000e+00 1.879606879606879610e-01 0.000000000000000000e+00 0.000000000000000000e+00 0.000000000000000000e+00 0.000000000000000000e+00 1.719901719901719972e-01 1.191646191646191649e-01 0.000000000000000000e+00 0.000000000000000000e+00
1.352611940298507343e-01 9.328358208955223052e-03 0.000000000000000000e+00 2.248134328358208922e-01 5.597014925373134005e-03 1.585820895522388196e-01 0.000000000000000000e+00 1.707089552238806041e-01 0.000000000000000000e+00 9.328358208955223703e-04 3.731343283582089481e-03 0.000000000000000000e+00 1.000000000000000000e+00
0.000000000000000000e+00 9.467455621301774926e-02 4.733727810650887463e-02 0.000000000000000000e+00 4.142011834319526964e-02 0.000000000000000000e+00 0.000000000000000000e+00 1.000000000000000000e+00 0.000000000000000000e+00 0.000000000000000000e+00 0.000000000000000000e+00 0.000000000000000000e+00 0.000000000000000000e+00
0.000000000000000000e+00 7.339449541284404077e-02 0.000000000000000000e+00 0.000000000000000000e+00 0.000000000000000000e+00 0.000000000000000000e+00 0.000000000000000000e+00 1.000000000000000000e+00 0.000000000000000000e+00 2.844036697247706580e-01 3.394495412844036886e-01 0.000000000000000000e+00 0.000000000000000000e+00
0.000000000000000000e+00 0.000000000000000000e+00 0.000000000000000000e+00 2.577319587628865843e-02 0.000000000000000000e+00 0.000000000000000000e+00 0.000000000000000000e+00 0.000000000000000000e+00 1.000000000000000000e+00 0.000000000000000000e+00 0.000000000000000000e+00 0.000000000000000000e+00 1.391752577319587680e-01
1.371115173674588607e-02 1.828153564899451548e-03 0.000000000000000000e+00 2.285191956124314402e-02 0.000000000000000000e+00 1.279707495429616149e-02 0.000000000000000000e+00 1.188299817184643517e-02 1.000000000000000000e+00 0.000000000000000000e+00 0.000000000000000000e+00 0.000000000000000000e+00 7.001828153564899626e-01
