4.347826086956521618e-02 0.000000000000000000e+00 0.000000000000000000e+00 0.000000000000000000e+00 2.173913043478260809e-02 0.000000000000000000e+00 0.000000000000000000e+00 0.000000000000000000e+00 0.000000000000000000e+00 0.000000000000000000e+00 1.000000000000000000e+00 0.000000000000000000e+00 0.000000000000000000e+00
3.203883495145631310e-01 1.941747572815533812e-02 0.000000000000000000e+00 0.000000000000000000e+00 0.000000000000000000e+00 0.000000000000000000e+00 1.000000000000000000e+00 1.601941747572815655e-01 0.000000000000000000e+00 0.000000000000000000e+00 0.000000000000000000e+00 1.116504854368932098e-01 4.757281553398058360e-01
0.000000000000000000e+00 3.888888888888888951e-02 6.155555555555555225e-01 0.000000000000000000e+00 0.000000000000000000e+00 0.000000000000000000e+00 0.000000000000000000e+00 1.000000000000000000e+00 0.000000000000000000e+00 0.000000000000000000e+00 0.000000000000000000e+00 0.000000000000000000e+00 3.333333333333333547e-03
0.000000000000000000e+00 0.000000000000000000e+00 3.795066413662239162e-03 6.328273244781783546e-01 1.897533206831119581e-03 0.000000000000000000e+00 0.000000000000000000e+00 1.233396584440227782e-02 0.000000000000000000e+00 1.000000000000000000e+00 0.000000000000000000e+00 2.846299810246679263e-03 0.000000000000000000e+00
0.000000000000000000e+00 0.000000000000000000e+00 0.000000000000000000e+00 7.692307692307692735e-02 2.564102564102564014e-02 0.000000000000000000e+00 0.000000000000000000e+00 1.025641025641025605e-01 0.000000000000000000e+00 1.000000000000000000e+00 0.000000000000000000e+00 8.974358974358974672e-01 0.000000000000000000e+00
0.000000000000000000e+00 0.000000000000000000e+00 0.000000000000000000e+00 0.000000000000000000e+00 0.000000000000000000e+00 0.000000000000000000e+00 0.000000000000000000e+00 0.000000000000000000e+00 0.000000000000000000e+00 0.000000000000000000e+00 0.000000000000000000e+00 0.000000000000000000e+00 0.000000000000000000e+00
0.000000000000000000e+00 0.000000000000000000e+00 0.000000000000000000e+00 0.000000000000000000e+00 0.000000000000000000e+00 0.000000000000000000e+00 2.476780185758514080e-02 0.000000000000000000e+00 1.000000000000000000e+00 0.000000000000000000e+00 0.000000000000000000e+00 0.000000000000000000e+00 0.000000000000000000e+00
0.000000000000000000e+00 3.178807947019867686e-01 1.000000000000000000e+00 0.000000000000000000e+00 0.000000000000000000e+00 0.000000000000000000e+00 0.000000000000000000e+00 0.000000000000000000e+00 0.000000000000000000e+00 0.000000000000000000e+00 0.000000000000000000e+00 0.000000000000000000e+00 3.311258278145695622e-02
1.000000000000000000e+00 0.000000000000000000e+00 0.000000000000000000e+00 0.000000000000000000e+00 0.000000000000000000e+00 0.000000000000000000e+00 7.005988023952095523e-01 0.000000000000000000e+00 4.790419161676646997e-02 0.000000000000000000e+00 0.000000000000000000e+00 2.814371257485029920e-01 0.000000000000000000e+00
0.000000000000000000e+00 0.000000000000000000e+00 2.321083172147002036e-02 1.000000000000000000e+00 3.481624758220502880e-02 0.000000000000000000e+00 0.000000000000000000e+00 2.495164410058026971e-01 0.000000000000000000e+00 0.000000000000000000e+00 0.000000000000000000e+00 3.965183752417794638e-02 0.000000000000000000e+00
6.311111111111110672e-01 0.000000000000000000e+00 0.000000000000000000e+00 0.000000000000000000e+00 4.444444444444444441e-03 0.000000000000000000e+00 0.000000000000000000e+00 0.000000000000000000e+00 0.000000000000000000e+00 0.000000000000000000e+00 6.666666666666666574e-02 1.000000000000000000e+00 0.000000000000000000e+00
0.000000000000000000e+00 3.333333333333333547e-03 0.000000000000000000e+00 1.300000000000000044e-01 1.133333333333333276e-01 0.000000000000000000e+00 0.000000000000000000e+00 0.000000000000000000e+00 0.000000000000000000e+00 1.000000000000000000e+00 0.000000000000000000e+00 1.666666666666666644e-02 0.000000000000000000e+00
0.000000000000000000e+00 1.000000000000000000e+00 3.921568627450980338e-02 0.000000000000000000e+00 0.000000000000000000e+00 0.000000000000000000e+00 0.000000000000000000e+00 1.568627450980392135e-01 8.823529411764706454e-02 0.000000000000000000e+00 0.000000000000000000e+00 0.000000000000000000e+00 2.941176470588235253e-02
