0.000000000000000000e+00 0.000000000000000000e+00 0.000000000000000000e+00 0.000000000000000000e+00 7.692307692307692735e-02 0.000000000000000000e+00 1.000000000000000000e+00 8.461538461538461453e-01 0.000000000000000000e+00 8.791208791208791895e-02
1.000000000000000000e+00 0.000000000000000000e+00 0.000000000000000000e+00 0.000000000000000000e+00 0.000000000000000000e+00 0.000000000000000000e+00 0.000000000000000000e+00 0.000000000000000000e+00 6.648351648351648047e-01 0.000000000000000000e+00
0.000000000000000000e+00 5.628517823639774681e-02 6.885553470919324459e-01 0.000000000000000000e+00 0.000000000000000000e+00 1.000000000000000000e+00 0.000000000000000000e+00 0.000000000000000000e+00 0.000000000000000000e+00 0.000000000000000000e+00
0.000000000000000000e+00 0.000000000000000000e+00 0.000000000000000000e+00 0.000000000000000000e+00 0.000000000000000000e+00 0.000000000000000000e+00 0.000000000000000000e+00 0.000000000000000000e+00 0.000000000000000000e+00 0.000000000000000000e+00
0.000000000000000000e+00 0.000000000000000000e+00 0.000000000000000000e+00 0.000000000000000000e+00 3.571428571428571508e-01 0.000000000000000000e+00 2.142857142857142738e-01 1.000000000000000000e+00 0.000000000000000000e+00 2.142857142857142738e-01
0.000000000000000000e+00 5.046040515653775760e-01 1.000000000000000000e+00 0.000000000000000000e+00 0.000000000000000000e+00 0.000000000000000000e+00 0.000000000000000000e+00 0.000000000000000000e+00 0.000000000000000000e+00 0.000000000000000000e+00
0.000000000000000000e+00 0.000000000000000000e+00 1.472031403336604601e-02 0.000000000000000000e+00 0.000000000000000000e+00 2.679097154072619946e-01 0.000000000000000000e+00 0.000000000000000000e+00 0.000000000000000000e+00 1.000000000000000000e+00
0.000000000000000000e+00 0.000000000000000000e+00 0.000000000000000000e+00 0.000000000000000000e+00 1.780821917808219079e-01 0.000000000000000000e+00 1.000000000000000000e+00 0.000000000000000000e+00 0.000000000000000000e+00 6.849315068493150305e-02
0.000000000000000000e+00 0.000000000000000000e+00 0.000000000000000000e+00 0.000000000000000000e+00 0.000000000000000000e+00 0.000000000000000000e+00 1.000000000000000000e+00 0.000000000000000000e+00 0.000000000000000000e+00 6.140350877192982115e-02
0.000000000000000000e+00 0.000000000000000000e+00 4.873294346978557234e-03 0.000000000000000000e+00 0.000000000000000000e+00 1.072124756335282592e-02 1.000000000000000000e+00 0.000000000000000000e+00 0.000000000000000000e+00 6.013645224171539905e-01
