5.825688073394494904e-01 5.351681957186544408e-02 0.000000000000000000e+00 1.834862385321101019e-02 0.000000000000000000e+00 0.000000000000000000e+00 0.000000000000000000e+00 1.000000000000000000e+00 0.000000000000000000e+00 0.000000000000000000e+00 2.140672782874617625e-02 1.987767584097859322e-02 0.000000000000000000e+00 0.000000000000000000e+00
1.980198019801980222e-02 0.000000000000000000e+00 0.000000000000000000e+00 6.600660066006600740e-03 0.000000000000000000e+00 0.000000000000000000e+00 0.000000000000000000e+00 2.046204620462046264e-01 0.000000000000000000e+00 1.000000000000000000e+00 0.000000000000000000e+00 0.000000000000000000e+00 0.000000000000000000e+00 0.000000000000000000e+00
5.319148936170212637e-03 0.000000000000000000e+00 0.000000000000000000e+00 0.000000000000000000e+00 0.000000000000000000e+00 4.787234042553191460e-02 0.000000000000000000e+00 5.319148936170212637e-03 1.000000000000000000e+00 0.000000000000000000e+00 0.000000000000000000e+00 0.000000000000000000e+00 8.882978723404255650e-01 1.010638297872340358e-01
5.309734513274336209e-02 0.000000000000000000e+00 0.000000000000000000e+00 0.000000000000000000e+00 0.000000000000000000e+00 0.000000000000000000e+00 0.000000000000000000e+00 1.000000000000000000e+00 0.000000000000000000e+00 0.000000000000000000e+00 3.539823008849557473e-02 9.823008849557521849e-01 0.000000000000000000e+00 0.000000000000000000e+00
1.428571428571428492e-01 1.020408163265306041e-02 0.000000000000000000e+00 0.000000000000000000e+00 0.000000000000000000e+00 0.000000000000000000e+00 0.000000000000000000e+00 1.000000000000000000e+00 5.204081632653061451e-01 0.000000000000000000e+00 0.000000000000000000e+00 0.000000000000000000e+00 0.000000000000000000e+00 9.183673469387755584e-02
3.257328990228013175e-03 0.000000000000000000e+00 4.560260586319218185e-02 0.000000000000000000e+00 2.280130293159609092e-02 0.000000000000000000e+00 0.000000000000000000e+00 1.302931596091205270e-02 1.000000000000000000e+00 0.000000000000000000e+00 0.000000000000000000e+00 0.000000000000000000e+00 0.000000000000000000e+00 1.205211726384364801e-01
0.000000000000000000e+00 0.000000000000000000e+00 0.000000000000000000e+00 0.000000000000000000e+00 0.000000000000000000e+00 0.000000000000000000e+00 0.000000000000000000e+00 0.000000000000000000e+00 0.000000000000000000e+00 0.000000000000000000e+00 0.000000000000000000e+00 0.000000000000000000e+00 0.000000000000000000e+00 0.000000000000000000e+00
1.000000000000000000e+00 5.038167938931297218e-01 0.000000000000000000e+00 3.038167938931297662e-01 0.000000000000000000e+00 0.000000000000000000e+00 0.000000000000000000e+00 0.000000000000000000e+00 0.000000000000000000e+00 0.000000000000000000e+00 1.938931297709923784e-01 4.213740458015267087e-01 0.000000000000000000e+00 0.000000000000000000e+00
7.786429365962179924e-03 0.000000000000000000e+00 3.626251390433815613e-01 7.786429365962179924e-03 1.668520578420467082e-01 1.868743047830923321e-01 0.000000000000000000e+00 1.646273637374860987e-01 0.000000000000000000e+00 0.000000000000000000e+00 0.000000000000000000e+00 2.224694104560622897e-03 4.961067853170189057e-01 1.000000000000000000e+00
0.000000000000000000e+00 0.000000000000000000e+00 4.135338345864661425e-02 0.000000000000000000e+00 0.000000000000000000e+00 0.000000000000000000e+00 0.000000000000000000e+00 0.000000000000000000e+00 1.000000000000000000e+00 0.000000000000000000e+00 0.000000000000000000e+00 0.000000000000000000e+00 0.000000000000000000e+00 1.015037593984962350e-01
7.272727272727272374e-02 3.636363636363636187e-02 0.000000000000000000e+00 5.909090909090908977e-02 0.000000000000000000e+00 0.000000000000000000e+00 0.000000000000000000e+00 1.000000000000000000e+00 0.000000000000000000e+00 0.000000000000000000e+00 0.000000000000000000e+00 0.000000000000000000e+00 0.000000000000000000e+00 0.000000000000000000e+00
5.573770491803278770e-02 0.000000000000000000e+00 0.000000000000000000e+00 0.000000000000000000e+00 0.000000000000000000e+00 0.000000000000000000e+00 0.000000000000000000e+00 9.114754098360655643e-01 0.000000000000000000e+00 0.000000000000000000e+00 3.606557377049180446e-01 1.000000000000000000e+00 0.000000000000000000e+00 0.000000000000000000e+00
0.000000000000000000e+00 0.000000000000000000e+00 0.000000000000000000e+00 0.000000000000000000e+00 0.000000000000000000e+00 3.084922010398613579e-01 0.000000000000000000e+00 0.000000000000000000e+00 7.573656845753899969e-01 0.000000000000000000e+00 3.466204506065857695e-03 1.733102253032928848e-03 1.000000000000000000e+00 5.199306759098786673e-02
5.530973451327433552e-03 0.000000000000000000e+00 3.761061946902655162e-02 1.106194690265486710e-03 1.769911504424778736e-02 1.659292035398230239e-02 0.000000000000000000e+00 9.955752212389380393e-03 1.000000000000000000e+00 0.000000000000000000e+00 0.000000000000000000e+00 2.212389380530973421e-03 3.871681415929203313e-02 5.685840707964602281e-01
