0.000000000000000000e+00 0.000000000000000000e+00 0.000000000000000000e+00 0.000000000000000000e+00 0.000000000000000000e+00 7.067137809187279407e-02 0.000000000000000000e+00 3.533568904593639530e-03 1.000000000000000000e+00 0.000000000000000000e+00
1.000000000000000000e+00 0.000000000000000000e+00 0.000000000000000000e+00 0.000000000000000000e+00 0.000000000000000000e+00 0.000000000000000000e+00 1.650165016501650012e-02 0.000000000000000000e+00 0.000000000000000000e+00 1.320132013201320148e-02
0.000000000000000000e+00 0.000000000000000000e+00 6.521739130434782705e-01 3.188405797101449141e-02 0.000000000000000000e+00 0.000000000000000000e+00 2.173913043478260809e-02 1.000000000000000000e+00 0.000000000000000000e+00 1.449275362318840597e-03
0.000000000000000000e+00 8.264462809917355601e-03 6.611570247933884481e-02 0.000000000000000000e+00 0.000000000000000000e+00 0.000000000000000000e+00 7.024793388429751984e-01 1.000000000000000000e+00 0.000000000000000000e+00 7.438016528925620041e-02
0.000000000000000000e+00 0.000000000000000000e+00 0.000000000000000000e+00 0.000000000000000000e+00 0.000000000000000000e+00 0.000000000000000000e+00 0.000000000000000000e+00 0.000000000000000000e+00 0.000000000000000000e+00 0.000000000000000000e+00
0.000000000000000000e+00 0.000000000000000000e+00 9.546539379474940773e-03 2.386634844868735193e-03 0.000000000000000000e+00 6.992840095465393535e-01 0.000000000000000000e+00 4.773269689737470040e-02 1.000000000000000000e+00 0.000000000000000000e+00
0.000000000000000000e+00 6.327944572748267493e-01 0.000000000000000000e+00 0.000000000000000000e+00 0.000000000000000000e+00 0.000000000000000000e+00 0.000000000000000000e+00 0.000000000000000000e+00 0.000000000000000000e+00 1.000000000000000000e+00
0.000000000000000000e+00 2.869440459110473608e-03 1.000000000000000000e+00 2.883787661406025937e-01 0.000000000000000000e+00 0.000000000000000000e+00 2.539454806312769208e-01 0.000000000000000000e+00 0.000000000000000000e+00 2.008608321377331266e-02
0.000000000000000000e+00 0.000000000000000000e+00 4.481132075471697812e-02 0.000000000000000000e+00 0.000000000000000000e+00 1.000000000000000000e+00 0.000000000000000000e+00 6.108490566037735325e-01 0.000000000000000000e+00 0.000000000000000000e+00
0.000000000000000000e+00 8.470588235294117252e-02 0.000000000000000000e+00 0.000000000000000000e+00 0.000000000000000000e+00 0.000000000000000000e+00 1.000000000000000000e+00 0.000000000000000000e+00 0.000000000000000000e+00 6.141176470588235459e-01
