0.000000000000000000e+00 0.000000000000000000e+00 0.000000000000000000e+00 0.000000000000000000e+00 0.000000000000000000e+00 1.368821292775665444e-01 0.000000000000000000e+00 1.901140684410646334e-02 1.000000000000000000e+00 0.000000000000000000e+00
0.000000000000000000e+00 7.636594663278272188e-01 4.574332909783989515e-02 0.000000000000000000e+00 0.000000000000000000e+00 0.000000000000000000e+00 1.000000000000000000e+00 0.000000000000000000e+00 0.000000000000000000e+00 0.000000000000000000e+00
1.000000000000000000e+00 6.600660066006600740e-03 0.000000000000000000e+00 0.000000000000000000e+00 0.000000000000000000e+00 0.000000000000000000e+00 7.920792079207920888e-02 0.000000000000000000e+00 0.000000000000000000e+00 0.000000000000000000e+00
0.000000000000000000e+00 1.111111111111111049e-01 0.000000000000000000e+00 0.000000000000000000e+00 0.000000000000000000e+00 0.000000000000000000e+00 1.000000000000000000e+00 8.080808080808080662e-01 0.000000000000000000e+00 1.010101010101010083e-01
0.000000000000000000e+00 0.000000000000000000e+00 0.000000000000000000e+00 0.000000000000000000e+00 0.000000000000000000e+00 0.000000000000000000e+00 0.000000000000000000e+00 0.000000000000000000e+00 0.000000000000000000e+00 0.000000000000000000e+00
0.000000000000000000e+00 0.000000000000000000e+00 0.000000000000000000e+00 0.000000000000000000e+00 0.000000000000000000e+00 7.474489795918367596e-01 0.000000000000000000e+00 3.826530612244898044e-02 1.000000000000000000e+00 1.785714285714285615e-02
0.000000000000000000e+00 1.000000000000000000e+00 3.664987405541561549e-01 0.000000000000000000e+00 0.000000000000000000e+00 0.000000000000000000e+00 0.000000000000000000e+00 0.000000000000000000e+00 0.000000000000000000e+00 0.000000000000000000e+00
0.000000000000000000e+00 1.137357830271216140e-02 1.749781277340332506e-03 1.548556430446194343e-01 0.000000000000000000e+00 0.000000000000000000e+00 1.443569553805774397e-01 0.000000000000000000e+00 0.000000000000000000e+00 1.000000000000000000e+00
0.000000000000000000e+00 0.000000000000000000e+00 0.000000000000000000e+00 0.000000000000000000e+00 0.000000000000000000e+00 1.000000000000000000e+00 0.000000000000000000e+00 6.931216931216931387e-01 0.000000000000000000e+00 3.968253968253968034e-02
0.000000000000000000e+00 2.636203866432337492e-03 8.787346221441124251e-04 2.021089630931458686e-02 0.000000000000000000e+00 0.000000000000000000e+00 8.787346221441125552e-03 1.000000000000000000e+00 0.000000000000000000e+00 7.047451669595782286e-01
