0.000000000000000000e+00 3.984063745019920250e-03 0.000000000000000000e+00 3.984063745019920250e-03 0.000000000000000000e+00 7.968127490039840499e-02 0.000000000000000000e+00 5.856573705179283218e-01 1.000000000000000000e+00 3.585657370517928572e-02
1.000000000000000000e+00 0.000000000000000000e+00 2.803738317757009310e-02 0.000000000000000000e+00 0.000000000000000000e+00 0.000000000000000000e+00 3.387850467289719725e-01 0.000000000000000000e+00 0.000000000000000000e+00 0.000000000000000000e+00
0.000000000000000000e+00 1.472222222222222265e-01 2.999999999999999889e-01 0.000000000000000000e+00 0.000000000000000000e+00 0.000000000000000000e+00 1.000000000000000000e+00 0.000000000000000000e+00 0.000000000000000000e+00 0.000000000000000000e+00
0.000000000000000000e+00 0.000000000000000000e+00 7.499999999999999722e-02 0.000000000000000000e+00 0.000000000000000000e+00 0.000000000000000000e+00 1.000000000000000000e+00 4.374999999999999722e-02 0.000000000000000000e+00 1.250000000000000069e-02
0.000000000000000000e+00 0.000000000000000000e+00 0.000000000000000000e+00 0.000000000000000000e+00 0.000000000000000000e+00 0.000000000000000000e+00 0.000000000000000000e+00 0.000000000000000000e+00 0.000000000000000000e+00 0.000000000000000000e+00
0.000000000000000000e+00 0.000000000000000000e+00 0.000000000000000000e+00 0.000000000000000000e+00 0.000000000000000000e+00 5.652173913043477826e-01 0.000000000000000000e+00 5.217391304347825942e-01 1.000000000000000000e+00 4.347826086956521618e-02
0.000000000000000000e+00 1.000000000000000000e+00 7.544910179640718084e-01 0.000000000000000000e+00 0.000000000000000000e+00 0.000000000000000000e+00 0.000000000000000000e+00 0.000000000000000000e+00 0.000000000000000000e+00 0.000000000000000000e+00
0.000000000000000000e+00 5.567010309278350860e-02 2.061855670103092744e-02 3.546391752577319756e-01 0.000000000000000000e+00 0.000000000000000000e+00 4.082474226804123640e-01 0.000000000000000000e+00 0.000000000000000000e+00 1.000000000000000000e+00
0.000000000000000000e+00 0.000000000000000000e+00 0.000000000000000000e+00 0.000000000000000000e+00 0.000000000000000000e+00 6.584362139917696033e-02 0.000000000000000000e+00 1.000000000000000000e+00 0.000000000000000000e+00 6.172839506172839164e-02
0.000000000000000000e+00 8.281573498964803909e-03 2.070393374741200977e-03 1.656314699792960782e-02 0.000000000000000000e+00 0.000000000000000000e+00 3.312629399585921564e-02 1.000000000000000000e+00 0.000000000000000000e+00 3.291925465838509424e-01
