2.593659942363112439e-02 0.000000000000000000e+00 0.000000000000000000e+00 1.152737752161383210e-02 0.000000000000000000e+00 0.000000000000000000e+00 0.000000000000000000e+00 0.000000000000000000e+00 0.000000000000000000e+00 1.000000000000000000e+00 0.000000000000000000e+00 0.000000000000000000e+00 0.000000000000000000e+00
0.000000000000000000e+00 5.966386554621848637e-01 4.921968787515006161e-02 0.000000000000000000e+00 0.000000000000000000e+00 0.000000000000000000e+00 1.000000000000000000e+00 0.000000000000000000e+00 0.000000000000000000e+00 0.000000000000000000e+00 0.000000000000000000e+00 0.000000000000000000e+00 0.000000000000000000e+00
3.915343915343915127e-01 3.174603174603174427e-02 4.761904761904761640e-02 0.000000000000000000e+00 0.000000000000000000e+00 1.000000000000000000e+00 4.074074074074073848e-01 0.000000000000000000e+00 0.000000000000000000e+00 0.000000000000000000e+00 6.507936507936508130e-01 1.269841269841269771e-01 0.000000000000000000e+00
0.000000000000000000e+00 1.799999999999999933e-01 1.000000000000000021e-02 2.999999999999999889e-02 0.000000000000000000e+00 0.000000000000000000e+00 1.000000000000000000e+00 0.000000000000000000e+00 8.100000000000000533e-01 0.000000000000000000e+00 7.000000000000000666e-02 5.899999999999999689e-01 1.199999999999999956e-01
0.000000000000000000e+00 0.000000000000000000e+00 0.000000000000000000e+00 0.000000000000000000e+00 0.000000000000000000e+00 0.000000000000000000e+00 0.000000000000000000e+00 0.000000000000000000e+00 0.000000000000000000e+00 0.000000000000000000e+00 0.000000000000000000e+00 0.000000000000000000e+00 0.000000000000000000e+00
0.000000000000000000e+00 0.000000000000000000e+00 0.000000000000000000e+00 0.000000000000000000e+00 0.000000000000000000e+00 6.578947368421052266e-03 0.000000000000000000e+00 1.000000000000000000e+00 0.000000000000000000e+00 0.000000000000000000e+00 0.000000000000000000e+00 0.000000000000000000e+00 0.000000000000000000e+00
0.000000000000000000e+00 1.000000000000000000e+00 3.853541416566626521e-01 0.000000000000000000e+00 0.000000000000000000e+00 0.000000000000000000e+00 0.000000000000000000e+00 0.000000000000000000e+00 0.000000000000000000e+00 0.000000000000000000e+00 4.681872749099640074e-02 0.000000000000000000e+00 0.000000000000000000e+00
1.000000000000000000e+00 0.000000000000000000e+00 0.000000000000000000e+00 0.000000000000000000e+00 0.000000000000000000e+00 7.718120805369127480e-01 0.000000000000000000e+00 2.013422818791946178e-02 0.000000000000000000e+00 0.000000000000000000e+00 0.000000000000000000e+00 3.758389261744966570e-01 0.000000000000000000e+00
0.000000000000000000e+00 7.233273056057865948e-03 2.712477396021699839e-03 1.745027124773960159e-01 0.000000000000000000e+00 0.000000000000000000e+00 1.392405063291139167e-01 0.000000000000000000e+00 0.000000000000000000e+00 0.000000000000000000e+00 0.000000000000000000e+00 2.079566003616636558e-02 1.000000000000000000e+00
5.772727272727272707e-01 0.000000000000000000e+00 0.000000000000000000e+00 0.000000000000000000e+00 0.000000000000000000e+00 0.000000000000000000e+00 0.000000000000000000e+00 0.000000000000000000e+00 0.000000000000000000e+00 4.090909090909090884e-02 0.000000000000000000e+00 1.000000000000000000e+00 0.000000000000000000e+00
0.000000000000000000e+00 2.380952380952380820e-02 1.000000000000000000e+00 0.000000000000000000e+00 0.000000000000000000e+00 0.000000000000000000e+00 1.825396825396825295e-01 1.349206349206349131e-01 0.000000000000000000e+00 0.000000000000000000e+00 2.380952380952380820e-02 0.000000000000000000e+00 0.000000000000000000e+00
0.000000000000000000e+00 0.000000000000000000e+00 3.436426116838487907e-03 1.993127147766323159e-01 0.000000000000000000e+00 0.000000000000000000e+00 0.000000000000000000e+00 0.000000000000000000e+00 1.000000000000000000e+00 0.000000000000000000e+00 0.000000000000000000e+00 0.000000000000000000e+00 1.202749140893470819e-01
0.000000000000000000e+00 5.381165919282511478e-03 0.000000000000000000e+00 2.062780269058295951e-02 0.000000000000000000e+00 0.000000000000000000e+00 5.381165919282511478e-03 0.000000000000000000e+00 1.000000000000000000e+00 0.000000000000000000e+00 0.000000000000000000e+00 2.690582959641255739e-03 6.304932735426008739e-01
