1.000000000000000000e+00 0.000000000000000000e+00 0.000000000000000000e+00 0.000000000000000000e+00 0.000000000000000000e+00 4.150464919695688870e-01 0.000000000000000000e+00 3.381234150464919493e-03 6.377852916314454834e-01 0.000000000000000000e+00 2.958579881656804664e-03 3.803888419273034754e-03 0.000000000000000000e+00 4.860524091293322302e-02
0.000000000000000000e+00 6.016260162601626549e-01 5.226480836236933880e-02 0.000000000000000000e+00 0.000000000000000000e+00 0.000000000000000000e+00 0.000000000000000000e+00 1.000000000000000000e+00 0.000000000000000000e+00 0.000000000000000000e+00 5.110336817653891167e-02 1.393728222996515609e-01 1.196283391405342650e-01 0.000000000000000000e+00
0.000000000000000000e+00 3.282828282828283151e-02 0.000000000000000000e+00 0.000000000000000000e+00 0.000000000000000000e+00 0.000000000000000000e+00 0.000000000000000000e+00 3.080808080808080662e-01 0.000000000000000000e+00 1.000000000000000000e+00 0.000000000000000000e+00 2.525252525252525467e-03 6.313131313131313538e-02 0.000000000000000000e+00
1.000000000000000000e+00 0.000000000000000000e+00 0.000000000000000000e+00 1.041666666666666652e-03 0.000000000000000000e+00 1.843750000000000111e-01 0.000000000000000000e+00 7.291666666666666782e-03 6.479166666666666963e-01 0.000000000000000000e+00 1.041666666666666652e-03 4.166666666666666609e-03 0.000000000000000000e+00 5.625000000000000139e-02
0.000000000000000000e+00 1.666666666666666574e-01 9.259259259259258745e-03 0.000000000000000000e+00 0.000000000000000000e+00 0.000000000000000000e+00 0.000000000000000000e+00 1.000000000000000000e+00 8.333333333333332871e-02 0.000000000000000000e+00 0.000000000000000000e+00 0.000000000000000000e+00 2.129629629629629650e-01 0.000000000000000000e+00
2.309468822170900656e-03 1.539645881447267032e-03 2.309468822170900656e-03 2.540415704387991025e-01 2.232486528098537315e-02 7.698229407236335158e-04 0.000000000000000000e+00 1.000769822940723690e-02 1.000000000000000000e+00 0.000000000000000000e+00 0.000000000000000000e+00 7.698229407236335158e-04 2.309468822170900656e-03 7.005388760585065655e-02
0.000000000000000000e+00 0.000000000000000000e+00 0.000000000000000000e+00 0.000000000000000000e+00 0.000000000000000000e+00 0.000000000000000000e+00 0.000000000000000000e+00 0.000000000000000000e+00 0.000000000000000000e+00 0.000000000000000000e+00 0.000000000000000000e+00 0.000000000000000000e+00 0.000000000000000000e+00 0.000000000000000000e+00
0.000000000000000000e+00 6.243727598566308767e-01 3.096774193548387233e-01 0.000000000000000000e+00 0.000000000000000000e+00 0.000000000000000000e+00 0.000000000000000000e+00 0.000000000000000000e+00 0.000000000000000000e+00 0.000000000000000000e+00 3.949820788530465920e-01 1.000000000000000000e+00 8.014336917562724372e-01 0.000000000000000000e+00
1.000000000000000000e+00 5.141388174807197571e-03 8.354755784061695945e-03 8.688946015424164893e-01 7.390745501285346519e-02 3.624678663239074283e-01 0.000000000000000000e+00 7.969151670951156452e-02 0.000000000000000000e+00 0.000000000000000000e+00 2.570694087403598786e-03 7.069408740359896769e-03 7.069408740359896769e-03 6.066838046272493568e-01
3.194888178913737886e-03 0.000000000000000000e+00 0.000000000000000000e+00 1.725239616613418459e-01 3.194888178913737886e-03 0.000000000000000000e+00 0.000000000000000000e+00 0.000000000000000000e+00 1.000000000000000000e+00 0.000000000000000000e+00 0.000000000000000000e+00 0.000000000000000000e+00 0.000000000000000000e+00 8.945686900958466081e-02
0.000000000000000000e+00 9.121621621621621434e-02 5.405405405405405705e-02 0.000000000000000000e+00 0.000000000000000000e+00 0.000000000000000000e+00 0.000000000000000000e+00 1.000000000000000000e+00 0.000000000000000000e+00 0.000000000000000000e+00 0.000000000000000000e+00 1.689189189189189283e-03 2.060810810810810856e-01 0.000000000000000000e+00
0.000000000000000000e+00 5.384615384615384914e-02 0.000000000000000000e+00 0.000000000000000000e+00 0.000000000000000000e+00 0.000000000000000000e+00 0.000000000000000000e+00 6.581730769230769162e-01 0.000000000000000000e+00 0.000000000000000000e+00 4.067307692307692291e-01 1.000000000000000000e+00 0.000000000000000000e+00 0.000000000000000000e+00
0.000000000000000000e+00 5.108556832694764044e-02 0.000000000000000000e+00 0.000000000000000000e+00 0.000000000000000000e+00 0.000000000000000000e+00 0.000000000000000000e+00 7.100893997445721917e-01 0.000000000000000000e+00 0.000000000000000000e+00 1.902937420178799355e-01 1.000000000000000000e+00 0.000000000000000000e+00 0.000000000000000000e+00
1.157894736842105254e-01 1.052631578947368397e-03 0.000000000000000000e+00 9.368421052631578649e-02 1.473684210526315756e-02 5.368421052631579260e-02 0.000000000000000000e+00 1.578947368421052683e-02 1.000000000000000000e+00 0.000000000000000000e+00 0.000000000000000000e+00 1.052631578947368397e-03 1.052631578947368397e-03 5.305263157894737347e-01
