2.053571428571428492e-01 0.000000000000000000e+00 0.000000000000000000e+00 8.928571428571428076e-03 0.000000000000000000e+00 6.071428571428570953e-01 0.000000000000000000e+00 0.000000000000000000e+00 1.000000000000000000e+00 0.000000000000000000e+00 0.000000000000000000e+00 0.000000000000000000e+00 0.000000000000000000e+00 0.000000000000000000e+00 1.785714285714285615e-02
0.000000000000000000e+00 8.064159292035397719e-01 4.314159292035397997e-02 0.000000000000000000e+00 0.000000000000000000e+00 0.000000000000000000e+00 0.000000000000000000e+00 1.000000000000000000e+00 0.000000000000000000e+00 0.000000000000000000e+00 7.079646017699114946e-02 0.000000000000000000e+00 5.530973451327433552e-03 7.522123893805310324e-02 0.000000000000000000e+00
0.000000000000000000e+00 2.970297029702970160e-02 3.300330033003300370e-03 0.000000000000000000e+00 0.000000000000000000e+00 0.000000000000000000e+00 0.000000000000000000e+00 2.079207920792079112e-01 0.000000000000000000e+00 1.000000000000000000e+00 6.600660066006600740e-03 0.000000000000000000e+00 3.300330033003300370e-03 3.960396039603960444e-02 0.000000000000000000e+00
7.772020725388600892e-02 0.000000000000000000e+00 0.000000000000000000e+00 2.072538860103626847e-03 2.072538860103626847e-03 3.678756476683937571e-01 0.000000000000000000e+00 4.145077720207253694e-03 1.000000000000000000e+00 1.036269430051813423e-03 6.217616580310880540e-03 0.000000000000000000e+00 0.000000000000000000e+00 0.000000000000000000e+00 9.326424870466321071e-02
0.000000000000000000e+00 8.333333333333332871e-02 0.000000000000000000e+00 1.309523809523809590e-01 1.190476190476190410e-02 2.380952380952380820e-02 0.000000000000000000e+00 9.404761904761904656e-01 1.000000000000000000e+00 2.380952380952380820e-02 0.000000000000000000e+00 1.190476190476190410e-02 0.000000000000000000e+00 1.666666666666666574e-01 7.142857142857142461e-02
0.000000000000000000e+00 0.000000000000000000e+00 0.000000000000000000e+00 2.146739130434782705e-01 1.268115942028985588e-02 0.000000000000000000e+00 0.000000000000000000e+00 1.449275362318840597e-02 1.000000000000000000e+00 3.623188405797101493e-03 0.000000000000000000e+00 0.000000000000000000e+00 0.000000000000000000e+00 9.057971014492753733e-04 8.514492753623188748e-02
0.000000000000000000e+00 0.000000000000000000e+00 0.000000000000000000e+00 0.000000000000000000e+00 0.000000000000000000e+00 0.000000000000000000e+00 0.000000000000000000e+00 0.000000000000000000e+00 0.000000000000000000e+00 0.000000000000000000e+00 0.000000000000000000e+00 0.000000000000000000e+00 0.000000000000000000e+00 0.000000000000000000e+00 0.000000000000000000e+00
0.000000000000000000e+00 1.000000000000000000e+00 3.242655059847660559e-01 0.000000000000000000e+00 0.000000000000000000e+00 0.000000000000000000e+00 0.000000000000000000e+00 0.000000000000000000e+00 0.000000000000000000e+00 0.000000000000000000e+00 7.660500544069640538e-01 2.937976060935799938e-02 7.943416757344939905e-02 8.824809575625680580e-01 0.000000000000000000e+00
8.250000000000000389e-02 9.166666666666666713e-03 2.500000000000000052e-03 9.241666666666666918e-01 1.275000000000000022e-01 7.883333333333333304e-01 0.000000000000000000e+00 1.100000000000000006e-01 0.000000000000000000e+00 2.083333333333333218e-02 5.000000000000000104e-03 0.000000000000000000e+00 8.333333333333333868e-04 6.666666666666667095e-03 1.000000000000000000e+00
0.000000000000000000e+00 0.000000000000000000e+00 0.000000000000000000e+00 1.341463414634146423e-01 6.910569105691057035e-02 4.065040650406504495e-03 0.000000000000000000e+00 0.000000000000000000e+00 1.000000000000000000e+00 8.130081300813008990e-03 0.000000000000000000e+00 0.000000000000000000e+00 0.000000000000000000e+00 0.000000000000000000e+00 1.585365853658536606e-01
0.000000000000000000e+00 8.352941176470587981e-02 4.117647058823529355e-02 0.000000000000000000e+00 0.000000000000000000e+00 0.000000000000000000e+00 0.000000000000000000e+00 1.000000000000000000e+00 0.000000000000000000e+00 0.000000000000000000e+00 0.000000000000000000e+00 3.529411764705882477e-03 0.000000000000000000e+00 1.882352941176470562e-01 0.000000000000000000e+00
0.000000000000000000e+00 1.428571428571428492e-01 1.000000000000000000e+00 0.000000000000000000e+00 0.000000000000000000e+00 0.000000000000000000e+00 0.000000000000000000e+00 7.857142857142856984e-01 0.000000000000000000e+00 0.000000000000000000e+00 1.428571428571428492e-01 0.000000000000000000e+00 0.000000000000000000e+00 2.857142857142856984e-01 0.000000000000000000e+00
0.000000000000000000e+00 7.142857142857142461e-02 0.000000000000000000e+00 0.000000000000000000e+00 0.000000000000000000e+00 0.000000000000000000e+00 0.000000000000000000e+00 1.000000000000000000e+00 0.000000000000000000e+00 0.000000000000000000e+00 8.857142857142856762e-01 0.000000000000000000e+00 2.857142857142856984e-01 0.000000000000000000e+00 0.000000000000000000e+00
0.000000000000000000e+00 7.348703170028818288e-02 1.440922190201729012e-03 0.000000000000000000e+00 0.000000000000000000e+00 0.000000000000000000e+00 0.000000000000000000e+00 1.000000000000000000e+00 0.000000000000000000e+00 0.000000000000000000e+00 3.933717579250720631e-01 2.881844380403458025e-03 8.213256484149855652e-02 0.000000000000000000e+00 0.000000000000000000e+00
7.614213197969543420e-03 4.230118443316412818e-03 8.460236886632825420e-04 9.052453468697123362e-02 1.692047377326565127e-02 8.291032148900169541e-02 0.000000000000000000e+00 7.614213197969543420e-03 1.000000000000000000e+00 0.000000000000000000e+00 0.000000000000000000e+00 0.000000000000000000e+00 0.000000000000000000e+00 0.000000000000000000e+00 7.123519458544839145e-01
