0.000000000000000000e+00 0.000000000000000000e+00 0.000000000000000000e+00 0.000000000000000000e+00 0.000000000000000000e+00 0.000000000000000000e+00 3.125000000000000000e-02 0.000000000000000000e+00 0.000000000000000000e+00 3.125000000000000000e-02 9.375000000000000000e-02 0.000000000000000000e+00 1.562500000000000000e-01 0.000000000000000000e+00 1.000000000000000000e+00 0.000000000000000000e+00 0.000000000000000000e+00 0.000000000000000000e+00
0.000000000000000000e+00 0.000000000000000000e+00 0.000000000000000000e+00 0.000000000000000000e+00 0.000000000000000000e+00 0.000000000000000000e+00 0.000000000000000000e+00 0.000000000000000000e+00 0.000000000000000000e+00 0.000000000000000000e+00 0.000000000000000000e+00 0.000000000000000000e+00 0.000000000000000000e+00 0.000000000000000000e+00 0.000000000000000000e+00 0.000000000000000000e+00 0.000000000000000000e+00 0.000000000000000000e+00
0.000000000000000000e+00 0.000000000000000000e+00 7.440476190476190688e-01 0.000000000000000000e+00 7.738095238095238360e-02 0.000000000000000000e+00 0.000000000000000000e+00 5.952380952380952051e-03 0.000000000000000000e+00 0.000000000000000000e+00 0.000000000000000000e+00 1.000000000000000000e+00 0.000000000000000000e+00 0.000000000000000000e+00 0.000000000000000000e+00 1.190476190476190410e-02 0.000000000000000000e+00 0.000000000000000000e+00
3.437500000000000000e-01 0.000000000000000000e+00 0.000000000000000000e+00 2.812500000000000000e-01 0.000000000000000000e+00 0.000000000000000000e+00 0.000000000000000000e+00 0.000000000000000000e+00 0.000000000000000000e+00 6.250000000000000000e-02 0.000000000000000000e+00 0.000000000000000000e+00 3.125000000000000000e-02 0.000000000000000000e+00 1.000000000000000000e+00 0.000000000000000000e+00 0.000000000000000000e+00 0.000000000000000000e+00
0.000000000000000000e+00 0.000000000000000000e+00 0.000000000000000000e+00 0.000000000000000000e+00 0.000000000000000000e+00 0.000000000000000000e+00 0.000000000000000000e+00 0.000000000000000000e+00 0.000000000000000000e+00 0.000000000000000000e+00 0.000000000000000000e+00 0.000000000000000000e+00 0.000000000000000000e+00 0.000000000000000000e+00 0.000000000000000000e+00 0.000000000000000000e+00 0.000000000000000000e+00 1.000000000000000000e+00
0.000000000000000000e+00 0.000000000000000000e+00 0.000000000000000000e+00 0.000000000000000000e+00 0.000000000000000000e+00 0.000000000000000000e+00 4.838709677419354704e-02 0.000000000000000000e+00 1.774193548387096864e-01 0.000000000000000000e+00 0.000000000000000000e+00 1.612903225806451568e-02 1.000000000000000000e+00 0.000000000000000000e+00 0.000000000000000000e+00 0.000000000000000000e+00 3.548387096774193727e-01 0.000000000000000000e+00
0.000000000000000000e+00 0.000000000000000000e+00 4.329004329004329001e-03 0.000000000000000000e+00 4.329004329004329001e-03 2.597402597402597574e-02 8.225108225108225257e-01 0.000000000000000000e+00 2.597402597402597574e-02 0.000000000000000000e+00 0.000000000000000000e+00 1.731601731601731600e-02 1.000000000000000000e+00 0.000000000000000000e+00 0.000000000000000000e+00 0.000000000000000000e+00 1.731601731601731600e-02 0.000000000000000000e+00
0.000000000000000000e+00 0.000000000000000000e+00 2.631578947368420907e-02 0.000000000000000000e+00 2.631578947368420907e-02 0.000000000000000000e+00 0.000000000000000000e+00 0.000000000000000000e+00 0.000000000000000000e+00 0.000000000000000000e+00 0.000000000000000000e+00 1.000000000000000000e+00 0.000000000000000000e+00 3.421052631578947456e-01 0.000000000000000000e+00 3.684210526315789269e-01 0.000000000000000000e+00 0.000000000000000000e+00
0.000000000000000000e+00 0.000000000000000000e+00 0.000000000000000000e+00 0.000000000000000000e+00 1.052631578947368397e-02 3.157894736842105365e-02 1.052631578947368397e-02 0.000000000000000000e+00 0.000000000000000000e+00 0.000000000000000000e+00 0.000000000000000000e+00 1.052631578947368397e-02 1.000000000000000000e+00 0.000000000000000000e+00 0.000000000000000000e+00 0.000000000000000000e+00 0.000000000000000000e+00 0.000000000000000000e+00
7.142857142857142634e-03 0.000000000000000000e+00 0.000000000000000000e+00 1.428571428571428527e-02 0.000000000000000000e+00 0.000000000000000000e+00 7.142857142857142634e-03 0.000000000000000000e+00 0.000000000000000000e+00 6.071428571428570953e-01 1.428571428571428527e-02 0.000000000000000000e+00 5.000000000000000278e-02 0.000000000000000000e+00 1.000000000000000000e+00 0.000000000000000000e+00 0.000000000000000000e+00 0.000000000000000000e+00
8.571428571428571508e-02 0.000000000000000000e+00 0.000000000000000000e+00 3.142857142857142794e-01 0.000000000000000000e+00 0.000000000000000000e+00 0.000000000000000000e+00 0.000000000000000000e+00 2.857142857142857054e-02 1.428571428571428492e-01 0.000000000000000000e+00 0.000000000000000000e+00 8.571428571428571508e-02 0.000000000000000000e+00 1.000000000000000000e+00 0.000000000000000000e+00 0.000000000000000000e+00 0.000000000000000000e+00
0.000000000000000000e+00 0.000000000000000000e+00 1.000000000000000000e+00 0.000000000000000000e+00 5.523255813953488191e-01 0.000000000000000000e+00 0.000000000000000000e+00 3.372093023255813837e-01 0.000000000000000000e+00 0.000000000000000000e+00 0.000000000000000000e+00 0.000000000000000000e+00 0.000000000000000000e+00 2.790697674418604612e-01 0.000000000000000000e+00 1.453488372093023340e-01 0.000000000000000000e+00 0.000000000000000000e+00
0.000000000000000000e+00 0.000000000000000000e+00 1.250000000000000069e-02 0.000000000000000000e+00 0.000000000000000000e+00 3.666666666666666408e-01 1.000000000000000000e+00 1.666666666666666644e-02 2.541666666666666519e-01 0.000000000000000000e+00 0.000000000000000000e+00 3.791666666666666519e-01 0.000000000000000000e+00 1.250000000000000069e-02 0.000000000000000000e+00 8.333333333333333218e-03 1.749999999999999889e-01 0.000000000000000000e+00
0.000000000000000000e+00 0.000000000000000000e+00 1.029411764705882304e-01 0.000000000000000000e+00 2.941176470588235253e-02 0.000000000000000000e+00 0.000000000000000000e+00 5.882352941176470507e-02 0.000000000000000000e+00 0.000000000000000000e+00 0.000000000000000000e+00 1.000000000000000000e+00 0.000000000000000000e+00 0.000000000000000000e+00 0.000000000000000000e+00 0.000000000000000000e+00 0.000000000000000000e+00 0.000000000000000000e+00
2.045454545454545581e-01 0.000000000000000000e+00 0.000000000000000000e+00 2.500000000000000000e-01 0.000000000000000000e+00 1.515151515151515194e-02 3.030303030303030387e-02 0.000000000000000000e+00 7.575757575757575968e-03 1.000000000000000000e+00 3.787878787878787845e-01 0.000000000000000000e+00 6.439393939393939226e-01 0.000000000000000000e+00 0.000000000000000000e+00 0.000000000000000000e+00 1.515151515151515194e-02 0.000000000000000000e+00
0.000000000000000000e+00 0.000000000000000000e+00 0.000000000000000000e+00 0.000000000000000000e+00 0.000000000000000000e+00 0.000000000000000000e+00 0.000000000000000000e+00 0.000000000000000000e+00 0.000000000000000000e+00 0.000000000000000000e+00 0.000000000000000000e+00 1.000000000000000000e+00 0.000000000000000000e+00 6.538461538461538547e-01 0.000000000000000000e+00 8.846153846153845812e-01 0.000000000000000000e+00 0.000000000000000000e+00
0.000000000000000000e+00 0.000000000000000000e+00 0.000000000000000000e+00 0.000000000000000000e+00 0.000000000000000000e+00 0.000000000000000000e+00 6.666666666666666574e-02 0.000000000000000000e+00 4.666666666666666741e-01 0.000000000000000000e+00 0.000000000000000000e+00 2.222222222222222307e-02 1.000000000000000000e+00 0.000000000000000000e+00 0.000000000000000000e+00 0.000000000000000000e+00 6.444444444444444864e-01 0.000000000000000000e+00
0.000000000000000000e+00 0.000000000000000000e+00 0.000000000000000000e+00 0.000000000000000000e+00 0.000000000000000000e+00 0.000000000000000000e+00 0.000000000000000000e+00 0.000000000000000000e+00 0.000000000000000000e+00 1.340206185567010266e-01 3.092783505154639290e-02 0.000000000000000000e+00 0.000000000000000000e+00 0.000000000000000000e+00 1.000000000000000000e+00 0.000000000000000000e+00 0.000000000000000000e+00 0.000000000000000000e+00
