0.000000000000000000e+00 0.000000000000000000e+00 0.000000000000000000e+00 0.000000000000000000e+00 1.153846153846153910e-01 0.000000000000000000e+00 1.000000000000000000e+00 9.743589743589743390e-01 0.000000000000000000e+00 1.025641025641025605e-01
0.000000000000000000e+00 6.638176638176638278e-01 3.846153846153846367e-02 0.000000000000000000e+00 0.000000000000000000e+00 1.000000000000000000e+00 0.000000000000000000e+00 0.000000000000000000e+00 0.000000000000000000e+00 0.000000000000000000e+00
1.000000000000000000e+00 0.000000000000000000e+00 0.000000000000000000e+00 0.000000000000000000e+00 0.000000000000000000e+00 0.000000000000000000e+00 0.000000000000000000e+00 0.000000000000000000e+00 7.719298245614034659e-01 0.000000000000000000e+00
0.000000000000000000e+00 0.000000000000000000e+00 0.000000000000000000e+00 0.000000000000000000e+00 0.000000000000000000e+00 0.000000000000000000e+00 0.000000000000000000e+00 0.000000000000000000e+00 0.000000000000000000e+00 0.000000000000000000e+00
0.000000000000000000e+00 0.000000000000000000e+00 0.000000000000000000e+00 0.000000000000000000e+00 8.235294117647058432e-01 0.000000000000000000e+00 2.352941176470588203e-01 1.000000000000000000e+00 0.000000000000000000e+00 1.176470588235294101e-01
0.000000000000000000e+00 1.000000000000000000e+00 3.923512747875353979e-01 0.000000000000000000e+00 0.000000000000000000e+00 0.000000000000000000e+00 0.000000000000000000e+00 0.000000000000000000e+00 0.000000000000000000e+00 0.000000000000000000e+00
0.000000000000000000e+00 2.060737527114967632e-02 0.000000000000000000e+00 0.000000000000000000e+00 0.000000000000000000e+00 2.874186550976138843e-01 0.000000000000000000e+00 0.000000000000000000e+00 0.000000000000000000e+00 1.000000000000000000e+00
0.000000000000000000e+00 0.000000000000000000e+00 0.000000000000000000e+00 0.000000000000000000e+00 1.818181818181818232e-01 0.000000000000000000e+00 1.000000000000000000e+00 0.000000000000000000e+00 0.000000000000000000e+00 2.597402597402597574e-02
0.000000000000000000e+00 0.000000000000000000e+00 0.000000000000000000e+00 0.000000000000000000e+00 0.000000000000000000e+00 0.000000000000000000e+00 1.000000000000000000e+00 0.000000000000000000e+00 0.000000000000000000e+00 9.917355371900826722e-02
0.000000000000000000e+00 4.319654427645788601e-03 0.000000000000000000e+00 0.000000000000000000e+00 0.000000000000000000e+00 1.727861771058315440e-02 1.000000000000000000e+00 0.000000000000000000e+00 0.000000000000000000e+00 5.496760259179265251e-01
