0.000000000000000000e+00 7.420494699646643100e-02 0.000000000000000000e+00 1.000000000000000000e+00 0.000000000000000000e+00 0.000000000000000000e+00 0.000000000000000000e+00 0.000000000000000000e+00 3.533568904593639530e-03 0.000000000000000000e+00 7.067137809187279060e-03 0.000000000000000000e+00 1.060070671378091946e-02 0.000000000000000000e+00 0.000000000000000000e+00 0.000000000000000000e+00 0.000000000000000000e+00 0.000000000000000000e+00 0.000000000000000000e+00 0.000000000000000000e+00 0.000000000000000000e+00 0.000000000000000000e+00
2.840909090909090988e-03 7.130681818181817677e-01 0.000000000000000000e+00 1.000000000000000000e+00 0.000000000000000000e+00 0.000000000000000000e+00 1.988636363636363605e-02 0.000000000000000000e+00 2.840909090909090988e-03 0.000000000000000000e+00 0.000000000000000000e+00 0.000000000000000000e+00 3.125000000000000000e-02 0.000000000000000000e+00 2.840909090909090988e-03 3.977272727272727210e-02 0.000000000000000000e+00 2.840909090909090988e-03 0.000000000000000000e+00 0.000000000000000000e+00 0.000000000000000000e+00 4.261363636363636048e-02
0.000000000000000000e+00 0.000000000000000000e+00 0.000000000000000000e+00 0.000000000000000000e+00 3.773584905660377388e-03 0.000000000000000000e+00 0.000000000000000000e+00 0.000000000000000000e+00 7.169811320754716777e-02 0.000000000000000000e+00 0.000000000000000000e+00 0.000000000000000000e+00 0.000000000000000000e+00 0.000000000000000000e+00 0.000000000000000000e+00 0.000000000000000000e+00 1.132075471698113130e-02 1.132075471698113130e-02 1.509433962264150955e-02 0.000000000000000000e+00 0.000000000000000000e+00 1.000000000000000000e+00
1.385041551246537356e-02 1.000000000000000000e+00 2.770083102493074798e-03 0.000000000000000000e+00 2.770083102493074798e-03 0.000000000000000000e+00 1.135734072022160646e-01 0.000000000000000000e+00 6.371191135734072253e-02 0.000000000000000000e+00 5.540166204986149597e-03 0.000000000000000000e+00 3.795013850415512313e-01 0.000000000000000000e+00 1.662049861495844966e-02 3.351800554016620692e-01 0.000000000000000000e+00 1.939058171745152229e-02 0.000000000000000000e+00 0.000000000000000000e+00 0.000000000000000000e+00 6.288088642659279692e-01
0.000000000000000000e+00 0.000000000000000000e+00 0.000000000000000000e+00 0.000000000000000000e+00 0.000000000000000000e+00 0.000000000000000000e+00 0.000000000000000000e+00 0.000000000000000000e+00 0.000000000000000000e+00 0.000000000000000000e+00 0.000000000000000000e+00 0.000000000000000000e+00 0.000000000000000000e+00 0.000000000000000000e+00 0.000000000000000000e+00 0.000000000000000000e+00 1.428571428571428492e-01 0.000000000000000000e+00 1.000000000000000000e+00 0.000000000000000000e+00 0.000000000000000000e+00 7.142857142857143016e-01
0.000000000000000000e+00 0.000000000000000000e+00 0.000000000000000000e+00 0.000000000000000000e+00 0.000000000000000000e+00 0.000000000000000000e+00 0.000000000000000000e+00 0.000000000000000000e+00 0.000000000000000000e+00 0.000000000000000000e+00 0.000000000000000000e+00 1.000000000000000000e+00 0.000000000000000000e+00 0.000000000000000000e+00 0.000000000000000000e+00 0.000000000000000000e+00 6.666666666666666297e-01 0.000000000000000000e+00 0.000000000000000000e+00 0.000000000000000000e+00 1.111111111111111049e-01 0.000000000000000000e+00
0.000000000000000000e+00 7.291666666666667129e-02 0.000000000000000000e+00 1.000000000000000000e+00 0.000000000000000000e+00 0.000000000000000000e+00 0.000000000000000000e+00 0.000000000000000000e+00 1.041666666666666609e-02 0.000000000000000000e+00 1.041666666666666609e-02 0.000000000000000000e+00 2.083333333333333218e-02 0.000000000000000000e+00 0.000000000000000000e+00 0.000000000000000000e+00 0.000000000000000000e+00 0.000000000000000000e+00 0.000000000000000000e+00 0.000000000000000000e+00 0.000000000000000000e+00 2.083333333333333218e-02
0.000000000000000000e+00 0.000000000000000000e+00 0.000000000000000000e+00 0.000000000000000000e+00 0.000000000000000000e+00 5.141388174807197571e-03 0.000000000000000000e+00 6.940874035989716972e-01 0.000000000000000000e+00 0.000000000000000000e+00 0.000000000000000000e+00 5.398457583547557753e-02 0.000000000000000000e+00 2.570694087403599046e-02 0.000000000000000000e+00 0.000000000000000000e+00 1.000000000000000000e+00 0.000000000000000000e+00 0.000000000000000000e+00 1.542416452442159358e-02 2.056555269922879028e-02 0.000000000000000000e+00
0.000000000000000000e+00 0.000000000000000000e+00 1.021897810218978103e-02 0.000000000000000000e+00 1.459854014598540055e-03 0.000000000000000000e+00 0.000000000000000000e+00 1.459854014598540055e-03 7.693430656934306944e-01 0.000000000000000000e+00 0.000000000000000000e+00 2.919708029197080109e-03 0.000000000000000000e+00 0.000000000000000000e+00 3.065693430656934310e-02 0.000000000000000000e+00 1.751824817518248326e-02 1.897810218978102093e-02 2.043795620437956206e-02 0.000000000000000000e+00 0.000000000000000000e+00 1.000000000000000000e+00
0.000000000000000000e+00 0.000000000000000000e+00 0.000000000000000000e+00 0.000000000000000000e+00 0.000000000000000000e+00 0.000000000000000000e+00 0.000000000000000000e+00 0.000000000000000000e+00 0.000000000000000000e+00 0.000000000000000000e+00 0.000000000000000000e+00 0.000000000000000000e+00 0.000000000000000000e+00 0.000000000000000000e+00 0.000000000000000000e+00 0.000000000000000000e+00 0.000000000000000000e+00 0.000000000000000000e+00 0.000000000000000000e+00 0.000000000000000000e+00 0.000000000000000000e+00 0.000000000000000000e+00
0.000000000000000000e+00 0.000000000000000000e+00 0.000000000000000000e+00 1.000000000000000000e+00 0.000000000000000000e+00 0.000000000000000000e+00 0.000000000000000000e+00 0.000000000000000000e+00 0.000000000000000000e+00 0.000000000000000000e+00 0.000000000000000000e+00 0.000000000000000000e+00 2.500000000000000000e-01 0.000000000000000000e+00 0.000000000000000000e+00 0.000000000000000000e+00 0.000000000000000000e+00 0.000000000000000000e+00 0.000000000000000000e+00 0.000000000000000000e+00 0.000000000000000000e+00 0.000000000000000000e+00
1.000000000000000000e+00 0.000000000000000000e+00 0.000000000000000000e+00 0.000000000000000000e+00 0.000000000000000000e+00 0.000000000000000000e+00 0.000000000000000000e+00 3.300330033003300370e-03 0.000000000000000000e+00 0.000000000000000000e+00 0.000000000000000000e+00 0.000000000000000000e+00 0.000000000000000000e+00 3.300330033003300370e-03 0.000000000000000000e+00 0.000000000000000000e+00 1.485148514851485080e-01 0.000000000000000000e+00 0.000000000000000000e+00 0.000000000000000000e+00 6.600660066006600740e-03 0.000000000000000000e+00
0.000000000000000000e+00 8.955223880597014408e-02 1.492537313432835792e-02 9.701492537313433084e-01 0.000000000000000000e+00 0.000000000000000000e+00 1.343283582089552231e-01 0.000000000000000000e+00 1.492537313432835792e-02 0.000000000000000000e+00 0.000000000000000000e+00 0.000000000000000000e+00 0.000000000000000000e+00 0.000000000000000000e+00 1.492537313432835792e-02 1.000000000000000000e+00 0.000000000000000000e+00 0.000000000000000000e+00 0.000000000000000000e+00 0.000000000000000000e+00 0.000000000000000000e+00 5.970149253731343170e-02
0.000000000000000000e+00 0.000000000000000000e+00 0.000000000000000000e+00 0.000000000000000000e+00 0.000000000000000000e+00 0.000000000000000000e+00 0.000000000000000000e+00 5.555555555555555247e-02 0.000000000000000000e+00 0.000000000000000000e+00 0.000000000000000000e+00 0.000000000000000000e+00 0.000000000000000000e+00 1.000000000000000000e+00 0.000000000000000000e+00 0.000000000000000000e+00 7.626262626262626521e-01 0.000000000000000000e+00 0.000000000000000000e+00 4.141414141414141437e-01 0.000000000000000000e+00 0.000000000000000000e+00
0.000000000000000000e+00 0.000000000000000000e+00 3.397129186602870776e-01 0.000000000000000000e+00 0.000000000000000000e+00 0.000000000000000000e+00 0.000000000000000000e+00 0.000000000000000000e+00 4.306220095693780170e-02 0.000000000000000000e+00 0.000000000000000000e+00 0.000000000000000000e+00 0.000000000000000000e+00 4.784688995215310818e-03 1.000000000000000000e+00 0.000000000000000000e+00 7.177033492822966661e-03 0.000000000000000000e+00 0.000000000000000000e+00 2.392344497607655409e-03 0.000000000000000000e+00 7.368421052631578538e-01
0.000000000000000000e+00 5.128205128205128027e-02 6.410256410256410034e-03 8.461538461538461453e-01 0.000000000000000000e+00 0.000000000000000000e+00 3.333333333333333148e-01 0.000000000000000000e+00 0.000000000000000000e+00 0.000000000000000000e+00 0.000000000000000000e+00 0.000000000000000000e+00 0.000000000000000000e+00 0.000000000000000000e+00 2.564102564102564014e-02 1.000000000000000000e+00 0.000000000000000000e+00 0.000000000000000000e+00 0.000000000000000000e+00 0.000000000000000000e+00 0.000000000000000000e+00 3.205128205128204844e-02
0.000000000000000000e+00 0.000000000000000000e+00 0.000000000000000000e+00 0.000000000000000000e+00 0.000000000000000000e+00 2.267002518891687510e-02 0.000000000000000000e+00 1.000000000000000000e+00 0.000000000000000000e+00 0.000000000000000000e+00 0.000000000000000000e+00 7.682619647355163339e-01 0.000000000000000000e+00 3.929471032745591730e-01 0.000000000000000000e+00 0.000000000000000000e+00 0.000000000000000000e+00 0.000000000000000000e+00 0.000000000000000000e+00 1.838790931989924549e-01 3.073047858942065669e-01 0.000000000000000000e+00
0.000000000000000000e+00 0.000000000000000000e+00 7.142857142857142461e-02 0.000000000000000000e+00 7.936507936507936067e-03 7.936507936507936067e-03 0.000000000000000000e+00 0.000000000000000000e+00 5.555555555555555247e-02 0.000000000000000000e+00 0.000000000000000000e+00 0.000000000000000000e+00 0.000000000000000000e+00 0.000000000000000000e+00 1.000000000000000000e+00 0.000000000000000000e+00 7.936507936507936067e-03 0.000000000000000000e+00 0.000000000000000000e+00 0.000000000000000000e+00 0.000000000000000000e+00 9.444444444444444198e-01
0.000000000000000000e+00 0.000000000000000000e+00 1.030927835051546372e-02 0.000000000000000000e+00 1.030927835051546372e-02 2.061855670103092744e-02 0.000000000000000000e+00 5.154639175257731687e-02 5.154639175257731687e-02 0.000000000000000000e+00 0.000000000000000000e+00 1.030927835051546372e-02 0.000000000000000000e+00 0.000000000000000000e+00 0.000000000000000000e+00 0.000000000000000000e+00 9.175257731958762486e-01 1.030927835051546372e-02 1.030927835051546372e-02 0.000000000000000000e+00 1.030927835051546372e-02 1.000000000000000000e+00
0.000000000000000000e+00 0.000000000000000000e+00 0.000000000000000000e+00 0.000000000000000000e+00 0.000000000000000000e+00 7.407407407407407690e-03 0.000000000000000000e+00 9.629629629629629650e-02 0.000000000000000000e+00 0.000000000000000000e+00 0.000000000000000000e+00 6.666666666666666574e-02 0.000000000000000000e+00 0.000000000000000000e+00 0.000000000000000000e+00 0.000000000000000000e+00 1.000000000000000000e+00 0.000000000000000000e+00 0.000000000000000000e+00 0.000000000000000000e+00 5.185185185185185036e-02 0.000000000000000000e+00
0.000000000000000000e+00 0.000000000000000000e+00 0.000000000000000000e+00 0.000000000000000000e+00 0.000000000000000000e+00 0.000000000000000000e+00 0.000000000000000000e+00 4.109589041095890183e-02 0.000000000000000000e+00 0.000000000000000000e+00 0.000000000000000000e+00 1.369863013698630061e-02 0.000000000000000000e+00 1.000000000000000000e+00 0.000000000000000000e+00 0.000000000000000000e+00 8.904109589041095951e-01 0.000000000000000000e+00 0.000000000000000000e+00 4.109589041095890183e-02 0.000000000000000000e+00 0.000000000000000000e+00
0.000000000000000000e+00 0.000000000000000000e+00 1.955882352941176461e-01 0.000000000000000000e+00 1.176470588235294101e-02 1.470588235294117627e-03 0.000000000000000000e+00 7.352941176470588133e-03 1.000000000000000000e+00 0.000000000000000000e+00 0.000000000000000000e+00 7.352941176470588133e-03 0.000000000000000000e+00 2.941176470588235253e-03 4.632352941176470784e-01 0.000000000000000000e+00 2.382352941176470451e-01 3.514705882352940902e-01 2.617647058823529549e-01 0.000000000000000000e+00 5.882352941176470507e-03 0.000000000000000000e+00
