5.223214285714286031e-01 0.000000000000000000e+00 0.000000000000000000e+00 0.000000000000000000e+00 8.928571428571428770e-02 0.000000000000000000e+00 0.000000000000000000e+00 3.794642857142856984e-01 0.000000000000000000e+00 8.928571428571428076e-03 1.000000000000000000e+00 4.464285714285714038e-03 4.464285714285714038e-03 0.000000000000000000e+00 0.000000000000000000e+00
0.000000000000000000e+00 7.452991452991453158e-01 4.615384615384615641e-02 0.000000000000000000e+00 0.000000000000000000e+00 1.709401709401709574e-02 0.000000000000000000e+00 0.000000000000000000e+00 0.000000000000000000e+00 1.000000000000000000e+00 0.000000000000000000e+00 1.196581196581196667e-02 8.547008547008547868e-03 0.000000000000000000e+00 3.418803418803418800e-03
0.000000000000000000e+00 5.382436260623229413e-02 3.966005665722379531e-02 0.000000000000000000e+00 0.000000000000000000e+00 1.699716713881019997e-02 0.000000000000000000e+00 0.000000000000000000e+00 0.000000000000000000e+00 5.184135977337110956e-01 0.000000000000000000e+00 5.665722379603399701e-03 2.832861189801699851e-03 1.000000000000000000e+00 5.665722379603399701e-03
2.508710801393728151e-01 0.000000000000000000e+00 0.000000000000000000e+00 0.000000000000000000e+00 9.059233449477352429e-02 0.000000000000000000e+00 0.000000000000000000e+00 8.710801393728223596e-02 0.000000000000000000e+00 0.000000000000000000e+00 1.000000000000000000e+00 3.484320557491289196e-03 0.000000000000000000e+00 0.000000000000000000e+00 0.000000000000000000e+00
1.240523776705720199e-02 2.067539627842866854e-03 1.378359751895244642e-03 2.481047553411440398e-02 7.360441075120606191e-01 0.000000000000000000e+00 1.240523776705720199e-02 1.102687801516195713e-02 0.000000000000000000e+00 4.824259131633356137e-03 1.000000000000000000e+00 6.891798759476223208e-04 0.000000000000000000e+00 2.067539627842866854e-03 0.000000000000000000e+00
0.000000000000000000e+00 9.142857142857142849e-02 5.714285714285714281e-03 0.000000000000000000e+00 0.000000000000000000e+00 0.000000000000000000e+00 0.000000000000000000e+00 0.000000000000000000e+00 0.000000000000000000e+00 1.000000000000000000e+00 0.000000000000000000e+00 1.771428571428571297e-01 3.200000000000000067e-01 0.000000000000000000e+00 0.000000000000000000e+00
0.000000000000000000e+00 9.708737864077669755e-02 0.000000000000000000e+00 0.000000000000000000e+00 2.912621359223301065e-02 2.912621359223301065e-02 0.000000000000000000e+00 0.000000000000000000e+00 0.000000000000000000e+00 1.000000000000000000e+00 3.883495145631067902e-01 0.000000000000000000e+00 0.000000000000000000e+00 9.708737864077669061e-03 2.912621359223301065e-02
0.000000000000000000e+00 0.000000000000000000e+00 8.746355685131195629e-03 2.623906705539358689e-02 8.163265306122448328e-02 0.000000000000000000e+00 8.746355685131195629e-03 0.000000000000000000e+00 0.000000000000000000e+00 2.915451895043731732e-03 1.000000000000000000e+00 0.000000000000000000e+00 0.000000000000000000e+00 8.746355685131195629e-03 0.000000000000000000e+00
0.000000000000000000e+00 0.000000000000000000e+00 0.000000000000000000e+00 0.000000000000000000e+00 0.000000000000000000e+00 0.000000000000000000e+00 0.000000000000000000e+00 0.000000000000000000e+00 0.000000000000000000e+00 0.000000000000000000e+00 0.000000000000000000e+00 0.000000000000000000e+00 0.000000000000000000e+00 0.000000000000000000e+00 0.000000000000000000e+00
0.000000000000000000e+00 1.000000000000000000e+00 3.818797629127857474e-01 0.000000000000000000e+00 0.000000000000000000e+00 1.998306519898391254e-01 0.000000000000000000e+00 0.000000000000000000e+00 0.000000000000000000e+00 0.000000000000000000e+00 0.000000000000000000e+00 1.685012701100762067e-01 1.388653683319220900e-01 0.000000000000000000e+00 5.588484335309060191e-02
1.682825484764542967e-01 6.925207756232686779e-03 1.108033240997229919e-02 2.409972299168975096e-01 1.000000000000000000e+00 3.462603878116343389e-03 9.141274238227146964e-02 1.828254847645429393e-01 0.000000000000000000e+00 1.239612188365650930e-01 0.000000000000000000e+00 6.925207756232686996e-04 6.925207756232686996e-04 2.423822714681440546e-02 6.925207756232686996e-04
0.000000000000000000e+00 7.063197026022305369e-02 4.089219330855018569e-02 0.000000000000000000e+00 0.000000000000000000e+00 2.602230483271375516e-02 0.000000000000000000e+00 0.000000000000000000e+00 0.000000000000000000e+00 1.000000000000000000e+00 0.000000000000000000e+00 0.000000000000000000e+00 0.000000000000000000e+00 0.000000000000000000e+00 7.434944237918215265e-03
0.000000000000000000e+00 6.097560975609755962e-02 6.097560975609756309e-03 0.000000000000000000e+00 0.000000000000000000e+00 0.000000000000000000e+00 0.000000000000000000e+00 0.000000000000000000e+00 0.000000000000000000e+00 1.000000000000000000e+00 0.000000000000000000e+00 3.536585365853658347e-01 5.304878048780488076e-01 0.000000000000000000e+00 0.000000000000000000e+00
0.000000000000000000e+00 0.000000000000000000e+00 0.000000000000000000e+00 5.389221556886227699e-02 1.017964071856287400e-01 0.000000000000000000e+00 2.994011976047904200e-02 0.000000000000000000e+00 0.000000000000000000e+00 0.000000000000000000e+00 1.000000000000000000e+00 0.000000000000000000e+00 0.000000000000000000e+00 8.982035928143712253e-03 0.000000000000000000e+00
0.000000000000000000e+00 9.090909090909091161e-02 6.363636363636363535e-01 0.000000000000000000e+00 0.000000000000000000e+00 4.545454545454545581e-02 0.000000000000000000e+00 0.000000000000000000e+00 0.000000000000000000e+00 1.000000000000000000e+00 0.000000000000000000e+00 0.000000000000000000e+00 0.000000000000000000e+00 0.000000000000000000e+00 0.000000000000000000e+00
