6.253101736972704883e-01 4.301075268817204644e-02 0.000000000000000000e+00 2.315963606286186929e-02 0.000000000000000000e+00 0.000000000000000000e+00 0.000000000000000000e+00 1.000000000000000000e+00 0.000000000000000000e+00 0.000000000000000000e+00 1.985111662531017368e-02 8.271298593879239033e-04 1.571546732837055330e-02 0.000000000000000000e+00 0.000000000000000000e+00
4.620462046204620171e-02 6.600660066006600740e-03 0.000000000000000000e+00 0.000000000000000000e+00 0.000000000000000000e+00 0.000000000000000000e+00 0.000000000000000000e+00 2.376237623762376128e-01 0.000000000000000000e+00 1.000000000000000000e+00 6.600660066006600740e-03 3.300330033003300370e-03 0.000000000000000000e+00 0.000000000000000000e+00 0.000000000000000000e+00
0.000000000000000000e+00 0.000000000000000000e+00 0.000000000000000000e+00 0.000000000000000000e+00 0.000000000000000000e+00 1.617647058823529493e-01 0.000000000000000000e+00 0.000000000000000000e+00 1.000000000000000000e+00 3.676470588235294067e-03 0.000000000000000000e+00 0.000000000000000000e+00 0.000000000000000000e+00 3.014705882352941013e-01 9.558823529411764053e-02
9.507042253521126585e-02 0.000000000000000000e+00 0.000000000000000000e+00 0.000000000000000000e+00 0.000000000000000000e+00 0.000000000000000000e+00 0.000000000000000000e+00 1.000000000000000000e+00 0.000000000000000000e+00 0.000000000000000000e+00 1.725352112676056260e-01 0.000000000000000000e+00 2.957746478873239382e-01 0.000000000000000000e+00 0.000000000000000000e+00
1.414141414141414088e-01 0.000000000000000000e+00 2.020202020202020374e-02 7.070707070707070441e-02 0.000000000000000000e+00 0.000000000000000000e+00 0.000000000000000000e+00 1.000000000000000000e+00 3.737373737373737570e-01 0.000000000000000000e+00 0.000000000000000000e+00 0.000000000000000000e+00 0.000000000000000000e+00 1.010101010101010187e-02 8.080808080808081495e-02
0.000000000000000000e+00 0.000000000000000000e+00 8.405797101449274944e-02 0.000000000000000000e+00 2.318840579710144956e-02 0.000000000000000000e+00 0.000000000000000000e+00 8.695652173913043584e-03 1.000000000000000000e+00 0.000000000000000000e+00 0.000000000000000000e+00 0.000000000000000000e+00 0.000000000000000000e+00 2.898550724637681195e-03 1.072463768115941990e-01
0.000000000000000000e+00 0.000000000000000000e+00 0.000000000000000000e+00 0.000000000000000000e+00 0.000000000000000000e+00 0.000000000000000000e+00 0.000000000000000000e+00 0.000000000000000000e+00 0.000000000000000000e+00 0.000000000000000000e+00 0.000000000000000000e+00 0.000000000000000000e+00 0.000000000000000000e+00 0.000000000000000000e+00 0.000000000000000000e+00
1.000000000000000000e+00 2.627677100494233975e-01 0.000000000000000000e+00 3.171334431630972173e-01 0.000000000000000000e+00 0.000000000000000000e+00 0.000000000000000000e+00 0.000000000000000000e+00 0.000000000000000000e+00 0.000000000000000000e+00 2.372322899505766025e-01 3.294892915980230687e-03 2.084019769357495777e-01 0.000000000000000000e+00 0.000000000000000000e+00
4.846526655896607298e-03 3.231017770597738488e-03 2.754442649434571955e-01 4.038772213247172893e-03 1.066235864297253588e-01 2.075928917609046742e-01 0.000000000000000000e+00 1.171243941841680070e-01 0.000000000000000000e+00 3.231017770597738488e-03 2.423263327948303649e-03 0.000000000000000000e+00 1.615508885298869244e-03 1.672051696284329592e-01 1.000000000000000000e+00
0.000000000000000000e+00 4.065040650406504495e-03 5.284552845528455584e-02 0.000000000000000000e+00 4.065040650406504495e-03 4.065040650406504495e-03 0.000000000000000000e+00 0.000000000000000000e+00 1.000000000000000000e+00 0.000000000000000000e+00 0.000000000000000000e+00 0.000000000000000000e+00 0.000000000000000000e+00 0.000000000000000000e+00 1.910569105691057035e-01
8.312342569269520753e-02 3.274559193954659775e-02 0.000000000000000000e+00 4.785894206549118346e-02 0.000000000000000000e+00 0.000000000000000000e+00 0.000000000000000000e+00 1.000000000000000000e+00 0.000000000000000000e+00 0.000000000000000000e+00 0.000000000000000000e+00 0.000000000000000000e+00 0.000000000000000000e+00 0.000000000000000000e+00 0.000000000000000000e+00
0.000000000000000000e+00 1.000000000000000000e+00 0.000000000000000000e+00 0.000000000000000000e+00 0.000000000000000000e+00 0.000000000000000000e+00 0.000000000000000000e+00 5.000000000000000000e-01 0.000000000000000000e+00 0.000000000000000000e+00 0.000000000000000000e+00 0.000000000000000000e+00 0.000000000000000000e+00 0.000000000000000000e+00 0.000000000000000000e+00
8.713692946058090860e-02 0.000000000000000000e+00 0.000000000000000000e+00 0.000000000000000000e+00 0.000000000000000000e+00 0.000000000000000000e+00 0.000000000000000000e+00 1.000000000000000000e+00 0.000000000000000000e+00 0.000000000000000000e+00 3.983402489626555742e-01 0.000000000000000000e+00 4.024896265560166109e-01 0.000000000000000000e+00 0.000000000000000000e+00
4.830917874396135035e-03 0.000000000000000000e+00 0.000000000000000000e+00 0.000000000000000000e+00 4.830917874396135035e-03 4.202898550724637472e-01 0.000000000000000000e+00 9.661835748792270070e-03 1.000000000000000000e+00 0.000000000000000000e+00 0.000000000000000000e+00 0.000000000000000000e+00 0.000000000000000000e+00 4.299516908212560606e-01 1.256038647342995196e-01
2.425222312045271014e-03 0.000000000000000000e+00 3.233629749393694686e-02 0.000000000000000000e+00 2.101859337105901546e-02 2.748585286984640136e-02 0.000000000000000000e+00 7.275666936135812175e-03 1.000000000000000000e+00 0.000000000000000000e+00 0.000000000000000000e+00 0.000000000000000000e+00 0.000000000000000000e+00 2.667744543249797942e-02 7.445432497978980990e-01
