1.000000000000000000e+00 5.830903790087463463e-04 0.000000000000000000e+00 1.166180758017492693e-03 5.830903790087463463e-04 3.446064139941690807e-01 0.000000000000000000e+00 4.664723032069970771e-03 8.956268221574343880e-01 5.830903790087463463e-04 2.332361516034985385e-03 0.000000000000000000e+00 2.332361516034985385e-03 0.000000000000000000e+00 7.230320699708454868e-02
0.000000000000000000e+00 6.840607210626186152e-01 3.889943074003795326e-02 0.000000000000000000e+00 0.000000000000000000e+00 0.000000000000000000e+00 0.000000000000000000e+00 1.000000000000000000e+00 0.000000000000000000e+00 0.000000000000000000e+00 3.795066413662238902e-02 0.000000000000000000e+00 8.064516129032257841e-02 5.787476280834914777e-02 0.000000000000000000e+00
0.000000000000000000e+00 1.980198019801980222e-02 9.900990099009901110e-03 0.000000000000000000e+00 0.000000000000000000e+00 0.000000000000000000e+00 0.000000000000000000e+00 2.409240924092409253e-01 0.000000000000000000e+00 1.000000000000000000e+00 0.000000000000000000e+00 3.300330033003300370e-03 3.300330033003300370e-03 1.980198019801980222e-02 0.000000000000000000e+00
9.572368421052631637e-01 0.000000000000000000e+00 0.000000000000000000e+00 1.644736842105263067e-03 0.000000000000000000e+00 1.414473684210526272e-01 0.000000000000000000e+00 3.289473684210526133e-03 1.000000000000000000e+00 3.289473684210526133e-03 0.000000000000000000e+00 0.000000000000000000e+00 1.644736842105263067e-03 0.000000000000000000e+00 7.072368421052631360e-02
1.162790697674418589e-02 1.162790697674418589e-01 0.000000000000000000e+00 8.139534883720930813e-02 0.000000000000000000e+00 1.162790697674418589e-02 0.000000000000000000e+00 1.000000000000000000e+00 9.069767441860464574e-01 2.325581395348837177e-02 0.000000000000000000e+00 0.000000000000000000e+00 1.162790697674418589e-02 1.395348837209302306e-01 9.302325581395348708e-02
1.960784313725490169e-03 9.803921568627450844e-04 0.000000000000000000e+00 1.558823529411764719e-01 2.156862745098039186e-02 9.803921568627450844e-04 0.000000000000000000e+00 7.843137254901960675e-03 1.000000000000000000e+00 1.960784313725490169e-03 0.000000000000000000e+00 0.000000000000000000e+00 0.000000000000000000e+00 3.921568627450980338e-03 8.333333333333332871e-02
0.000000000000000000e+00 0.000000000000000000e+00 0.000000000000000000e+00 0.000000000000000000e+00 0.000000000000000000e+00 0.000000000000000000e+00 0.000000000000000000e+00 0.000000000000000000e+00 0.000000000000000000e+00 0.000000000000000000e+00 0.000000000000000000e+00 0.000000000000000000e+00 0.000000000000000000e+00 0.000000000000000000e+00 0.000000000000000000e+00
0.000000000000000000e+00 9.021097046413502074e-01 2.540084388185653852e-01 0.000000000000000000e+00 0.000000000000000000e+00 0.000000000000000000e+00 0.000000000000000000e+00 0.000000000000000000e+00 0.000000000000000000e+00 0.000000000000000000e+00 3.890295358649789037e-01 1.434599156118143530e-02 1.000000000000000000e+00 6.843881856540083852e-01 0.000000000000000000e+00
1.000000000000000000e+00 3.886010362694300446e-03 1.943005181347150223e-03 6.813471502590673357e-01 1.010362694300518116e-01 3.743523316062176143e-01 0.000000000000000000e+00 7.901554404145078037e-02 0.000000000000000000e+00 1.360103626943005156e-02 6.476683937823834438e-04 0.000000000000000000e+00 2.590673575129533775e-03 7.124352331606217774e-03 8.937823834196890749e-01
1.181102362204724393e-02 0.000000000000000000e+00 3.937007874015747977e-03 1.141732283464566983e-01 1.968503937007873988e-02 0.000000000000000000e+00 0.000000000000000000e+00 7.874015748031495954e-03 1.000000000000000000e+00 3.937007874015747977e-03 3.937007874015747977e-03 3.937007874015747977e-03 0.000000000000000000e+00 0.000000000000000000e+00 1.496062992125984370e-01
0.000000000000000000e+00 7.838479809976246770e-02 4.869358669833729475e-02 0.000000000000000000e+00 0.000000000000000000e+00 0.000000000000000000e+00 0.000000000000000000e+00 1.000000000000000000e+00 0.000000000000000000e+00 0.000000000000000000e+00 0.000000000000000000e+00 1.187648456057007178e-03 1.187648456057007178e-03 1.306413301662707749e-01 0.000000000000000000e+00
0.000000000000000000e+00 2.307692307692307820e-01 2.307692307692307820e-01 0.000000000000000000e+00 0.000000000000000000e+00 0.000000000000000000e+00 0.000000000000000000e+00 1.000000000000000000e+00 0.000000000000000000e+00 0.000000000000000000e+00 0.000000000000000000e+00 0.000000000000000000e+00 2.307692307692307820e-01 0.000000000000000000e+00 0.000000000000000000e+00
0.000000000000000000e+00 6.293706293706294308e-02 0.000000000000000000e+00 0.000000000000000000e+00 0.000000000000000000e+00 0.000000000000000000e+00 0.000000000000000000e+00 8.503496503496503767e-01 0.000000000000000000e+00 0.000000000000000000e+00 3.349650349650349912e-01 1.398601398601398600e-03 1.000000000000000000e+00 0.000000000000000000e+00 0.000000000000000000e+00
0.000000000000000000e+00 5.179282868525896671e-02 1.992031872509960125e-03 0.000000000000000000e+00 0.000000000000000000e+00 0.000000000000000000e+00 0.000000000000000000e+00 8.187250996015936755e-01 0.000000000000000000e+00 0.000000000000000000e+00 1.494023904382470180e-01 0.000000000000000000e+00 1.000000000000000000e+00 0.000000000000000000e+00 0.000000000000000000e+00
1.013024602026049159e-01 2.170767004341534172e-03 0.000000000000000000e+00 5.426917510853834781e-02 1.591895803183791466e-02 3.400868306801736740e-02 0.000000000000000000e+00 5.065123010130245969e-03 1.000000000000000000e+00 1.447178002894355898e-03 0.000000000000000000e+00 0.000000000000000000e+00 0.000000000000000000e+00 0.000000000000000000e+00 7.120115774240231010e-01
