0.000000000000000000e+00 0.000000000000000000e+00 0.000000000000000000e+00 0.000000000000000000e+00 7.070707070707070441e-02 0.000000000000000000e+00 1.000000000000000000e+00 9.090909090909090606e-01 0.000000000000000000e+00 1.111111111111111049e-01
0.000000000000000000e+00 6.373983739837398854e-01 5.853658536585366196e-02 0.000000000000000000e+00 0.000000000000000000e+00 1.000000000000000000e+00 0.000000000000000000e+00 0.000000000000000000e+00 0.000000000000000000e+00 0.000000000000000000e+00
1.000000000000000000e+00 0.000000000000000000e+00 0.000000000000000000e+00 0.000000000000000000e+00 0.000000000000000000e+00 0.000000000000000000e+00 0.000000000000000000e+00 0.000000000000000000e+00 4.637681159420289911e-01 0.000000000000000000e+00
0.000000000000000000e+00 0.000000000000000000e+00 0.000000000000000000e+00 0.000000000000000000e+00 0.000000000000000000e+00 0.000000000000000000e+00 0.000000000000000000e+00 0.000000000000000000e+00 0.000000000000000000e+00 0.000000000000000000e+00
0.000000000000000000e+00 0.000000000000000000e+00 0.000000000000000000e+00 0.000000000000000000e+00 1.000000000000000000e+00 0.000000000000000000e+00 5.555555555555555802e-01 1.000000000000000000e+00 0.000000000000000000e+00 3.333333333333333148e-01
0.000000000000000000e+00 1.000000000000000000e+00 4.211356466876971516e-01 0.000000000000000000e+00 0.000000000000000000e+00 0.000000000000000000e+00 0.000000000000000000e+00 0.000000000000000000e+00 0.000000000000000000e+00 0.000000000000000000e+00
0.000000000000000000e+00 1.611170784103115039e-02 0.000000000000000000e+00 0.000000000000000000e+00 0.000000000000000000e+00 2.846401718582169948e-01 0.000000000000000000e+00 0.000000000000000000e+00 0.000000000000000000e+00 1.000000000000000000e+00
0.000000000000000000e+00 0.000000000000000000e+00 0.000000000000000000e+00 0.000000000000000000e+00 1.162790697674418589e-01 0.000000000000000000e+00 1.000000000000000000e+00 0.000000000000000000e+00 0.000000000000000000e+00 3.488372093023255766e-02
0.000000000000000000e+00 0.000000000000000000e+00 1.162790697674418589e-02 0.000000000000000000e+00 0.000000000000000000e+00 0.000000000000000000e+00 1.000000000000000000e+00 0.000000000000000000e+00 0.000000000000000000e+00 1.162790697674418589e-01
0.000000000000000000e+00 2.139037433155080263e-03 0.000000000000000000e+00 0.000000000000000000e+00 0.000000000000000000e+00 2.245989304812834320e-02 1.000000000000000000e+00 0.000000000000000000e+00 0.000000000000000000e+00 6.245989304812834542e-01
