0.000000000000000000e+00 0.000000000000000000e+00 0.000000000000000000e+00 0.000000000000000000e+00 0.000000000000000000e+00 5.128205128205128027e-02 0.000000000000000000e+00 3.717948717948718063e-01 1.000000000000000000e+00 1.923076923076923184e-02
1.000000000000000000e+00 0.000000000000000000e+00 4.017857142857143155e-02 0.000000000000000000e+00 0.000000000000000000e+00 0.000000000000000000e+00 3.303571428571428492e-01 0.000000000000000000e+00 0.000000000000000000e+00 0.000000000000000000e+00
0.000000000000000000e+00 9.659090909090908839e-02 3.011363636363636465e-01 0.000000000000000000e+00 0.000000000000000000e+00 0.000000000000000000e+00 1.000000000000000000e+00 0.000000000000000000e+00 0.000000000000000000e+00 0.000000000000000000e+00
0.000000000000000000e+00 0.000000000000000000e+00 1.184210526315789408e-01 0.000000000000000000e+00 0.000000000000000000e+00 0.000000000000000000e+00 1.000000000000000000e+00 3.947368421052631360e-02 0.000000000000000000e+00 0.000000000000000000e+00
0.000000000000000000e+00 0.000000000000000000e+00 0.000000000000000000e+00 0.000000000000000000e+00 0.000000000000000000e+00 0.000000000000000000e+00 0.000000000000000000e+00 0.000000000000000000e+00 0.000000000000000000e+00 0.000000000000000000e+00
0.000000000000000000e+00 0.000000000000000000e+00 0.000000000000000000e+00 0.000000000000000000e+00 0.000000000000000000e+00 6.666666666666666297e-01 0.000000000000000000e+00 8.888888888888888395e-01 1.000000000000000000e+00 2.222222222222222099e-01
0.000000000000000000e+00 1.000000000000000000e+00 6.245353159851301239e-01 0.000000000000000000e+00 0.000000000000000000e+00 0.000000000000000000e+00 0.000000000000000000e+00 0.000000000000000000e+00 0.000000000000000000e+00 0.000000000000000000e+00
0.000000000000000000e+00 7.490636704119850442e-02 2.621722846441947724e-02 3.071161048689138307e-01 0.000000000000000000e+00 0.000000000000000000e+00 3.745318352059925360e-01 0.000000000000000000e+00 0.000000000000000000e+00 1.000000000000000000e+00
0.000000000000000000e+00 0.000000000000000000e+00 0.000000000000000000e+00 0.000000000000000000e+00 0.000000000000000000e+00 7.534246575342465335e-02 0.000000000000000000e+00 1.000000000000000000e+00 0.000000000000000000e+00 5.479452054794520244e-02
0.000000000000000000e+00 7.662835249042145198e-03 0.000000000000000000e+00 2.298850574712643646e-02 0.000000000000000000e+00 0.000000000000000000e+00 4.214559386973180249e-02 1.000000000000000000e+00 0.000000000000000000e+00 4.099616858237548067e-01
