0.000000000000000000e+00 0.000000000000000000e+00 0.000000000000000000e+00 5.263157894736841987e-03 0.000000000000000000e+00 9.473684210526316096e-02 0.000000000000000000e+00 4.736842105263157632e-01 1.000000000000000000e+00 2.631578947368420907e-02
1.000000000000000000e+00 0.000000000000000000e+00 0.000000000000000000e+00 0.000000000000000000e+00 0.000000000000000000e+00 0.000000000000000000e+00 3.300330033003300023e-02 0.000000000000000000e+00 0.000000000000000000e+00 0.000000000000000000e+00
0.000000000000000000e+00 1.052631578947368363e-01 3.684210526315789269e-01 0.000000000000000000e+00 0.000000000000000000e+00 0.000000000000000000e+00 1.000000000000000000e+00 0.000000000000000000e+00 0.000000000000000000e+00 0.000000000000000000e+00
0.000000000000000000e+00 0.000000000000000000e+00 8.547008547008547175e-02 0.000000000000000000e+00 0.000000000000000000e+00 0.000000000000000000e+00 7.777777777777777901e-01 1.000000000000000000e+00 0.000000000000000000e+00 1.196581196581196632e-01
0.000000000000000000e+00 0.000000000000000000e+00 0.000000000000000000e+00 0.000000000000000000e+00 0.000000000000000000e+00 0.000000000000000000e+00 0.000000000000000000e+00 0.000000000000000000e+00 0.000000000000000000e+00 0.000000000000000000e+00
0.000000000000000000e+00 0.000000000000000000e+00 0.000000000000000000e+00 0.000000000000000000e+00 0.000000000000000000e+00 4.117647058823529216e-01 0.000000000000000000e+00 6.470588235294117974e-01 1.000000000000000000e+00 1.764705882352941291e-01
0.000000000000000000e+00 1.000000000000000000e+00 7.177700348432055621e-01 0.000000000000000000e+00 0.000000000000000000e+00 0.000000000000000000e+00 0.000000000000000000e+00 0.000000000000000000e+00 0.000000000000000000e+00 0.000000000000000000e+00
0.000000000000000000e+00 7.614213197969543420e-03 3.299492385786802207e-02 5.558375634517765951e-01 0.000000000000000000e+00 0.000000000000000000e+00 4.238578680203045623e-01 0.000000000000000000e+00 0.000000000000000000e+00 1.000000000000000000e+00
0.000000000000000000e+00 0.000000000000000000e+00 0.000000000000000000e+00 0.000000000000000000e+00 0.000000000000000000e+00 7.182320441988949977e-02 0.000000000000000000e+00 1.000000000000000000e+00 0.000000000000000000e+00 7.182320441988949977e-02
0.000000000000000000e+00 5.037783375314861326e-03 5.037783375314861326e-03 3.022670025188916795e-02 0.000000000000000000e+00 0.000000000000000000e+00 4.030226700251889060e-02 1.000000000000000000e+00 0.000000000000000000e+00 2.846347607052896467e-01
