8.028169014084507449e-01 0.000000000000000000e+00 0.000000000000000000e+00 0.000000000000000000e+00 0.000000000000000000e+00 1.000000000000000000e+00 0.000000000000000000e+00 0.000000000000000000e+00 0.000000000000000000e+00 0.000000000000000000e+00 7.746478873239436291e-01 0.000000000000000000e+00 1.408450704225352144e-02 0.000000000000000000e+00 1.408450704225352144e-02 0.000000000000000000e+00 1.267605633802816878e-01
0.000000000000000000e+00 3.407079646017698860e-01 1.637168141592920401e-01 0.000000000000000000e+00 0.000000000000000000e+00 0.000000000000000000e+00 0.000000000000000000e+00 0.000000000000000000e+00 1.000000000000000000e+00 0.000000000000000000e+00 0.000000000000000000e+00 0.000000000000000000e+00 3.097345132743362789e-02 4.424778761061946841e-03 1.327433628318584052e-02 5.752212389380530894e-02 0.000000000000000000e+00
0.000000000000000000e+00 3.703703703703703498e-02 1.010101010101010187e-02 0.000000000000000000e+00 0.000000000000000000e+00 0.000000000000000000e+00 0.000000000000000000e+00 1.010101010101010187e-02 2.289562289562289688e-01 0.000000000000000000e+00 0.000000000000000000e+00 1.000000000000000000e+00 0.000000000000000000e+00 1.346801346801346742e-02 0.000000000000000000e+00 1.346801346801346742e-02 0.000000000000000000e+00
4.166666666666666852e-01 0.000000000000000000e+00 0.000000000000000000e+00 0.000000000000000000e+00 0.000000000000000000e+00 5.055555555555555358e-01 0.000000000000000000e+00 0.000000000000000000e+00 2.777777777777777624e-02 0.000000000000000000e+00 1.000000000000000000e+00 5.555555555555555768e-03 2.222222222222222307e-02 0.000000000000000000e+00 5.555555555555555768e-03 0.000000000000000000e+00 1.000000000000000056e-01
9.803921568627450844e-03 1.176470588235294101e-01 0.000000000000000000e+00 9.803921568627450844e-03 0.000000000000000000e+00 0.000000000000000000e+00 0.000000000000000000e+00 0.000000000000000000e+00 1.000000000000000000e+00 0.000000000000000000e+00 4.019607843137255054e-01 0.000000000000000000e+00 0.000000000000000000e+00 0.000000000000000000e+00 0.000000000000000000e+00 1.274509803921568540e-01 4.901960784313725422e-02
0.000000000000000000e+00 0.000000000000000000e+00 1.107011070110701031e-02 1.033210332103321055e-01 5.535055350553505504e-02 0.000000000000000000e+00 0.000000000000000000e+00 0.000000000000000000e+00 5.166051660516605276e-02 0.000000000000000000e+00 1.000000000000000000e+00 0.000000000000000000e+00 0.000000000000000000e+00 0.000000000000000000e+00 0.000000000000000000e+00 1.107011070110701031e-02 8.118081180811807795e-02
0.000000000000000000e+00 0.000000000000000000e+00 0.000000000000000000e+00 0.000000000000000000e+00 0.000000000000000000e+00 0.000000000000000000e+00 0.000000000000000000e+00 0.000000000000000000e+00 0.000000000000000000e+00 0.000000000000000000e+00 0.000000000000000000e+00 0.000000000000000000e+00 0.000000000000000000e+00 0.000000000000000000e+00 0.000000000000000000e+00 0.000000000000000000e+00 0.000000000000000000e+00
0.000000000000000000e+00 0.000000000000000000e+00 0.000000000000000000e+00 0.000000000000000000e+00 0.000000000000000000e+00 0.000000000000000000e+00 0.000000000000000000e+00 0.000000000000000000e+00 0.000000000000000000e+00 1.000000000000000000e+00 0.000000000000000000e+00 0.000000000000000000e+00 0.000000000000000000e+00 0.000000000000000000e+00 0.000000000000000000e+00 0.000000000000000000e+00 0.000000000000000000e+00
0.000000000000000000e+00 7.394136807817589530e-01 1.000000000000000000e+00 0.000000000000000000e+00 0.000000000000000000e+00 0.000000000000000000e+00 0.000000000000000000e+00 0.000000000000000000e+00 0.000000000000000000e+00 0.000000000000000000e+00 0.000000000000000000e+00 0.000000000000000000e+00 4.104234527687296574e-01 2.931596091205211640e-02 1.530944625407166249e-01 5.928338762214984126e-01 0.000000000000000000e+00
0.000000000000000000e+00 0.000000000000000000e+00 0.000000000000000000e+00 0.000000000000000000e+00 0.000000000000000000e+00 0.000000000000000000e+00 0.000000000000000000e+00 0.000000000000000000e+00 0.000000000000000000e+00 0.000000000000000000e+00 0.000000000000000000e+00 1.000000000000000000e+00 0.000000000000000000e+00 0.000000000000000000e+00 0.000000000000000000e+00 0.000000000000000000e+00 0.000000000000000000e+00
1.671641791044776171e-01 1.492537313432835792e-02 3.582089552238806179e-02 8.925373134328358216e-01 4.059701492537313161e-01 5.194029850746268995e-01 0.000000000000000000e+00 0.000000000000000000e+00 3.104477611940298365e-01 0.000000000000000000e+00 0.000000000000000000e+00 1.194029850746268669e-02 1.791044776119403090e-02 0.000000000000000000e+00 0.000000000000000000e+00 1.791044776119403090e-02 1.000000000000000000e+00
0.000000000000000000e+00 0.000000000000000000e+00 0.000000000000000000e+00 6.844106463878327218e-02 3.041825095057034203e-02 0.000000000000000000e+00 0.000000000000000000e+00 0.000000000000000000e+00 0.000000000000000000e+00 0.000000000000000000e+00 1.000000000000000000e+00 1.140684410646387870e-02 0.000000000000000000e+00 0.000000000000000000e+00 0.000000000000000000e+00 0.000000000000000000e+00 7.604562737642585335e-02
0.000000000000000000e+00 8.173076923076923184e-02 1.009615384615384637e-01 0.000000000000000000e+00 0.000000000000000000e+00 0.000000000000000000e+00 0.000000000000000000e+00 0.000000000000000000e+00 1.000000000000000000e+00 0.000000000000000000e+00 0.000000000000000000e+00 0.000000000000000000e+00 0.000000000000000000e+00 9.615384615384615918e-03 0.000000000000000000e+00 9.134615384615384082e-02 0.000000000000000000e+00
0.000000000000000000e+00 0.000000000000000000e+00 1.000000000000000000e+00 0.000000000000000000e+00 0.000000000000000000e+00 0.000000000000000000e+00 0.000000000000000000e+00 0.000000000000000000e+00 5.000000000000000000e-01 3.750000000000000000e-01 0.000000000000000000e+00 0.000000000000000000e+00 0.000000000000000000e+00 0.000000000000000000e+00 0.000000000000000000e+00 1.250000000000000000e-01 0.000000000000000000e+00
0.000000000000000000e+00 1.666666666666666644e-02 0.000000000000000000e+00 0.000000000000000000e+00 0.000000000000000000e+00 0.000000000000000000e+00 0.000000000000000000e+00 0.000000000000000000e+00 7.833333333333333259e-01 0.000000000000000000e+00 0.000000000000000000e+00 0.000000000000000000e+00 7.666666666666667185e-01 0.000000000000000000e+00 1.000000000000000000e+00 0.000000000000000000e+00 0.000000000000000000e+00
0.000000000000000000e+00 9.821428571428571230e-02 0.000000000000000000e+00 0.000000000000000000e+00 0.000000000000000000e+00 0.000000000000000000e+00 0.000000000000000000e+00 0.000000000000000000e+00 1.000000000000000000e+00 0.000000000000000000e+00 0.000000000000000000e+00 0.000000000000000000e+00 6.785714285714286031e-01 0.000000000000000000e+00 3.750000000000000000e-01 0.000000000000000000e+00 0.000000000000000000e+00
1.529051987767584067e-02 9.174311926605505096e-03 0.000000000000000000e+00 8.868501529051987797e-02 4.892966360856269153e-02 6.116207951070336268e-02 0.000000000000000000e+00 0.000000000000000000e+00 2.446483180428134577e-02 0.000000000000000000e+00 1.000000000000000000e+00 0.000000000000000000e+00 3.058103975535168221e-03 0.000000000000000000e+00 0.000000000000000000e+00 0.000000000000000000e+00 3.363914373088685017e-01
