2.935779816513761631e-01 0.000000000000000000e+00 0.000000000000000000e+00 0.000000000000000000e+00 0.000000000000000000e+00 0.000000000000000000e+00 0.000000000000000000e+00 0.000000000000000000e+00 1.000000000000000000e+00 0.000000000000000000e+00 0.000000000000000000e+00 0.000000000000000000e+00 1.743119266055045968e-01 3.669724770642202039e-02 0.000000000000000000e+00 0.000000000000000000e+00 0.000000000000000000e+00 1.834862385321101019e-02
0.000000000000000000e+00 0.000000000000000000e+00 0.000000000000000000e+00 0.000000000000000000e+00 0.000000000000000000e+00 0.000000000000000000e+00 1.000000000000000000e+00 0.000000000000000000e+00 0.000000000000000000e+00 5.882352941176470507e-02 8.235294117647058432e-01 0.000000000000000000e+00 9.411764705882352811e-01 0.000000000000000000e+00 5.882352941176470784e-01 0.000000000000000000e+00 0.000000000000000000e+00 5.882352941176470507e-02
0.000000000000000000e+00 0.000000000000000000e+00 0.000000000000000000e+00 0.000000000000000000e+00 0.000000000000000000e+00 0.000000000000000000e+00 0.000000000000000000e+00 0.000000000000000000e+00 0.000000000000000000e+00 0.000000000000000000e+00 0.000000000000000000e+00 0.000000000000000000e+00 0.000000000000000000e+00 0.000000000000000000e+00 0.000000000000000000e+00 0.000000000000000000e+00 0.000000000000000000e+00 0.000000000000000000e+00
0.000000000000000000e+00 6.250000000000000347e-03 0.000000000000000000e+00 0.000000000000000000e+00 0.000000000000000000e+00 6.250000000000000347e-03 1.687500000000000111e-01 0.000000000000000000e+00 0.000000000000000000e+00 1.062499999999999972e-01 3.624999999999999889e-01 0.000000000000000000e+00 2.250000000000000056e-01 0.000000000000000000e+00 1.000000000000000000e+00 0.000000000000000000e+00 6.250000000000000347e-03 1.874999999999999931e-02
1.666666666666666574e-01 1.000000000000000000e+00 0.000000000000000000e+00 0.000000000000000000e+00 5.000000000000000000e-01 0.000000000000000000e+00 0.000000000000000000e+00 0.000000000000000000e+00 0.000000000000000000e+00 1.666666666666666574e-01 0.000000000000000000e+00 0.000000000000000000e+00 0.000000000000000000e+00 0.000000000000000000e+00 1.666666666666666574e-01 0.000000000000000000e+00 0.000000000000000000e+00 0.000000000000000000e+00
0.000000000000000000e+00 0.000000000000000000e+00 0.000000000000000000e+00 1.000000000000000000e+00 0.000000000000000000e+00 0.000000000000000000e+00 0.000000000000000000e+00 0.000000000000000000e+00 0.000000000000000000e+00 0.000000000000000000e+00 0.000000000000000000e+00 0.000000000000000000e+00 0.000000000000000000e+00 0.000000000000000000e+00 0.000000000000000000e+00 0.000000000000000000e+00 0.000000000000000000e+00 0.000000000000000000e+00
1.048076923076923100e-01 0.000000000000000000e+00 0.000000000000000000e+00 0.000000000000000000e+00 0.000000000000000000e+00 0.000000000000000000e+00 0.000000000000000000e+00 1.923076923076923184e-03 1.000000000000000000e+00 0.000000000000000000e+00 0.000000000000000000e+00 4.807692307692307959e-03 2.615384615384615530e-01 4.230769230769231004e-02 0.000000000000000000e+00 1.923076923076923184e-03 0.000000000000000000e+00 1.923076923076923184e-02
0.000000000000000000e+00 0.000000000000000000e+00 0.000000000000000000e+00 0.000000000000000000e+00 0.000000000000000000e+00 3.200000000000000067e-01 0.000000000000000000e+00 0.000000000000000000e+00 0.000000000000000000e+00 0.000000000000000000e+00 0.000000000000000000e+00 1.000000000000000000e+00 0.000000000000000000e+00 3.200000000000000067e-01 0.000000000000000000e+00 0.000000000000000000e+00 4.000000000000000222e-01 0.000000000000000000e+00
0.000000000000000000e+00 0.000000000000000000e+00 0.000000000000000000e+00 0.000000000000000000e+00 0.000000000000000000e+00 0.000000000000000000e+00 1.000000000000000000e+00 5.594405594405594401e-03 1.398601398601398600e-03 0.000000000000000000e+00 0.000000000000000000e+00 8.111888111888111708e-02 8.293706293706293309e-01 0.000000000000000000e+00 0.000000000000000000e+00 0.000000000000000000e+00 7.972027972027971587e-02 9.370629370629370014e-02
0.000000000000000000e+00 1.000000000000000056e-01 0.000000000000000000e+00 0.000000000000000000e+00 0.000000000000000000e+00 0.000000000000000000e+00 2.999999999999999889e-01 0.000000000000000000e+00 1.000000000000000056e-01 0.000000000000000000e+00 2.999999999999999889e-01 0.000000000000000000e+00 4.000000000000000222e-01 0.000000000000000000e+00 1.000000000000000000e+00 0.000000000000000000e+00 0.000000000000000000e+00 0.000000000000000000e+00
2.439024390243902524e-02 1.000000000000000000e+00 0.000000000000000000e+00 0.000000000000000000e+00 1.463414634146341375e-01 0.000000000000000000e+00 0.000000000000000000e+00 0.000000000000000000e+00 8.292682926829267887e-01 2.439024390243902524e-02 0.000000000000000000e+00 0.000000000000000000e+00 2.926829268292682751e-01 0.000000000000000000e+00 6.585365853658536883e-01 0.000000000000000000e+00 0.000000000000000000e+00 0.000000000000000000e+00
0.000000000000000000e+00 0.000000000000000000e+00 0.000000000000000000e+00 0.000000000000000000e+00 0.000000000000000000e+00 6.559485530546623755e-01 0.000000000000000000e+00 1.414790996784565935e-01 0.000000000000000000e+00 0.000000000000000000e+00 0.000000000000000000e+00 0.000000000000000000e+00 0.000000000000000000e+00 5.594855305466237549e-01 0.000000000000000000e+00 3.536977491961414838e-02 1.000000000000000000e+00 0.000000000000000000e+00
3.716216216216216423e-02 0.000000000000000000e+00 0.000000000000000000e+00 0.000000000000000000e+00 0.000000000000000000e+00 0.000000000000000000e+00 1.000000000000000000e+00 1.013513513513513570e-02 4.577702702702702853e-01 0.000000000000000000e+00 0.000000000000000000e+00 8.783783783783784271e-02 0.000000000000000000e+00 1.013513513513513570e-02 0.000000000000000000e+00 0.000000000000000000e+00 8.277027027027027140e-02 1.131756756756756715e-01
0.000000000000000000e+00 0.000000000000000000e+00 0.000000000000000000e+00 0.000000000000000000e+00 0.000000000000000000e+00 2.044887780548628464e-01 0.000000000000000000e+00 7.481296758104738487e-02 0.000000000000000000e+00 0.000000000000000000e+00 0.000000000000000000e+00 1.000000000000000000e+00 0.000000000000000000e+00 4.987531172069825311e-03 0.000000000000000000e+00 2.493765586034912655e-03 9.276807980049874836e-01 0.000000000000000000e+00
0.000000000000000000e+00 1.612903225806451568e-01 0.000000000000000000e+00 0.000000000000000000e+00 4.838709677419354704e-02 0.000000000000000000e+00 9.677419354838709964e-01 0.000000000000000000e+00 2.258064516129032195e-01 3.225806451612903136e-02 7.580645161290322509e-01 0.000000000000000000e+00 1.000000000000000000e+00 0.000000000000000000e+00 0.000000000000000000e+00 0.000000000000000000e+00 0.000000000000000000e+00 1.612903225806451568e-01
0.000000000000000000e+00 0.000000000000000000e+00 0.000000000000000000e+00 0.000000000000000000e+00 0.000000000000000000e+00 0.000000000000000000e+00 0.000000000000000000e+00 1.538461538461538547e-02 0.000000000000000000e+00 0.000000000000000000e+00 0.000000000000000000e+00 2.307692307692307820e-01 0.000000000000000000e+00 1.000000000000000000e+00 0.000000000000000000e+00 3.384615384615384803e-01 0.000000000000000000e+00 0.000000000000000000e+00
0.000000000000000000e+00 0.000000000000000000e+00 0.000000000000000000e+00 0.000000000000000000e+00 0.000000000000000000e+00 0.000000000000000000e+00 0.000000000000000000e+00 2.617801047120418834e-02 0.000000000000000000e+00 0.000000000000000000e+00 0.000000000000000000e+00 2.809773123909249382e-01 0.000000000000000000e+00 1.000000000000000000e+00 0.000000000000000000e+00 1.169284467713787024e-01 0.000000000000000000e+00 0.000000000000000000e+00
1.250000000000000069e-02 0.000000000000000000e+00 0.000000000000000000e+00 0.000000000000000000e+00 0.000000000000000000e+00 1.250000000000000069e-02 1.000000000000000000e+00 0.000000000000000000e+00 3.125000000000000000e-01 0.000000000000000000e+00 0.000000000000000000e+00 2.500000000000000139e-02 6.374999999999999556e-01 5.000000000000000278e-02 0.000000000000000000e+00 0.000000000000000000e+00 7.499999999999999722e-02 0.000000000000000000e+00
