2.710027100271002881e-02 0.000000000000000000e+00 0.000000000000000000e+00 1.897018970189701809e-02 0.000000000000000000e+00 0.000000000000000000e+00 0.000000000000000000e+00 0.000000000000000000e+00 0.000000000000000000e+00 1.000000000000000000e+00 0.000000000000000000e+00 0.000000000000000000e+00 0.000000000000000000e+00
0.000000000000000000e+00 6.751412429378531588e-01 3.766478342749528946e-02 0.000000000000000000e+00 0.000000000000000000e+00 0.000000000000000000e+00 1.000000000000000000e+00 0.000000000000000000e+00 0.000000000000000000e+00 0.000000000000000000e+00 3.766478342749529033e-03 0.000000000000000000e+00 0.000000000000000000e+00
3.157894736842105088e-01 1.435406698564593332e-02 4.784688995215310992e-02 0.000000000000000000e+00 0.000000000000000000e+00 1.000000000000000000e+00 3.253588516746411252e-01 0.000000000000000000e+00 0.000000000000000000e+00 0.000000000000000000e+00 3.253588516746411252e-01 9.090909090909091161e-02 0.000000000000000000e+00
0.000000000000000000e+00 6.122448979591836593e-02 0.000000000000000000e+00 2.040816326530612082e-02 0.000000000000000000e+00 0.000000000000000000e+00 4.081632653061224164e-02 0.000000000000000000e+00 7.346938775510204467e-01 0.000000000000000000e+00 0.000000000000000000e+00 1.000000000000000000e+00 4.081632653061224164e-02
0.000000000000000000e+00 0.000000000000000000e+00 0.000000000000000000e+00 0.000000000000000000e+00 0.000000000000000000e+00 0.000000000000000000e+00 0.000000000000000000e+00 0.000000000000000000e+00 0.000000000000000000e+00 0.000000000000000000e+00 0.000000000000000000e+00 0.000000000000000000e+00 0.000000000000000000e+00
0.000000000000000000e+00 0.000000000000000000e+00 0.000000000000000000e+00 0.000000000000000000e+00 0.000000000000000000e+00 2.083333333333333218e-02 0.000000000000000000e+00 1.000000000000000000e+00 0.000000000000000000e+00 0.000000000000000000e+00 0.000000000000000000e+00 0.000000000000000000e+00 0.000000000000000000e+00
0.000000000000000000e+00 1.000000000000000000e+00 2.845227062094531911e-01 0.000000000000000000e+00 0.000000000000000000e+00 0.000000000000000000e+00 0.000000000000000000e+00 0.000000000000000000e+00 0.000000000000000000e+00 0.000000000000000000e+00 6.116774791473586492e-02 0.000000000000000000e+00 0.000000000000000000e+00
1.000000000000000000e+00 0.000000000000000000e+00 0.000000000000000000e+00 0.000000000000000000e+00 0.000000000000000000e+00 7.696969696969696573e-01 0.000000000000000000e+00 4.242424242424242681e-02 0.000000000000000000e+00 0.000000000000000000e+00 0.000000000000000000e+00 3.212121212121212266e-01 0.000000000000000000e+00
0.000000000000000000e+00 1.688781664656212322e-02 2.412545235223160275e-03 2.774427020506634381e-02 0.000000000000000000e+00 0.000000000000000000e+00 3.075995174909529339e-01 0.000000000000000000e+00 0.000000000000000000e+00 0.000000000000000000e+00 2.412545235223160275e-03 5.548854041013268762e-02 1.000000000000000000e+00
6.473214285714286031e-01 0.000000000000000000e+00 0.000000000000000000e+00 0.000000000000000000e+00 0.000000000000000000e+00 0.000000000000000000e+00 0.000000000000000000e+00 0.000000000000000000e+00 0.000000000000000000e+00 4.017857142857143155e-02 0.000000000000000000e+00 1.000000000000000000e+00 0.000000000000000000e+00
0.000000000000000000e+00 3.529411764705882304e-02 1.000000000000000000e+00 0.000000000000000000e+00 0.000000000000000000e+00 0.000000000000000000e+00 5.058823529411764497e-01 1.058823529411764691e-01 0.000000000000000000e+00 0.000000000000000000e+00 2.352941176470588203e-02 0.000000000000000000e+00 0.000000000000000000e+00
0.000000000000000000e+00 0.000000000000000000e+00 0.000000000000000000e+00 1.959459459459459429e-01 0.000000000000000000e+00 0.000000000000000000e+00 1.351351351351351426e-02 0.000000000000000000e+00 1.000000000000000000e+00 0.000000000000000000e+00 0.000000000000000000e+00 3.378378378378378566e-03 1.250000000000000000e-01
0.000000000000000000e+00 4.767580452920142792e-03 0.000000000000000000e+00 4.767580452920142792e-03 0.000000000000000000e+00 0.000000000000000000e+00 2.145411203814064430e-02 0.000000000000000000e+00 1.000000000000000000e+00 0.000000000000000000e+00 0.000000000000000000e+00 3.575685339690107094e-03 6.245530393325386953e-01
