1.000000000000000000e+00 0.000000000000000000e+00 0.000000000000000000e+00 9.182736455463728084e-04 3.755739210284664842e-01 0.000000000000000000e+00 5.968778696051423201e-03 5.720844811753902359e-01 0.000000000000000000e+00 3.673094582185491234e-03 9.182736455463727868e-03 0.000000000000000000e+00 5.096418732782369287e-02
0.000000000000000000e+00 6.675938803894297946e-01 4.728789986091794240e-02 0.000000000000000000e+00 0.000000000000000000e+00 0.000000000000000000e+00 1.000000000000000000e+00 0.000000000000000000e+00 0.000000000000000000e+00 5.563282336578581622e-02 1.404728789986091908e-01 9.318497913769123453e-02 0.000000000000000000e+00
0.000000000000000000e+00 0.000000000000000000e+00 0.000000000000000000e+00 0.000000000000000000e+00 0.000000000000000000e+00 0.000000000000000000e+00 0.000000000000000000e+00 0.000000000000000000e+00 1.000000000000000000e+00 0.000000000000000000e+00 0.000000000000000000e+00 0.000000000000000000e+00 0.000000000000000000e+00
1.000000000000000000e+00 0.000000000000000000e+00 0.000000000000000000e+00 1.256281407035175898e-03 1.520100502512562735e-01 0.000000000000000000e+00 3.768844221105527477e-03 6.608040201005025427e-01 0.000000000000000000e+00 1.256281407035175898e-03 5.025125628140703592e-03 0.000000000000000000e+00 5.276381909547738641e-02
1.826484018264840125e-03 2.739726027397260295e-03 0.000000000000000000e+00 1.945205479452054853e-01 0.000000000000000000e+00 0.000000000000000000e+00 2.739726027397260122e-02 1.000000000000000000e+00 0.000000000000000000e+00 0.000000000000000000e+00 0.000000000000000000e+00 5.479452054794520591e-03 6.849315068493150305e-02
0.000000000000000000e+00 0.000000000000000000e+00 0.000000000000000000e+00 0.000000000000000000e+00 0.000000000000000000e+00 0.000000000000000000e+00 0.000000000000000000e+00 0.000000000000000000e+00 0.000000000000000000e+00 0.000000000000000000e+00 0.000000000000000000e+00 0.000000000000000000e+00 0.000000000000000000e+00
0.000000000000000000e+00 6.433007985803016471e-01 2.502218278615794267e-01 0.000000000000000000e+00 0.000000000000000000e+00 0.000000000000000000e+00 0.000000000000000000e+00 0.000000000000000000e+00 0.000000000000000000e+00 4.028393966282164951e-01 1.000000000000000000e+00 8.429458740017746754e-01 0.000000000000000000e+00
1.000000000000000000e+00 7.716049382716048954e-03 7.716049382716048954e-04 8.942901234567901536e-01 3.518518518518518601e-01 0.000000000000000000e+00 1.543209876543209791e-01 0.000000000000000000e+00 0.000000000000000000e+00 1.543209876543209791e-03 1.234567901234567833e-02 1.543209876543209791e-02 6.358024691358025171e-01
0.000000000000000000e+00 0.000000000000000000e+00 0.000000000000000000e+00 1.690647482014388525e-01 0.000000000000000000e+00 0.000000000000000000e+00 0.000000000000000000e+00 1.000000000000000000e+00 0.000000000000000000e+00 0.000000000000000000e+00 0.000000000000000000e+00 0.000000000000000000e+00 1.043165467625899318e-01
0.000000000000000000e+00 8.773678963110667639e-02 3.589232303090728049e-02 0.000000000000000000e+00 0.000000000000000000e+00 0.000000000000000000e+00 1.000000000000000000e+00 0.000000000000000000e+00 0.000000000000000000e+00 0.000000000000000000e+00 1.994017946161515294e-03 2.013958125623130646e-01 0.000000000000000000e+00
0.000000000000000000e+00 5.191873589164785335e-02 0.000000000000000000e+00 0.000000000000000000e+00 0.000000000000000000e+00 0.000000000000000000e+00 6.269751693002257875e-01 0.000000000000000000e+00 0.000000000000000000e+00 4.102708803611738175e-01 1.000000000000000000e+00 1.128668171557561982e-03 0.000000000000000000e+00
0.000000000000000000e+00 6.042296072507553212e-02 0.000000000000000000e+00 0.000000000000000000e+00 0.000000000000000000e+00 0.000000000000000000e+00 6.767371601208459486e-01 0.000000000000000000e+00 0.000000000000000000e+00 1.495468277945619373e-01 1.000000000000000000e+00 0.000000000000000000e+00 0.000000000000000000e+00
1.477949940405244300e-01 3.575685339690107094e-03 1.191895113230035698e-03 8.581644815256257719e-02 3.456495828367103784e-02 0.000000000000000000e+00 1.311084624553039354e-02 1.000000000000000000e+00 0.000000000000000000e+00 0.000000000000000000e+00 0.000000000000000000e+00 2.383790226460071396e-03 6.221692491060786256e-01
