5.792759051186017194e-01 4.369538077403246207e-02 0.000000000000000000e+00 8.739076154806492414e-03 0.000000000000000000e+00 0.000000000000000000e+00 0.000000000000000000e+00 1.000000000000000000e+00 8.739076154806492414e-03 0.000000000000000000e+00 0.000000000000000000e+00 1.248439450686641711e-03 2.247191011235954994e-02 0.000000000000000000e+00 0.000000000000000000e+00
4.361370716510903217e-02 1.557632398753894080e-02 0.000000000000000000e+00 6.230529595015576148e-03 0.000000000000000000e+00 0.000000000000000000e+00 0.000000000000000000e+00 2.367601246105918988e-01 9.345794392523363789e-03 0.000000000000000000e+00 0.000000000000000000e+00 3.115264797507788074e-03 3.115264797507788074e-03 1.000000000000000000e+00 0.000000000000000000e+00
0.000000000000000000e+00 0.000000000000000000e+00 0.000000000000000000e+00 0.000000000000000000e+00 0.000000000000000000e+00 8.910891089108910479e-02 0.000000000000000000e+00 0.000000000000000000e+00 0.000000000000000000e+00 1.000000000000000000e+00 7.425742574257425677e-01 0.000000000000000000e+00 0.000000000000000000e+00 0.000000000000000000e+00 1.188118811881188064e-01
7.741935483870968082e-02 3.870967741935484041e-02 0.000000000000000000e+00 0.000000000000000000e+00 0.000000000000000000e+00 0.000000000000000000e+00 0.000000000000000000e+00 1.000000000000000000e+00 0.000000000000000000e+00 0.000000000000000000e+00 0.000000000000000000e+00 1.290322580645161289e-02 0.000000000000000000e+00 0.000000000000000000e+00 0.000000000000000000e+00
8.771929824561403022e-02 8.771929824561403022e-03 8.771929824561403022e-03 0.000000000000000000e+00 8.771929824561403022e-03 0.000000000000000000e+00 0.000000000000000000e+00 1.000000000000000000e+00 3.508771929824561209e-02 6.666666666666666297e-01 0.000000000000000000e+00 2.631578947368420907e-02 0.000000000000000000e+00 3.508771929824561209e-02 1.052631578947368363e-01
0.000000000000000000e+00 0.000000000000000000e+00 1.910828025477706929e-02 0.000000000000000000e+00 1.273885350318471402e-02 0.000000000000000000e+00 0.000000000000000000e+00 3.184713375796178331e-02 0.000000000000000000e+00 1.000000000000000000e+00 0.000000000000000000e+00 0.000000000000000000e+00 0.000000000000000000e+00 0.000000000000000000e+00 1.464968152866241990e-01
0.000000000000000000e+00 0.000000000000000000e+00 0.000000000000000000e+00 0.000000000000000000e+00 0.000000000000000000e+00 0.000000000000000000e+00 0.000000000000000000e+00 0.000000000000000000e+00 0.000000000000000000e+00 0.000000000000000000e+00 0.000000000000000000e+00 0.000000000000000000e+00 0.000000000000000000e+00 0.000000000000000000e+00 0.000000000000000000e+00
1.000000000000000000e+00 4.330413016270338034e-01 0.000000000000000000e+00 1.088861076345431778e-01 0.000000000000000000e+00 0.000000000000000000e+00 0.000000000000000000e+00 0.000000000000000000e+00 1.827284105131414260e-01 0.000000000000000000e+00 0.000000000000000000e+00 4.005006257822277954e-02 2.140175219023779662e-01 0.000000000000000000e+00 0.000000000000000000e+00
7.954545454545454419e-02 0.000000000000000000e+00 0.000000000000000000e+00 1.136363636363636326e-01 0.000000000000000000e+00 0.000000000000000000e+00 0.000000000000000000e+00 1.000000000000000000e+00 0.000000000000000000e+00 0.000000000000000000e+00 0.000000000000000000e+00 0.000000000000000000e+00 6.590909090909090606e-01 0.000000000000000000e+00 0.000000000000000000e+00
9.090909090909090468e-03 1.250000000000000069e-02 1.875000000000000000e-01 1.136363636363636308e-03 2.068181818181818177e-01 1.147727272727272763e-01 0.000000000000000000e+00 1.534090909090909116e-01 3.409090909090908925e-03 0.000000000000000000e+00 2.545454545454545192e-01 2.272727272727272617e-03 2.272727272727272617e-03 2.727272727272727140e-02 1.000000000000000000e+00
0.000000000000000000e+00 0.000000000000000000e+00 0.000000000000000000e+00 0.000000000000000000e+00 0.000000000000000000e+00 3.217391304347825831e-01 0.000000000000000000e+00 0.000000000000000000e+00 0.000000000000000000e+00 1.000000000000000000e+00 8.652173913043478271e-01 0.000000000000000000e+00 4.347826086956521792e-03 0.000000000000000000e+00 5.217391304347825803e-02
4.347826086956521618e-02 7.391304347826086474e-01 0.000000000000000000e+00 4.347826086956521618e-02 0.000000000000000000e+00 0.000000000000000000e+00 0.000000000000000000e+00 1.000000000000000000e+00 0.000000000000000000e+00 0.000000000000000000e+00 0.000000000000000000e+00 0.000000000000000000e+00 4.347826086956521618e-02 0.000000000000000000e+00 0.000000000000000000e+00
8.928571428571428770e-02 5.952380952380952051e-03 0.000000000000000000e+00 3.928571428571428492e-01 0.000000000000000000e+00 0.000000000000000000e+00 0.000000000000000000e+00 1.000000000000000000e+00 0.000000000000000000e+00 0.000000000000000000e+00 0.000000000000000000e+00 1.190476190476190410e-02 9.821428571428570953e-01 0.000000000000000000e+00 0.000000000000000000e+00
0.000000000000000000e+00 3.508771929824561469e-03 3.157894736842105365e-02 3.508771929824561469e-03 5.614035087719298350e-02 0.000000000000000000e+00 0.000000000000000000e+00 3.508771929824561469e-03 0.000000000000000000e+00 1.000000000000000000e+00 3.508771929824561469e-03 0.000000000000000000e+00 0.000000000000000000e+00 1.403508771929824588e-02 1.368421052631579038e-01
3.374578177727783918e-03 1.124859392575928117e-03 2.137232845894263336e-02 0.000000000000000000e+00 2.812148481439820033e-02 6.749156355455567836e-03 0.000000000000000000e+00 1.687289088863892089e-02 0.000000000000000000e+00 1.000000000000000000e+00 1.912260967379077539e-02 0.000000000000000000e+00 0.000000000000000000e+00 3.374578177727783918e-03 5.556805399325084327e-01
