5.809128630705394369e-02 0.000000000000000000e+00 0.000000000000000000e+00 2.489626556016597339e-02 0.000000000000000000e+00 0.000000000000000000e+00 0.000000000000000000e+00 0.000000000000000000e+00 0.000000000000000000e+00 1.000000000000000000e+00 0.000000000000000000e+00 0.000000000000000000e+00 0.000000000000000000e+00
0.000000000000000000e+00 5.693333333333333579e-01 3.466666666666666508e-02 0.000000000000000000e+00 0.000000000000000000e+00 0.000000000000000000e+00 1.000000000000000000e+00 0.000000000000000000e+00 0.000000000000000000e+00 0.000000000000000000e+00 4.000000000000000083e-03 0.000000000000000000e+00 0.000000000000000000e+00
2.631578947368420907e-01 3.289473684210526133e-02 7.894736842105262720e-02 0.000000000000000000e+00 0.000000000000000000e+00 1.000000000000000000e+00 2.828947368421052544e-01 0.000000000000000000e+00 0.000000000000000000e+00 0.000000000000000000e+00 3.881578947368420907e-01 9.210526315789473173e-02 0.000000000000000000e+00
0.000000000000000000e+00 0.000000000000000000e+00 0.000000000000000000e+00 0.000000000000000000e+00 0.000000000000000000e+00 0.000000000000000000e+00 0.000000000000000000e+00 0.000000000000000000e+00 6.875000000000000000e-01 0.000000000000000000e+00 0.000000000000000000e+00 1.000000000000000000e+00 0.000000000000000000e+00
0.000000000000000000e+00 0.000000000000000000e+00 0.000000000000000000e+00 0.000000000000000000e+00 0.000000000000000000e+00 0.000000000000000000e+00 0.000000000000000000e+00 0.000000000000000000e+00 0.000000000000000000e+00 0.000000000000000000e+00 0.000000000000000000e+00 0.000000000000000000e+00 0.000000000000000000e+00
0.000000000000000000e+00 0.000000000000000000e+00 0.000000000000000000e+00 0.000000000000000000e+00 0.000000000000000000e+00 4.184100418410041482e-03 0.000000000000000000e+00 1.000000000000000000e+00 0.000000000000000000e+00 0.000000000000000000e+00 0.000000000000000000e+00 0.000000000000000000e+00 0.000000000000000000e+00
0.000000000000000000e+00 1.000000000000000000e+00 2.892998678996037132e-01 0.000000000000000000e+00 0.000000000000000000e+00 0.000000000000000000e+00 0.000000000000000000e+00 0.000000000000000000e+00 0.000000000000000000e+00 0.000000000000000000e+00 6.340819022457067078e-02 0.000000000000000000e+00 0.000000000000000000e+00
1.000000000000000000e+00 0.000000000000000000e+00 0.000000000000000000e+00 0.000000000000000000e+00 0.000000000000000000e+00 7.631578947368421462e-01 0.000000000000000000e+00 8.771929824561403022e-03 0.000000000000000000e+00 0.000000000000000000e+00 0.000000000000000000e+00 4.122807017543859698e-01 0.000000000000000000e+00
0.000000000000000000e+00 1.435406698564593332e-02 1.594896331738437012e-03 2.711323763955342941e-02 0.000000000000000000e+00 0.000000000000000000e+00 2.886762360446570863e-01 0.000000000000000000e+00 0.000000000000000000e+00 0.000000000000000000e+00 3.189792663476874023e-03 3.987240829346092724e-02 1.000000000000000000e+00
6.283783783783783994e-01 0.000000000000000000e+00 0.000000000000000000e+00 0.000000000000000000e+00 0.000000000000000000e+00 0.000000000000000000e+00 0.000000000000000000e+00 0.000000000000000000e+00 0.000000000000000000e+00 9.459459459459459985e-02 0.000000000000000000e+00 1.000000000000000000e+00 0.000000000000000000e+00
0.000000000000000000e+00 7.812500000000000000e-02 1.000000000000000000e+00 0.000000000000000000e+00 0.000000000000000000e+00 0.000000000000000000e+00 5.156250000000000000e-01 1.562500000000000000e-01 0.000000000000000000e+00 0.000000000000000000e+00 3.125000000000000000e-02 0.000000000000000000e+00 0.000000000000000000e+00
0.000000000000000000e+00 0.000000000000000000e+00 4.830917874396135035e-03 1.497584541062801922e-01 0.000000000000000000e+00 0.000000000000000000e+00 0.000000000000000000e+00 0.000000000000000000e+00 1.000000000000000000e+00 0.000000000000000000e+00 0.000000000000000000e+00 0.000000000000000000e+00 1.449275362318840632e-01
0.000000000000000000e+00 4.739336492890995622e-03 3.159557661927330126e-03 0.000000000000000000e+00 0.000000000000000000e+00 0.000000000000000000e+00 2.685624012638230737e-02 0.000000000000000000e+00 1.000000000000000000e+00 0.000000000000000000e+00 0.000000000000000000e+00 3.159557661927330126e-03 6.571879936808846523e-01
