5.837104072398190402e-01 2.262443438914027351e-03 0.000000000000000000e+00 0.000000000000000000e+00 0.000000000000000000e+00 0.000000000000000000e+00 3.574660633484162964e-01 0.000000000000000000e+00 4.524886877828054703e-03 1.000000000000000000e+00 0.000000000000000000e+00 4.524886877828054703e-03 0.000000000000000000e+00 8.597285067873303155e-02
0.000000000000000000e+00 6.688867745004757337e-01 2.664129400570884945e-02 0.000000000000000000e+00 2.473834443387250281e-02 0.000000000000000000e+00 0.000000000000000000e+00 0.000000000000000000e+00 1.000000000000000000e+00 0.000000000000000000e+00 2.093244529019980954e-02 4.091341579448144750e-02 0.000000000000000000e+00 0.000000000000000000e+00
0.000000000000000000e+00 1.980198019801980222e-02 0.000000000000000000e+00 0.000000000000000000e+00 1.320132013201320148e-02 0.000000000000000000e+00 0.000000000000000000e+00 0.000000000000000000e+00 1.617161716171617025e-01 0.000000000000000000e+00 0.000000000000000000e+00 0.000000000000000000e+00 1.000000000000000000e+00 0.000000000000000000e+00
5.017301038062284002e-01 3.460207612456747510e-03 0.000000000000000000e+00 0.000000000000000000e+00 0.000000000000000000e+00 0.000000000000000000e+00 7.958477508650518839e-02 0.000000000000000000e+00 6.920415224913495020e-03 1.000000000000000000e+00 3.460207612456747510e-03 0.000000000000000000e+00 0.000000000000000000e+00 1.038062283737024166e-01
0.000000000000000000e+00 1.024390243902438963e-01 0.000000000000000000e+00 0.000000000000000000e+00 0.000000000000000000e+00 0.000000000000000000e+00 0.000000000000000000e+00 0.000000000000000000e+00 1.000000000000000000e+00 0.000000000000000000e+00 7.317073170731706877e-02 6.390243902439024515e-01 0.000000000000000000e+00 0.000000000000000000e+00
0.000000000000000000e+00 1.467889908256880815e-01 0.000000000000000000e+00 2.752293577981651529e-02 6.422018348623853568e-02 0.000000000000000000e+00 0.000000000000000000e+00 0.000000000000000000e+00 1.000000000000000000e+00 4.128440366972477293e-01 0.000000000000000000e+00 0.000000000000000000e+00 0.000000000000000000e+00 4.587155963302752548e-02
2.444987775061124684e-03 0.000000000000000000e+00 0.000000000000000000e+00 3.667481662591687286e-02 2.444987775061124684e-03 1.222493887530562429e-02 0.000000000000000000e+00 0.000000000000000000e+00 1.222493887530562429e-02 1.000000000000000000e+00 0.000000000000000000e+00 0.000000000000000000e+00 0.000000000000000000e+00 7.334963325183374572e-02
0.000000000000000000e+00 0.000000000000000000e+00 0.000000000000000000e+00 0.000000000000000000e+00 0.000000000000000000e+00 0.000000000000000000e+00 0.000000000000000000e+00 0.000000000000000000e+00 0.000000000000000000e+00 0.000000000000000000e+00 0.000000000000000000e+00 0.000000000000000000e+00 0.000000000000000000e+00 0.000000000000000000e+00
0.000000000000000000e+00 1.000000000000000000e+00 2.980769230769230727e-01 0.000000000000000000e+00 2.961538461538461564e-01 0.000000000000000000e+00 0.000000000000000000e+00 0.000000000000000000e+00 0.000000000000000000e+00 0.000000000000000000e+00 2.067307692307692180e-01 3.442307692307692291e-01 0.000000000000000000e+00 0.000000000000000000e+00
3.309248554913294948e-01 6.502890173410404845e-03 2.167630057803467993e-03 3.143063583815028927e-01 1.445086705202312067e-03 1.127167630057803460e-01 1.914739884393063529e-01 0.000000000000000000e+00 8.815028901734103806e-02 0.000000000000000000e+00 2.167630057803467993e-03 2.167630057803467993e-03 0.000000000000000000e+00 1.000000000000000000e+00
0.000000000000000000e+00 1.055900621118012472e-01 6.832298136645963138e-02 0.000000000000000000e+00 7.142857142857142461e-02 0.000000000000000000e+00 0.000000000000000000e+00 0.000000000000000000e+00 1.000000000000000000e+00 0.000000000000000000e+00 0.000000000000000000e+00 0.000000000000000000e+00 0.000000000000000000e+00 0.000000000000000000e+00
0.000000000000000000e+00 1.036414565826330597e-01 0.000000000000000000e+00 0.000000000000000000e+00 0.000000000000000000e+00 0.000000000000000000e+00 0.000000000000000000e+00 0.000000000000000000e+00 1.000000000000000000e+00 0.000000000000000000e+00 4.061624649859943981e-01 6.694677871148458914e-01 0.000000000000000000e+00 0.000000000000000000e+00
0.000000000000000000e+00 0.000000000000000000e+00 0.000000000000000000e+00 1.520912547528517102e-02 3.802281368821292754e-03 0.000000000000000000e+00 0.000000000000000000e+00 0.000000000000000000e+00 0.000000000000000000e+00 1.000000000000000000e+00 0.000000000000000000e+00 0.000000000000000000e+00 0.000000000000000000e+00 1.368821292775665444e-01
2.801724137931034531e-02 3.591954022988505697e-03 0.000000000000000000e+00 2.442528735632184048e-02 0.000000000000000000e+00 1.724137931034482735e-02 1.436781609195402279e-02 0.000000000000000000e+00 5.028735632183907976e-03 1.000000000000000000e+00 0.000000000000000000e+00 1.436781609195402279e-03 0.000000000000000000e+00 6.997126436781608838e-01
