0.000000000000000000e+00 0.000000000000000000e+00 0.000000000000000000e+00 0.000000000000000000e+00 0.000000000000000000e+00 0.000000000000000000e+00 3.536585365853658347e-01 0.000000000000000000e+00 0.000000000000000000e+00 6.097560975609755962e-02 0.000000000000000000e+00 1.219512195121951262e-02 1.000000000000000000e+00 0.000000000000000000e+00 0.000000000000000000e+00
3.300330033003300370e-03 2.310231023102310086e-02 0.000000000000000000e+00 0.000000000000000000e+00 0.000000000000000000e+00 0.000000000000000000e+00 1.155115511551155077e-01 0.000000000000000000e+00 1.000000000000000000e+00 0.000000000000000000e+00 0.000000000000000000e+00 6.600660066006600740e-03 0.000000000000000000e+00 0.000000000000000000e+00 0.000000000000000000e+00
0.000000000000000000e+00 0.000000000000000000e+00 0.000000000000000000e+00 6.849315068493150305e-03 4.794520547945205213e-02 0.000000000000000000e+00 1.369863013698630061e-02 2.602739726027397116e-01 0.000000000000000000e+00 0.000000000000000000e+00 0.000000000000000000e+00 0.000000000000000000e+00 3.424657534246575152e-02 1.000000000000000000e+00 2.739726027397260122e-02
0.000000000000000000e+00 1.408450704225352144e-02 5.633802816901408578e-02 2.816901408450704289e-02 0.000000000000000000e+00 0.000000000000000000e+00 5.985915492957746276e-01 1.000000000000000000e+00 4.225352112676056260e-02 0.000000000000000000e+00 0.000000000000000000e+00 4.929577464788732072e-02 0.000000000000000000e+00 1.408450704225352144e-02 1.760563380281690016e-01
0.000000000000000000e+00 0.000000000000000000e+00 3.947368421052631360e-02 6.578947368421052266e-02 0.000000000000000000e+00 0.000000000000000000e+00 5.921052631578947040e-02 1.000000000000000000e+00 6.578947368421052266e-03 0.000000000000000000e+00 0.000000000000000000e+00 6.578947368421052266e-03 0.000000000000000000e+00 0.000000000000000000e+00 4.605263157894736586e-02
0.000000000000000000e+00 0.000000000000000000e+00 0.000000000000000000e+00 0.000000000000000000e+00 0.000000000000000000e+00 0.000000000000000000e+00 0.000000000000000000e+00 0.000000000000000000e+00 0.000000000000000000e+00 0.000000000000000000e+00 0.000000000000000000e+00 0.000000000000000000e+00 0.000000000000000000e+00 0.000000000000000000e+00 0.000000000000000000e+00
3.481481481481481510e-01 1.000000000000000000e+00 0.000000000000000000e+00 0.000000000000000000e+00 0.000000000000000000e+00 0.000000000000000000e+00 0.000000000000000000e+00 0.000000000000000000e+00 0.000000000000000000e+00 1.333333333333333315e-01 7.777777777777777901e-02 8.555555555555555136e-01 4.555555555555555469e-01 0.000000000000000000e+00 0.000000000000000000e+00
2.476780185758514080e-02 1.547987616099071213e-02 4.829721362229102422e-01 6.315789473684210176e-01 1.331269349845201344e-01 0.000000000000000000e+00 4.272445820433436459e-01 0.000000000000000000e+00 1.300309597523219840e-01 0.000000000000000000e+00 3.095975232198142600e-03 4.643962848297213813e-02 3.095975232198142600e-03 5.170278637770897578e-01 1.000000000000000000e+00
0.000000000000000000e+00 0.000000000000000000e+00 6.642066420664206883e-02 1.254612546125461192e-01 0.000000000000000000e+00 0.000000000000000000e+00 0.000000000000000000e+00 1.000000000000000000e+00 1.476014760147601433e-02 0.000000000000000000e+00 0.000000000000000000e+00 0.000000000000000000e+00 0.000000000000000000e+00 1.107011070110701031e-02 1.107011070110701101e-01
4.672897196261682068e-02 1.121495327102803724e-01 0.000000000000000000e+00 0.000000000000000000e+00 0.000000000000000000e+00 0.000000000000000000e+00 1.000000000000000000e+00 0.000000000000000000e+00 0.000000000000000000e+00 0.000000000000000000e+00 2.803738317757009310e-02 7.476635514018691031e-02 0.000000000000000000e+00 0.000000000000000000e+00 0.000000000000000000e+00
0.000000000000000000e+00 1.000000000000000000e+00 0.000000000000000000e+00 0.000000000000000000e+00 0.000000000000000000e+00 0.000000000000000000e+00 2.272727272727272652e-01 0.000000000000000000e+00 0.000000000000000000e+00 0.000000000000000000e+00 0.000000000000000000e+00 0.000000000000000000e+00 0.000000000000000000e+00 0.000000000000000000e+00 0.000000000000000000e+00
3.555555555555555552e-02 1.377777777777777768e-01 0.000000000000000000e+00 0.000000000000000000e+00 0.000000000000000000e+00 0.000000000000000000e+00 1.000000000000000000e+00 0.000000000000000000e+00 0.000000000000000000e+00 4.444444444444444441e-03 8.888888888888888881e-03 3.333333333333333148e-01 2.666666666666666838e-02 0.000000000000000000e+00 0.000000000000000000e+00
0.000000000000000000e+00 0.000000000000000000e+00 0.000000000000000000e+00 0.000000000000000000e+00 0.000000000000000000e+00 0.000000000000000000e+00 3.055555555555555802e-01 0.000000000000000000e+00 0.000000000000000000e+00 2.323232323232323204e-01 0.000000000000000000e+00 2.020202020202020374e-02 1.000000000000000000e+00 0.000000000000000000e+00 0.000000000000000000e+00
0.000000000000000000e+00 0.000000000000000000e+00 0.000000000000000000e+00 1.776198934280639498e-03 2.362344582593250419e-01 0.000000000000000000e+00 5.328596802841918494e-03 3.055062166962699832e-01 1.776198934280639498e-03 1.776198934280639498e-03 0.000000000000000000e+00 0.000000000000000000e+00 7.104795737122557991e-03 1.000000000000000000e+00 2.664298401420958987e-02
3.048780487804878155e-03 0.000000000000000000e+00 4.573170731707316972e-02 8.231707317073171104e-02 9.146341463414633596e-03 0.000000000000000000e+00 4.878048780487805047e-02 1.000000000000000000e+00 6.097560975609756309e-03 0.000000000000000000e+00 0.000000000000000000e+00 0.000000000000000000e+00 0.000000000000000000e+00 3.658536585365853439e-02 3.780487804878048808e-01
