7.616161616161616355e-01 0.000000000000000000e+00 0.000000000000000000e+00 0.000000000000000000e+00 2.020202020202020200e-03 3.050505050505050719e-01 0.000000000000000000e+00 0.000000000000000000e+00 1.000000000000000000e+00 0.000000000000000000e+00 0.000000000000000000e+00 0.000000000000000000e+00 4.040404040404040401e-03 0.000000000000000000e+00 7.272727272727272374e-02
0.000000000000000000e+00 6.918090748379492894e-01 4.301708898055391778e-02 0.000000000000000000e+00 0.000000000000000000e+00 0.000000000000000000e+00 0.000000000000000000e+00 1.000000000000000000e+00 0.000000000000000000e+00 0.000000000000000000e+00 1.826753093694755484e-02 1.767825574543311793e-03 2.769593400117854876e-02 1.885680612846199131e-02 0.000000000000000000e+00
0.000000000000000000e+00 3.274559193954659775e-02 4.785894206549118346e-02 0.000000000000000000e+00 0.000000000000000000e+00 0.000000000000000000e+00 0.000000000000000000e+00 4.130982367758186391e-01 0.000000000000000000e+00 1.000000000000000000e+00 5.037783375314861326e-03 1.007556675062972265e-02 2.518891687657430663e-03 5.037783375314861326e-03 0.000000000000000000e+00
6.556603773584905870e-01 0.000000000000000000e+00 0.000000000000000000e+00 0.000000000000000000e+00 0.000000000000000000e+00 6.132075471698113234e-02 0.000000000000000000e+00 4.716981132075471518e-03 1.000000000000000000e+00 4.716981132075471518e-03 0.000000000000000000e+00 0.000000000000000000e+00 1.415094339622641542e-02 0.000000000000000000e+00 1.367924528301886766e-01
1.680672268907562952e-02 2.016806722689075682e-01 8.403361344537814762e-03 1.680672268907562952e-02 8.403361344537814762e-03 0.000000000000000000e+00 0.000000000000000000e+00 1.000000000000000000e+00 6.806722689075630495e-01 0.000000000000000000e+00 0.000000000000000000e+00 1.680672268907562952e-02 0.000000000000000000e+00 4.201680672268907901e-02 1.008403361344537841e-01
0.000000000000000000e+00 6.153846153846153841e-03 0.000000000000000000e+00 3.384615384615384526e-02 2.153846153846153758e-02 0.000000000000000000e+00 0.000000000000000000e+00 1.230769230769230768e-02 1.000000000000000000e+00 0.000000000000000000e+00 0.000000000000000000e+00 0.000000000000000000e+00 0.000000000000000000e+00 0.000000000000000000e+00 9.230769230769231282e-02
0.000000000000000000e+00 0.000000000000000000e+00 0.000000000000000000e+00 0.000000000000000000e+00 0.000000000000000000e+00 0.000000000000000000e+00 0.000000000000000000e+00 0.000000000000000000e+00 0.000000000000000000e+00 0.000000000000000000e+00 0.000000000000000000e+00 0.000000000000000000e+00 0.000000000000000000e+00 0.000000000000000000e+00 0.000000000000000000e+00
0.000000000000000000e+00 1.000000000000000000e+00 2.654609101516919312e-01 0.000000000000000000e+00 0.000000000000000000e+00 0.000000000000000000e+00 0.000000000000000000e+00 0.000000000000000000e+00 0.000000000000000000e+00 0.000000000000000000e+00 1.248541423570595083e-01 4.259043173862310516e-02 3.063010501750291770e-01 1.796966161026837816e-01 0.000000000000000000e+00
2.998225901833234674e-01 5.322294500295683337e-03 5.913660555884092500e-03 2.022471910112359494e-01 1.188645771732702583e-01 1.153163808397398016e-01 0.000000000000000000e+00 1.123595505617977497e-01 0.000000000000000000e+00 2.779420461265523501e-02 1.182732111176818543e-03 5.913660555884092717e-04 1.774098166765227707e-03 1.774098166765227707e-03 1.000000000000000000e+00
0.000000000000000000e+00 0.000000000000000000e+00 0.000000000000000000e+00 4.657534246575342762e-02 4.109589041095890183e-02 0.000000000000000000e+00 0.000000000000000000e+00 0.000000000000000000e+00 1.000000000000000000e+00 1.369863013698630061e-02 0.000000000000000000e+00 0.000000000000000000e+00 0.000000000000000000e+00 0.000000000000000000e+00 1.452054794520547809e-01
0.000000000000000000e+00 1.138461538461538469e-01 4.307692307692307515e-02 0.000000000000000000e+00 0.000000000000000000e+00 0.000000000000000000e+00 0.000000000000000000e+00 1.000000000000000000e+00 0.000000000000000000e+00 0.000000000000000000e+00 0.000000000000000000e+00 1.230769230769230768e-02 0.000000000000000000e+00 3.384615384615384526e-02 0.000000000000000000e+00
0.000000000000000000e+00 9.259259259259258745e-02 4.814814814814814548e-01 0.000000000000000000e+00 0.000000000000000000e+00 0.000000000000000000e+00 0.000000000000000000e+00 1.000000000000000000e+00 0.000000000000000000e+00 0.000000000000000000e+00 1.851851851851851749e-02 0.000000000000000000e+00 1.851851851851851749e-02 1.851851851851851749e-02 0.000000000000000000e+00
0.000000000000000000e+00 9.652509652509652649e-02 7.722007722007722189e-03 0.000000000000000000e+00 0.000000000000000000e+00 0.000000000000000000e+00 0.000000000000000000e+00 1.000000000000000000e+00 0.000000000000000000e+00 0.000000000000000000e+00 2.528957528957528900e-01 0.000000000000000000e+00 6.254826254826254539e-01 0.000000000000000000e+00 0.000000000000000000e+00
0.000000000000000000e+00 1.165048543689320426e-01 0.000000000000000000e+00 0.000000000000000000e+00 0.000000000000000000e+00 0.000000000000000000e+00 0.000000000000000000e+00 1.000000000000000000e+00 0.000000000000000000e+00 0.000000000000000000e+00 4.854368932038834877e-02 4.854368932038834530e-03 5.873786407766989903e-01 0.000000000000000000e+00 0.000000000000000000e+00
2.147417295414973809e-02 2.901915264074289048e-03 5.803830528148578097e-04 1.508995937318630305e-02 1.392919326755658743e-02 1.160766105629715619e-02 0.000000000000000000e+00 6.384213580963435906e-03 1.000000000000000000e+00 2.321532211259431239e-03 0.000000000000000000e+00 0.000000000000000000e+00 0.000000000000000000e+00 0.000000000000000000e+00 6.883343006384213814e-01
