0.000000000000000000e+00 0.000000000000000000e+00 0.000000000000000000e+00 0.000000000000000000e+00 8.139534883720930813e-02 0.000000000000000000e+00 1.000000000000000000e+00 8.720930232558139483e-01 0.000000000000000000e+00 1.162790697674418589e-01
1.000000000000000000e+00 0.000000000000000000e+00 0.000000000000000000e+00 0.000000000000000000e+00 0.000000000000000000e+00 0.000000000000000000e+00 0.000000000000000000e+00 0.000000000000000000e+00 7.022471910112360050e-01 0.000000000000000000e+00
0.000000000000000000e+00 5.601317957166392081e-02 6.919275123558484841e-01 0.000000000000000000e+00 0.000000000000000000e+00 1.000000000000000000e+00 0.000000000000000000e+00 0.000000000000000000e+00 0.000000000000000000e+00 0.000000000000000000e+00
0.000000000000000000e+00 0.000000000000000000e+00 0.000000000000000000e+00 0.000000000000000000e+00 0.000000000000000000e+00 0.000000000000000000e+00 0.000000000000000000e+00 0.000000000000000000e+00 0.000000000000000000e+00 0.000000000000000000e+00
0.000000000000000000e+00 0.000000000000000000e+00 0.000000000000000000e+00 0.000000000000000000e+00 4.666666666666666741e-01 0.000000000000000000e+00 4.000000000000000222e-01 1.000000000000000000e+00 0.000000000000000000e+00 1.333333333333333315e-01
0.000000000000000000e+00 4.306220095693780170e-01 1.000000000000000000e+00 0.000000000000000000e+00 0.000000000000000000e+00 0.000000000000000000e+00 0.000000000000000000e+00 0.000000000000000000e+00 0.000000000000000000e+00 0.000000000000000000e+00
0.000000000000000000e+00 0.000000000000000000e+00 1.381509032943676989e-02 0.000000000000000000e+00 0.000000000000000000e+00 2.901168969181721624e-01 0.000000000000000000e+00 0.000000000000000000e+00 0.000000000000000000e+00 1.000000000000000000e+00
0.000000000000000000e+00 0.000000000000000000e+00 0.000000000000000000e+00 0.000000000000000000e+00 2.285714285714285643e-01 0.000000000000000000e+00 1.000000000000000000e+00 0.000000000000000000e+00 0.000000000000000000e+00 5.714285714285714107e-02
0.000000000000000000e+00 0.000000000000000000e+00 0.000000000000000000e+00 0.000000000000000000e+00 0.000000000000000000e+00 0.000000000000000000e+00 1.000000000000000000e+00 0.000000000000000000e+00 0.000000000000000000e+00 1.559633027522935866e-01
0.000000000000000000e+00 0.000000000000000000e+00 1.046025104602510370e-03 0.000000000000000000e+00 0.000000000000000000e+00 1.778242677824267912e-02 1.000000000000000000e+00 0.000000000000000000e+00 0.000000000000000000e+00 5.826359832635983338e-01
