8.839590443686007326e-01 0.000000000000000000e+00 0.000000000000000000e+00 0.000000000000000000e+00 0.000000000000000000e+00 0.000000000000000000e+00 0.000000000000000000e+00 3.412969283276450546e-03 4.129692832764504939e-01 0.000000000000000000e+00 0.000000000000000000e+00 6.825938566552901092e-03 1.000000000000000000e+00 3.412969283276450546e-03 3.412969283276450546e-03 0.000000000000000000e+00 0.000000000000000000e+00 3.412969283276450546e-03 0.000000000000000000e+00 7.508532423208191808e-02
0.000000000000000000e+00 0.000000000000000000e+00 0.000000000000000000e+00 0.000000000000000000e+00 0.000000000000000000e+00 0.000000000000000000e+00 0.000000000000000000e+00 0.000000000000000000e+00 0.000000000000000000e+00 0.000000000000000000e+00 0.000000000000000000e+00 0.000000000000000000e+00 0.000000000000000000e+00 0.000000000000000000e+00 0.000000000000000000e+00 1.000000000000000000e+00 0.000000000000000000e+00 0.000000000000000000e+00 0.000000000000000000e+00 0.000000000000000000e+00
0.000000000000000000e+00 0.000000000000000000e+00 0.000000000000000000e+00 0.000000000000000000e+00 0.000000000000000000e+00 0.000000000000000000e+00 0.000000000000000000e+00 0.000000000000000000e+00 0.000000000000000000e+00 0.000000000000000000e+00 0.000000000000000000e+00 0.000000000000000000e+00 0.000000000000000000e+00 0.000000000000000000e+00 0.000000000000000000e+00 0.000000000000000000e+00 0.000000000000000000e+00 0.000000000000000000e+00 0.000000000000000000e+00 0.000000000000000000e+00
0.000000000000000000e+00 0.000000000000000000e+00 0.000000000000000000e+00 1.219512195121951262e-02 0.000000000000000000e+00 0.000000000000000000e+00 2.439024390243902524e-02 0.000000000000000000e+00 0.000000000000000000e+00 7.317073170731706877e-02 0.000000000000000000e+00 0.000000000000000000e+00 9.634146341463414309e-01 1.219512195121951262e-02 0.000000000000000000e+00 1.000000000000000000e+00 0.000000000000000000e+00 0.000000000000000000e+00 0.000000000000000000e+00 8.536585365853659180e-02
0.000000000000000000e+00 0.000000000000000000e+00 0.000000000000000000e+00 0.000000000000000000e+00 6.815999999999999837e-01 5.600000000000000117e-02 0.000000000000000000e+00 0.000000000000000000e+00 0.000000000000000000e+00 0.000000000000000000e+00 0.000000000000000000e+00 1.000000000000000000e+00 0.000000000000000000e+00 0.000000000000000000e+00 1.439999999999999961e-02 0.000000000000000000e+00 4.799999999999999580e-03 2.719999999999999848e-02 3.039999999999999994e-02 0.000000000000000000e+00
0.000000000000000000e+00 0.000000000000000000e+00 0.000000000000000000e+00 1.000000000000000000e+00 2.857142857142857054e-02 3.428571428571428742e-02 0.000000000000000000e+00 0.000000000000000000e+00 0.000000000000000000e+00 0.000000000000000000e+00 0.000000000000000000e+00 4.685714285714285832e-01 0.000000000000000000e+00 7.314285714285714279e-01 0.000000000000000000e+00 0.000000000000000000e+00 1.714285714285714371e-02 0.000000000000000000e+00 2.285714285714285712e-02 0.000000000000000000e+00
6.439024390243902607e-01 0.000000000000000000e+00 0.000000000000000000e+00 0.000000000000000000e+00 0.000000000000000000e+00 0.000000000000000000e+00 0.000000000000000000e+00 4.878048780487804874e-03 1.121951219512195147e-01 0.000000000000000000e+00 0.000000000000000000e+00 4.878048780487804874e-03 1.000000000000000000e+00 4.878048780487804874e-03 0.000000000000000000e+00 0.000000000000000000e+00 0.000000000000000000e+00 4.878048780487804874e-03 0.000000000000000000e+00 6.341463414634146423e-02
2.884615384615384776e-02 0.000000000000000000e+00 0.000000000000000000e+00 0.000000000000000000e+00 9.615384615384615918e-02 0.000000000000000000e+00 5.769230769230769551e-02 9.615384615384615918e-03 9.615384615384615918e-03 0.000000000000000000e+00 0.000000000000000000e+00 1.000000000000000000e+00 8.461538461538461453e-01 1.923076923076923184e-02 0.000000000000000000e+00 0.000000000000000000e+00 2.884615384615384776e-02 0.000000000000000000e+00 2.884615384615384776e-02 1.153846153846153910e-01
0.000000000000000000e+00 0.000000000000000000e+00 0.000000000000000000e+00 0.000000000000000000e+00 0.000000000000000000e+00 0.000000000000000000e+00 2.531645569620253125e-02 3.164556962025316666e-02 0.000000000000000000e+00 0.000000000000000000e+00 0.000000000000000000e+00 1.582278481012658333e-02 1.000000000000000000e+00 3.164556962025316406e-03 0.000000000000000000e+00 0.000000000000000000e+00 0.000000000000000000e+00 0.000000000000000000e+00 0.000000000000000000e+00 6.012658227848101389e-02
0.000000000000000000e+00 0.000000000000000000e+00 0.000000000000000000e+00 0.000000000000000000e+00 0.000000000000000000e+00 0.000000000000000000e+00 0.000000000000000000e+00 0.000000000000000000e+00 0.000000000000000000e+00 4.444444444444444198e-01 0.000000000000000000e+00 0.000000000000000000e+00 5.555555555555555802e-01 0.000000000000000000e+00 0.000000000000000000e+00 1.000000000000000000e+00 0.000000000000000000e+00 0.000000000000000000e+00 0.000000000000000000e+00 1.111111111111111049e-01
0.000000000000000000e+00 1.000000000000000000e+00 0.000000000000000000e+00 0.000000000000000000e+00 0.000000000000000000e+00 0.000000000000000000e+00 0.000000000000000000e+00 0.000000000000000000e+00 0.000000000000000000e+00 0.000000000000000000e+00 0.000000000000000000e+00 0.000000000000000000e+00 1.000000000000000000e+00 0.000000000000000000e+00 0.000000000000000000e+00 1.000000000000000000e+00 0.000000000000000000e+00 0.000000000000000000e+00 0.000000000000000000e+00 0.000000000000000000e+00
0.000000000000000000e+00 0.000000000000000000e+00 0.000000000000000000e+00 0.000000000000000000e+00 1.000000000000000000e+00 5.046296296296296502e-01 0.000000000000000000e+00 0.000000000000000000e+00 0.000000000000000000e+00 0.000000000000000000e+00 0.000000000000000000e+00 0.000000000000000000e+00 0.000000000000000000e+00 0.000000000000000000e+00 2.361111111111111049e-01 0.000000000000000000e+00 4.012345679012345456e-02 2.546296296296296502e-01 2.793209876543210068e-01 0.000000000000000000e+00
3.264840182648401923e-01 0.000000000000000000e+00 0.000000000000000000e+00 0.000000000000000000e+00 7.990867579908675356e-03 7.990867579908675356e-03 3.755707762557077833e-01 2.043378995433789980e-01 2.305936073059360603e-01 0.000000000000000000e+00 0.000000000000000000e+00 1.621004566210045572e-01 0.000000000000000000e+00 4.794520547945205213e-02 0.000000000000000000e+00 0.000000000000000000e+00 0.000000000000000000e+00 3.424657534246575152e-03 2.283105022831050102e-03 1.000000000000000000e+00
7.633587786259541687e-03 0.000000000000000000e+00 0.000000000000000000e+00 0.000000000000000000e+00 0.000000000000000000e+00 7.633587786259541687e-03 4.580152671755725186e-02 1.755725190839694527e-01 7.633587786259541687e-03 0.000000000000000000e+00 0.000000000000000000e+00 0.000000000000000000e+00 1.000000000000000000e+00 0.000000000000000000e+00 0.000000000000000000e+00 0.000000000000000000e+00 0.000000000000000000e+00 0.000000000000000000e+00 0.000000000000000000e+00 1.145038167938931262e-01
0.000000000000000000e+00 0.000000000000000000e+00 0.000000000000000000e+00 0.000000000000000000e+00 7.281553398058251969e-02 4.854368932038834877e-02 0.000000000000000000e+00 0.000000000000000000e+00 0.000000000000000000e+00 0.000000000000000000e+00 0.000000000000000000e+00 1.000000000000000000e+00 0.000000000000000000e+00 0.000000000000000000e+00 0.000000000000000000e+00 0.000000000000000000e+00 4.854368932038834530e-03 0.000000000000000000e+00 2.912621359223301065e-02 0.000000000000000000e+00
0.000000000000000000e+00 0.000000000000000000e+00 0.000000000000000000e+00 2.898550724637681195e-02 0.000000000000000000e+00 0.000000000000000000e+00 2.898550724637681195e-02 0.000000000000000000e+00 0.000000000000000000e+00 1.304347826086956486e-01 4.347826086956521618e-02 0.000000000000000000e+00 1.000000000000000000e+00 1.449275362318840597e-02 0.000000000000000000e+00 0.000000000000000000e+00 0.000000000000000000e+00 0.000000000000000000e+00 0.000000000000000000e+00 1.014492753623188470e-01
0.000000000000000000e+00 0.000000000000000000e+00 0.000000000000000000e+00 0.000000000000000000e+00 5.555555555555555247e-02 9.444444444444444198e-01 0.000000000000000000e+00 0.000000000000000000e+00 0.000000000000000000e+00 0.000000000000000000e+00 0.000000000000000000e+00 1.000000000000000000e+00 0.000000000000000000e+00 0.000000000000000000e+00 0.000000000000000000e+00 0.000000000000000000e+00 0.000000000000000000e+00 0.000000000000000000e+00 0.000000000000000000e+00 0.000000000000000000e+00
0.000000000000000000e+00 0.000000000000000000e+00 0.000000000000000000e+00 0.000000000000000000e+00 3.888888888888888951e-02 0.000000000000000000e+00 0.000000000000000000e+00 0.000000000000000000e+00 0.000000000000000000e+00 0.000000000000000000e+00 0.000000000000000000e+00 1.000000000000000000e+00 0.000000000000000000e+00 0.000000000000000000e+00 3.722222222222222321e-01 0.000000000000000000e+00 0.000000000000000000e+00 8.666666666666666963e-01 0.000000000000000000e+00 0.000000000000000000e+00
0.000000000000000000e+00 0.000000000000000000e+00 0.000000000000000000e+00 0.000000000000000000e+00 9.375000000000000000e-02 0.000000000000000000e+00 0.000000000000000000e+00 0.000000000000000000e+00 0.000000000000000000e+00 0.000000000000000000e+00 0.000000000000000000e+00 1.000000000000000000e+00 0.000000000000000000e+00 0.000000000000000000e+00 6.250000000000000000e-02 0.000000000000000000e+00 0.000000000000000000e+00 5.234375000000000000e-01 0.000000000000000000e+00 0.000000000000000000e+00
2.252252252252252146e-02 0.000000000000000000e+00 0.000000000000000000e+00 0.000000000000000000e+00 3.378378378378378566e-03 1.126126126126126116e-03 2.702702702702702853e-02 2.027027027027027140e-02 1.238738738738738750e-02 0.000000000000000000e+00 0.000000000000000000e+00 7.882882882882882164e-03 1.000000000000000000e+00 0.000000000000000000e+00 0.000000000000000000e+00 0.000000000000000000e+00 0.000000000000000000e+00 0.000000000000000000e+00 0.000000000000000000e+00 5.923423423423422873e-01
