0.000000000000000000e+00 0.000000000000000000e+00 0.000000000000000000e+00 3.690036900369003583e-03 0.000000000000000000e+00 8.856088560885608252e-02 0.000000000000000000e+00 2.583025830258302638e-02 1.000000000000000000e+00 3.690036900369003583e-03
0.000000000000000000e+00 5.352622061482821270e-01 5.063291139240506250e-02 0.000000000000000000e+00 0.000000000000000000e+00 0.000000000000000000e+00 1.000000000000000000e+00 0.000000000000000000e+00 0.000000000000000000e+00 0.000000000000000000e+00
1.000000000000000000e+00 3.300330033003300370e-03 0.000000000000000000e+00 0.000000000000000000e+00 0.000000000000000000e+00 0.000000000000000000e+00 5.280528052805280592e-02 0.000000000000000000e+00 0.000000000000000000e+00 0.000000000000000000e+00
0.000000000000000000e+00 9.917355371900826722e-02 0.000000000000000000e+00 0.000000000000000000e+00 0.000000000000000000e+00 0.000000000000000000e+00 6.859504132231405427e-01 1.000000000000000000e+00 0.000000000000000000e+00 7.438016528925620041e-02
0.000000000000000000e+00 0.000000000000000000e+00 0.000000000000000000e+00 0.000000000000000000e+00 0.000000000000000000e+00 0.000000000000000000e+00 0.000000000000000000e+00 0.000000000000000000e+00 0.000000000000000000e+00 0.000000000000000000e+00
0.000000000000000000e+00 0.000000000000000000e+00 0.000000000000000000e+00 0.000000000000000000e+00 0.000000000000000000e+00 7.150259067357512821e-01 0.000000000000000000e+00 6.735751295336787903e-02 1.000000000000000000e+00 4.145077720207254041e-02
0.000000000000000000e+00 1.000000000000000000e+00 5.262206148282098095e-01 0.000000000000000000e+00 0.000000000000000000e+00 0.000000000000000000e+00 0.000000000000000000e+00 0.000000000000000000e+00 0.000000000000000000e+00 0.000000000000000000e+00
0.000000000000000000e+00 1.435406698564593332e-02 2.392344497607655409e-03 2.368421052631578816e-01 0.000000000000000000e+00 0.000000000000000000e+00 2.248803827751196249e-01 0.000000000000000000e+00 0.000000000000000000e+00 1.000000000000000000e+00
0.000000000000000000e+00 0.000000000000000000e+00 0.000000000000000000e+00 3.906250000000000000e-03 0.000000000000000000e+00 7.421875000000000000e-01 0.000000000000000000e+00 1.000000000000000000e+00 0.000000000000000000e+00 6.640625000000000000e-02
0.000000000000000000e+00 3.575685339690107094e-03 0.000000000000000000e+00 2.979737783075089505e-02 0.000000000000000000e+00 0.000000000000000000e+00 4.767580452920142792e-03 1.000000000000000000e+00 0.000000000000000000e+00 6.531585220500596423e-01
