0.000000000000000000e+00 0.000000000000000000e+00 0.000000000000000000e+00 0.000000000000000000e+00 0.000000000000000000e+00 9.124087591240875872e-02 0.000000000000000000e+00 1.824817518248175036e-02 1.000000000000000000e+00 0.000000000000000000e+00
1.000000000000000000e+00 0.000000000000000000e+00 1.320132013201320148e-02 0.000000000000000000e+00 0.000000000000000000e+00 0.000000000000000000e+00 8.580858085808580615e-02 0.000000000000000000e+00 0.000000000000000000e+00 0.000000000000000000e+00
0.000000000000000000e+00 6.126126126126126004e-02 5.405405405405405705e-01 0.000000000000000000e+00 0.000000000000000000e+00 0.000000000000000000e+00 1.000000000000000000e+00 0.000000000000000000e+00 0.000000000000000000e+00 0.000000000000000000e+00
0.000000000000000000e+00 0.000000000000000000e+00 1.354166666666666574e-01 0.000000000000000000e+00 0.000000000000000000e+00 0.000000000000000000e+00 1.000000000000000000e+00 8.958333333333333703e-01 0.000000000000000000e+00 9.375000000000000000e-02
0.000000000000000000e+00 0.000000000000000000e+00 0.000000000000000000e+00 0.000000000000000000e+00 0.000000000000000000e+00 0.000000000000000000e+00 0.000000000000000000e+00 0.000000000000000000e+00 0.000000000000000000e+00 0.000000000000000000e+00
0.000000000000000000e+00 0.000000000000000000e+00 0.000000000000000000e+00 0.000000000000000000e+00 0.000000000000000000e+00 6.504424778761062065e-01 0.000000000000000000e+00 7.079646017699114946e-02 1.000000000000000000e+00 2.212389380530973421e-02
0.000000000000000000e+00 5.324909747292418949e-01 1.000000000000000000e+00 0.000000000000000000e+00 0.000000000000000000e+00 0.000000000000000000e+00 0.000000000000000000e+00 0.000000000000000000e+00 0.000000000000000000e+00 0.000000000000000000e+00
0.000000000000000000e+00 6.305170239596469099e-03 1.261034047919293820e-02 2.459016393442622905e-01 0.000000000000000000e+00 0.000000000000000000e+00 2.030264817150063128e-01 0.000000000000000000e+00 0.000000000000000000e+00 1.000000000000000000e+00
0.000000000000000000e+00 0.000000000000000000e+00 0.000000000000000000e+00 0.000000000000000000e+00 0.000000000000000000e+00 8.604651162790697416e-01 0.000000000000000000e+00 1.000000000000000000e+00 0.000000000000000000e+00 7.751937984496123923e-02
0.000000000000000000e+00 0.000000000000000000e+00 1.001251564455569489e-02 1.126408010012515566e-02 0.000000000000000000e+00 0.000000000000000000e+00 1.376720901126408068e-02 1.000000000000000000e+00 0.000000000000000000e+00 6.858573216520650329e-01
