2.118644067796610075e-02 7.203389830508474811e-02 0.000000000000000000e+00 1.000000000000000000e+00 8.474576271186440649e-03 0.000000000000000000e+00 0.000000000000000000e+00 0.000000000000000000e+00 2.966101694915254314e-02 0.000000000000000000e+00 2.542372881355932368e-02 4.237288135593220324e-03 3.813559322033898552e-02 0.000000000000000000e+00 0.000000000000000000e+00 0.000000000000000000e+00 0.000000000000000000e+00 2.118644067796610075e-02 4.237288135593220324e-03 0.000000000000000000e+00 0.000000000000000000e+00 5.805084745762711940e-01
0.000000000000000000e+00 1.000000000000000000e+00 0.000000000000000000e+00 1.000000000000000000e+00 0.000000000000000000e+00 0.000000000000000000e+00 0.000000000000000000e+00 0.000000000000000000e+00 4.166666666666666852e-01 0.000000000000000000e+00 0.000000000000000000e+00 0.000000000000000000e+00 0.000000000000000000e+00 0.000000000000000000e+00 0.000000000000000000e+00 0.000000000000000000e+00 0.000000000000000000e+00 0.000000000000000000e+00 0.000000000000000000e+00 0.000000000000000000e+00 0.000000000000000000e+00 1.000000000000000000e+00
0.000000000000000000e+00 0.000000000000000000e+00 0.000000000000000000e+00 0.000000000000000000e+00 4.201680672268907381e-03 0.000000000000000000e+00 0.000000000000000000e+00 0.000000000000000000e+00 9.243697478991597105e-02 0.000000000000000000e+00 0.000000000000000000e+00 1.260504201680672301e-02 0.000000000000000000e+00 0.000000000000000000e+00 0.000000000000000000e+00 0.000000000000000000e+00 3.361344537815125905e-02 4.201680672268907901e-02 5.042016806722689204e-02 0.000000000000000000e+00 0.000000000000000000e+00 1.000000000000000000e+00
1.515151515151515194e-02 6.060606060606060774e-02 1.010101010101010187e-02 0.000000000000000000e+00 1.010101010101010187e-02 0.000000000000000000e+00 0.000000000000000000e+00 0.000000000000000000e+00 7.070707070707070441e-02 0.000000000000000000e+00 5.050505050505050934e-03 0.000000000000000000e+00 5.555555555555555247e-02 0.000000000000000000e+00 0.000000000000000000e+00 5.050505050505050934e-03 0.000000000000000000e+00 5.050505050505050414e-02 5.050505050505050934e-03 0.000000000000000000e+00 0.000000000000000000e+00 1.000000000000000000e+00
0.000000000000000000e+00 0.000000000000000000e+00 6.250000000000000000e-02 0.000000000000000000e+00 0.000000000000000000e+00 0.000000000000000000e+00 0.000000000000000000e+00 0.000000000000000000e+00 6.250000000000000000e-02 0.000000000000000000e+00 0.000000000000000000e+00 6.250000000000000000e-02 0.000000000000000000e+00 0.000000000000000000e+00 1.250000000000000000e-01 0.000000000000000000e+00 6.250000000000000000e-02 0.000000000000000000e+00 1.000000000000000000e+00 0.000000000000000000e+00 0.000000000000000000e+00 1.000000000000000000e+00
0.000000000000000000e+00 0.000000000000000000e+00 0.000000000000000000e+00 0.000000000000000000e+00 0.000000000000000000e+00 0.000000000000000000e+00 0.000000000000000000e+00 4.545454545454545581e-02 0.000000000000000000e+00 0.000000000000000000e+00 0.000000000000000000e+00 1.000000000000000000e+00 0.000000000000000000e+00 4.545454545454545581e-02 0.000000000000000000e+00 0.000000000000000000e+00 4.545454545454545303e-01 0.000000000000000000e+00 0.000000000000000000e+00 0.000000000000000000e+00 0.000000000000000000e+00 0.000000000000000000e+00
0.000000000000000000e+00 0.000000000000000000e+00 0.000000000000000000e+00 0.000000000000000000e+00 0.000000000000000000e+00 0.000000000000000000e+00 0.000000000000000000e+00 0.000000000000000000e+00 5.000000000000000000e-01 0.000000000000000000e+00 0.000000000000000000e+00 0.000000000000000000e+00 0.000000000000000000e+00 0.000000000000000000e+00 0.000000000000000000e+00 0.000000000000000000e+00 0.000000000000000000e+00 0.000000000000000000e+00 0.000000000000000000e+00 0.000000000000000000e+00 0.000000000000000000e+00 1.000000000000000000e+00
0.000000000000000000e+00 0.000000000000000000e+00 0.000000000000000000e+00 0.000000000000000000e+00 0.000000000000000000e+00 6.535947712418300852e-03 0.000000000000000000e+00 4.313725490196078649e-01 0.000000000000000000e+00 0.000000000000000000e+00 0.000000000000000000e+00 1.339869281045751592e-01 0.000000000000000000e+00 1.633986928104575256e-02 0.000000000000000000e+00 0.000000000000000000e+00 1.000000000000000000e+00 0.000000000000000000e+00 0.000000000000000000e+00 6.535947712418300852e-03 6.535947712418300852e-03 0.000000000000000000e+00
0.000000000000000000e+00 0.000000000000000000e+00 2.433090024330900394e-02 0.000000000000000000e+00 4.866180048661800615e-03 0.000000000000000000e+00 0.000000000000000000e+00 0.000000000000000000e+00 4.233576642335766249e-01 0.000000000000000000e+00 0.000000000000000000e+00 4.866180048661800615e-03 0.000000000000000000e+00 0.000000000000000000e+00 3.892944038929440492e-02 0.000000000000000000e+00 2.919708029197080196e-02 4.622871046228710368e-02 3.649635036496350071e-02 2.433090024330900308e-03 0.000000000000000000e+00 1.000000000000000000e+00
0.000000000000000000e+00 0.000000000000000000e+00 0.000000000000000000e+00 0.000000000000000000e+00 0.000000000000000000e+00 0.000000000000000000e+00 0.000000000000000000e+00 0.000000000000000000e+00 0.000000000000000000e+00 0.000000000000000000e+00 0.000000000000000000e+00 0.000000000000000000e+00 0.000000000000000000e+00 0.000000000000000000e+00 0.000000000000000000e+00 0.000000000000000000e+00 0.000000000000000000e+00 0.000000000000000000e+00 0.000000000000000000e+00 0.000000000000000000e+00 0.000000000000000000e+00 0.000000000000000000e+00
0.000000000000000000e+00 0.000000000000000000e+00 0.000000000000000000e+00 2.000000000000000111e-01 0.000000000000000000e+00 0.000000000000000000e+00 0.000000000000000000e+00 0.000000000000000000e+00 0.000000000000000000e+00 0.000000000000000000e+00 0.000000000000000000e+00 0.000000000000000000e+00 2.000000000000000111e-01 0.000000000000000000e+00 0.000000000000000000e+00 0.000000000000000000e+00 0.000000000000000000e+00 0.000000000000000000e+00 0.000000000000000000e+00 0.000000000000000000e+00 0.000000000000000000e+00 1.000000000000000000e+00
1.000000000000000000e+00 0.000000000000000000e+00 0.000000000000000000e+00 0.000000000000000000e+00 0.000000000000000000e+00 7.211538461538461939e-03 0.000000000000000000e+00 4.086538461538461592e-02 0.000000000000000000e+00 0.000000000000000000e+00 0.000000000000000000e+00 1.923076923076923184e-02 0.000000000000000000e+00 0.000000000000000000e+00 0.000000000000000000e+00 0.000000000000000000e+00 3.798076923076922906e-01 0.000000000000000000e+00 0.000000000000000000e+00 0.000000000000000000e+00 1.682692307692307612e-02 0.000000000000000000e+00
1.000000000000000056e-01 0.000000000000000000e+00 1.000000000000000056e-01 4.000000000000000222e-01 0.000000000000000000e+00 0.000000000000000000e+00 0.000000000000000000e+00 0.000000000000000000e+00 0.000000000000000000e+00 0.000000000000000000e+00 0.000000000000000000e+00 0.000000000000000000e+00 0.000000000000000000e+00 0.000000000000000000e+00 2.999999999999999889e-01 1.000000000000000000e+00 0.000000000000000000e+00 0.000000000000000000e+00 0.000000000000000000e+00 0.000000000000000000e+00 0.000000000000000000e+00 2.000000000000000111e-01
0.000000000000000000e+00 0.000000000000000000e+00 0.000000000000000000e+00 0.000000000000000000e+00 0.000000000000000000e+00 0.000000000000000000e+00 0.000000000000000000e+00 1.486988847583643053e-02 0.000000000000000000e+00 0.000000000000000000e+00 0.000000000000000000e+00 0.000000000000000000e+00 0.000000000000000000e+00 1.000000000000000000e+00 0.000000000000000000e+00 0.000000000000000000e+00 3.494423791821561487e-01 0.000000000000000000e+00 0.000000000000000000e+00 3.754646840148698761e-01 0.000000000000000000e+00 0.000000000000000000e+00
0.000000000000000000e+00 0.000000000000000000e+00 3.316412859560067816e-01 0.000000000000000000e+00 3.384094754653130168e-03 0.000000000000000000e+00 0.000000000000000000e+00 0.000000000000000000e+00 3.214890016920473464e-02 0.000000000000000000e+00 0.000000000000000000e+00 0.000000000000000000e+00 0.000000000000000000e+00 5.076142131979695035e-03 1.000000000000000000e+00 0.000000000000000000e+00 3.384094754653130168e-03 0.000000000000000000e+00 3.384094754653130168e-03 0.000000000000000000e+00 0.000000000000000000e+00 2.842639593908629636e-01
0.000000000000000000e+00 0.000000000000000000e+00 0.000000000000000000e+00 1.538461538461538547e-01 0.000000000000000000e+00 0.000000000000000000e+00 2.307692307692307820e-01 0.000000000000000000e+00 0.000000000000000000e+00 0.000000000000000000e+00 0.000000000000000000e+00 0.000000000000000000e+00 0.000000000000000000e+00 0.000000000000000000e+00 4.615384615384615641e-01 1.000000000000000000e+00 0.000000000000000000e+00 0.000000000000000000e+00 0.000000000000000000e+00 0.000000000000000000e+00 0.000000000000000000e+00 0.000000000000000000e+00
0.000000000000000000e+00 0.000000000000000000e+00 0.000000000000000000e+00 0.000000000000000000e+00 0.000000000000000000e+00 4.453441295546558404e-02 0.000000000000000000e+00 5.991902834008097090e-01 0.000000000000000000e+00 0.000000000000000000e+00 0.000000000000000000e+00 1.000000000000000000e+00 0.000000000000000000e+00 2.064777327935222728e-01 0.000000000000000000e+00 0.000000000000000000e+00 0.000000000000000000e+00 0.000000000000000000e+00 0.000000000000000000e+00 8.704453441295546823e-02 2.408906882591093090e-01 0.000000000000000000e+00
0.000000000000000000e+00 0.000000000000000000e+00 1.160220994475138073e-01 0.000000000000000000e+00 5.524861878453038444e-03 0.000000000000000000e+00 0.000000000000000000e+00 0.000000000000000000e+00 6.077348066298342288e-02 0.000000000000000000e+00 0.000000000000000000e+00 0.000000000000000000e+00 0.000000000000000000e+00 0.000000000000000000e+00 1.000000000000000000e+00 0.000000000000000000e+00 0.000000000000000000e+00 0.000000000000000000e+00 5.524861878453038444e-03 0.000000000000000000e+00 0.000000000000000000e+00 3.701657458563535896e-01
0.000000000000000000e+00 0.000000000000000000e+00 0.000000000000000000e+00 0.000000000000000000e+00 6.369426751592357008e-03 1.910828025477706929e-02 0.000000000000000000e+00 4.458598726114649385e-02 1.910828025477706929e-02 0.000000000000000000e+00 0.000000000000000000e+00 0.000000000000000000e+00 0.000000000000000000e+00 0.000000000000000000e+00 1.273885350318471402e-02 0.000000000000000000e+00 1.000000000000000000e+00 1.910828025477706929e-02 0.000000000000000000e+00 0.000000000000000000e+00 5.732484076433121134e-02 2.356687898089172006e-01
0.000000000000000000e+00 0.000000000000000000e+00 0.000000000000000000e+00 0.000000000000000000e+00 0.000000000000000000e+00 8.000000000000000167e-03 0.000000000000000000e+00 8.799999999999999489e-02 0.000000000000000000e+00 0.000000000000000000e+00 0.000000000000000000e+00 1.199999999999999956e-01 0.000000000000000000e+00 0.000000000000000000e+00 0.000000000000000000e+00 0.000000000000000000e+00 1.000000000000000000e+00 0.000000000000000000e+00 0.000000000000000000e+00 0.000000000000000000e+00 2.400000000000000050e-02 0.000000000000000000e+00
0.000000000000000000e+00 0.000000000000000000e+00 0.000000000000000000e+00 0.000000000000000000e+00 0.000000000000000000e+00 2.272727272727272790e-02 0.000000000000000000e+00 4.545454545454545581e-02 0.000000000000000000e+00 0.000000000000000000e+00 0.000000000000000000e+00 0.000000000000000000e+00 0.000000000000000000e+00 1.000000000000000000e+00 0.000000000000000000e+00 0.000000000000000000e+00 4.659090909090908839e-01 0.000000000000000000e+00 0.000000000000000000e+00 9.090909090909091161e-02 0.000000000000000000e+00 0.000000000000000000e+00
0.000000000000000000e+00 0.000000000000000000e+00 1.555555555555555580e-01 0.000000000000000000e+00 6.666666666666666574e-02 2.469135802469135752e-03 0.000000000000000000e+00 4.444444444444444614e-02 1.000000000000000000e+00 0.000000000000000000e+00 0.000000000000000000e+00 5.679012345679012447e-02 0.000000000000000000e+00 0.000000000000000000e+00 4.493827160493827355e-01 0.000000000000000000e+00 4.000000000000000222e-01 5.802469135802469369e-01 4.296296296296296391e-01 0.000000000000000000e+00 7.407407407407407690e-03 0.000000000000000000e+00
