0.000000000000000000e+00 0.000000000000000000e+00 0.000000000000000000e+00 0.000000000000000000e+00 1.029411764705882304e-01 0.000000000000000000e+00 9.264705882352941568e-01 1.000000000000000000e+00 0.000000000000000000e+00 1.617647058823529493e-01
1.000000000000000000e+00 0.000000000000000000e+00 0.000000000000000000e+00 0.000000000000000000e+00 0.000000000000000000e+00 0.000000000000000000e+00 0.000000000000000000e+00 0.000000000000000000e+00 7.449664429530201692e-01 0.000000000000000000e+00
0.000000000000000000e+00 4.710144927536231985e-02 6.177536231884057649e-01 0.000000000000000000e+00 0.000000000000000000e+00 1.000000000000000000e+00 0.000000000000000000e+00 0.000000000000000000e+00 0.000000000000000000e+00 0.000000000000000000e+00
0.000000000000000000e+00 0.000000000000000000e+00 0.000000000000000000e+00 0.000000000000000000e+00 0.000000000000000000e+00 0.000000000000000000e+00 0.000000000000000000e+00 0.000000000000000000e+00 0.000000000000000000e+00 0.000000000000000000e+00
0.000000000000000000e+00 0.000000000000000000e+00 0.000000000000000000e+00 0.000000000000000000e+00 9.333333333333333481e-01 0.000000000000000000e+00 2.000000000000000111e-01 1.000000000000000000e+00 0.000000000000000000e+00 1.333333333333333315e-01
0.000000000000000000e+00 4.205776173285198372e-01 1.000000000000000000e+00 0.000000000000000000e+00 0.000000000000000000e+00 0.000000000000000000e+00 0.000000000000000000e+00 0.000000000000000000e+00 0.000000000000000000e+00 0.000000000000000000e+00
0.000000000000000000e+00 1.293661060802069962e-03 2.199223803363518914e-02 0.000000000000000000e+00 0.000000000000000000e+00 2.846054333764553856e-01 0.000000000000000000e+00 0.000000000000000000e+00 0.000000000000000000e+00 1.000000000000000000e+00
0.000000000000000000e+00 0.000000000000000000e+00 0.000000000000000000e+00 0.000000000000000000e+00 1.969696969696969613e-01 0.000000000000000000e+00 1.000000000000000000e+00 0.000000000000000000e+00 0.000000000000000000e+00 6.060606060606060774e-02
0.000000000000000000e+00 0.000000000000000000e+00 0.000000000000000000e+00 0.000000000000000000e+00 0.000000000000000000e+00 0.000000000000000000e+00 1.000000000000000000e+00 0.000000000000000000e+00 0.000000000000000000e+00 7.692307692307692735e-02
0.000000000000000000e+00 1.290322580645161289e-03 9.032258064516129892e-03 0.000000000000000000e+00 0.000000000000000000e+00 1.935483870967742021e-02 1.000000000000000000e+00 0.000000000000000000e+00 0.000000000000000000e+00 6.270967741935483675e-01
