5.877862595419847125e-01 0.000000000000000000e+00 0.000000000000000000e+00 0.000000000000000000e+00 5.190839694656488312e-01 0.000000000000000000e+00 0.000000000000000000e+00 1.000000000000000000e+00 0.000000000000000000e+00 0.000000000000000000e+00 0.000000000000000000e+00 0.000000000000000000e+00 5.343511450381679267e-02
0.000000000000000000e+00 6.084507042253520792e-01 4.788732394366197048e-02 0.000000000000000000e+00 0.000000000000000000e+00 0.000000000000000000e+00 1.000000000000000000e+00 0.000000000000000000e+00 0.000000000000000000e+00 1.830985915492957736e-02 2.394366197183098524e-02 2.676056338028168918e-02 0.000000000000000000e+00
0.000000000000000000e+00 0.000000000000000000e+00 0.000000000000000000e+00 0.000000000000000000e+00 0.000000000000000000e+00 0.000000000000000000e+00 0.000000000000000000e+00 0.000000000000000000e+00 1.000000000000000000e+00 0.000000000000000000e+00 0.000000000000000000e+00 0.000000000000000000e+00 0.000000000000000000e+00
4.642857142857143016e-01 0.000000000000000000e+00 0.000000000000000000e+00 0.000000000000000000e+00 2.023809523809523836e-01 0.000000000000000000e+00 2.976190476190476025e-02 1.000000000000000000e+00 0.000000000000000000e+00 5.952380952380952051e-03 5.952380952380952051e-03 0.000000000000000000e+00 7.142857142857142461e-02
0.000000000000000000e+00 4.065040650406504495e-03 0.000000000000000000e+00 2.032520325203251987e-02 0.000000000000000000e+00 0.000000000000000000e+00 3.252032520325203596e-02 1.000000000000000000e+00 0.000000000000000000e+00 0.000000000000000000e+00 0.000000000000000000e+00 4.065040650406504495e-03 7.317073170731706877e-02
0.000000000000000000e+00 0.000000000000000000e+00 0.000000000000000000e+00 0.000000000000000000e+00 0.000000000000000000e+00 0.000000000000000000e+00 0.000000000000000000e+00 0.000000000000000000e+00 0.000000000000000000e+00 0.000000000000000000e+00 0.000000000000000000e+00 0.000000000000000000e+00 0.000000000000000000e+00
0.000000000000000000e+00 1.000000000000000000e+00 3.191196698762035489e-01 0.000000000000000000e+00 0.000000000000000000e+00 0.000000000000000000e+00 0.000000000000000000e+00 0.000000000000000000e+00 0.000000000000000000e+00 2.132049518569463509e-01 1.994497936726272458e-01 2.751031636863823793e-01 0.000000000000000000e+00
1.719197707736389580e-01 1.575931232091690518e-02 0.000000000000000000e+00 3.796561604584527405e-01 2.363896848137535811e-01 0.000000000000000000e+00 3.008595988538682042e-01 0.000000000000000000e+00 0.000000000000000000e+00 4.297994269340974297e-03 2.865329512893982720e-03 1.432664756446991490e-02 1.000000000000000000e+00
0.000000000000000000e+00 4.184100418410041482e-03 0.000000000000000000e+00 2.928870292887029297e-02 0.000000000000000000e+00 0.000000000000000000e+00 0.000000000000000000e+00 1.000000000000000000e+00 0.000000000000000000e+00 0.000000000000000000e+00 0.000000000000000000e+00 0.000000000000000000e+00 1.213389121338912108e-01
0.000000000000000000e+00 8.296943231441047950e-02 3.930131004366812369e-02 0.000000000000000000e+00 0.000000000000000000e+00 0.000000000000000000e+00 1.000000000000000000e+00 0.000000000000000000e+00 0.000000000000000000e+00 0.000000000000000000e+00 0.000000000000000000e+00 3.056768558951964906e-02 0.000000000000000000e+00
0.000000000000000000e+00 8.333333333333332871e-02 0.000000000000000000e+00 0.000000000000000000e+00 0.000000000000000000e+00 0.000000000000000000e+00 1.000000000000000000e+00 0.000000000000000000e+00 0.000000000000000000e+00 5.454545454545454142e-01 5.757575757575758013e-01 0.000000000000000000e+00 0.000000000000000000e+00
0.000000000000000000e+00 1.052631578947368363e-01 0.000000000000000000e+00 0.000000000000000000e+00 0.000000000000000000e+00 0.000000000000000000e+00 1.000000000000000000e+00 0.000000000000000000e+00 0.000000000000000000e+00 1.250000000000000000e-01 3.289473684210526550e-01 0.000000000000000000e+00 0.000000000000000000e+00
1.142857142857142856e-02 1.000000000000000021e-02 1.428571428571428570e-03 3.142857142857143071e-02 1.714285714285714371e-02 0.000000000000000000e+00 1.857142857142857206e-02 1.000000000000000000e+00 0.000000000000000000e+00 1.428571428571428570e-03 0.000000000000000000e+00 0.000000000000000000e+00 6.128571428571428781e-01
