0.000000000000000000e+00 0.000000000000000000e+00 0.000000000000000000e+00 0.000000000000000000e+00 1.666666666666666574e-01 0.000000000000000000e+00 0.000000000000000000e+00 0.000000000000000000e+00 0.000000000000000000e+00 0.000000000000000000e+00 0.000000000000000000e+00 0.000000000000000000e+00 0.000000000000000000e+00 0.000000000000000000e+00 0.000000000000000000e+00 1.000000000000000000e+00
0.000000000000000000e+00 7.216148023549201485e-01 4.289318755256518040e-02 0.000000000000000000e+00 0.000000000000000000e+00 0.000000000000000000e+00 0.000000000000000000e+00 0.000000000000000000e+00 1.000000000000000000e+00 0.000000000000000000e+00 0.000000000000000000e+00 1.261564339781328856e-02 8.410428931875525271e-04 1.597981497056349953e-02 1.850294365012615516e-02 0.000000000000000000e+00
2.364864864864864996e-02 4.054054054054054279e-02 6.756756756756757132e-03 0.000000000000000000e+00 0.000000000000000000e+00 0.000000000000000000e+00 0.000000000000000000e+00 0.000000000000000000e+00 2.094594594594594572e-01 0.000000000000000000e+00 1.000000000000000000e+00 3.378378378378378566e-03 0.000000000000000000e+00 3.378378378378378566e-03 3.378378378378378566e-03 0.000000000000000000e+00
0.000000000000000000e+00 0.000000000000000000e+00 0.000000000000000000e+00 0.000000000000000000e+00 6.355932203389830226e-02 0.000000000000000000e+00 1.271186440677966045e-01 0.000000000000000000e+00 4.237288135593220324e-03 3.093220338983050932e-01 0.000000000000000000e+00 0.000000000000000000e+00 0.000000000000000000e+00 0.000000000000000000e+00 0.000000000000000000e+00 1.000000000000000000e+00
0.000000000000000000e+00 7.235890014471779491e-04 0.000000000000000000e+00 1.881331403762662863e-02 7.293777134587554611e-01 1.519536903039073877e-02 6.512301013024602084e-03 0.000000000000000000e+00 1.013024602026049194e-02 1.374819102749638179e-02 0.000000000000000000e+00 0.000000000000000000e+00 0.000000000000000000e+00 0.000000000000000000e+00 7.235890014471779491e-04 1.000000000000000000e+00
0.000000000000000000e+00 1.530612244897959218e-01 0.000000000000000000e+00 3.061224489795918297e-02 1.020408163265306041e-02 0.000000000000000000e+00 0.000000000000000000e+00 0.000000000000000000e+00 1.000000000000000000e+00 0.000000000000000000e+00 0.000000000000000000e+00 0.000000000000000000e+00 1.020408163265306041e-02 0.000000000000000000e+00 7.142857142857142461e-02 4.795918367346938549e-01
0.000000000000000000e+00 0.000000000000000000e+00 0.000000000000000000e+00 3.754266211604095904e-02 9.897610921501706627e-02 2.047781569965870241e-02 0.000000000000000000e+00 0.000000000000000000e+00 1.365187713310580218e-02 0.000000000000000000e+00 0.000000000000000000e+00 0.000000000000000000e+00 0.000000000000000000e+00 0.000000000000000000e+00 0.000000000000000000e+00 1.000000000000000000e+00
0.000000000000000000e+00 0.000000000000000000e+00 0.000000000000000000e+00 0.000000000000000000e+00 0.000000000000000000e+00 0.000000000000000000e+00 0.000000000000000000e+00 0.000000000000000000e+00 0.000000000000000000e+00 0.000000000000000000e+00 0.000000000000000000e+00 0.000000000000000000e+00 0.000000000000000000e+00 0.000000000000000000e+00 0.000000000000000000e+00 0.000000000000000000e+00
0.000000000000000000e+00 1.000000000000000000e+00 2.572373862696443192e-01 0.000000000000000000e+00 0.000000000000000000e+00 0.000000000000000000e+00 0.000000000000000000e+00 0.000000000000000000e+00 0.000000000000000000e+00 0.000000000000000000e+00 0.000000000000000000e+00 1.323407775020678245e-01 8.271298593879239033e-03 1.273779983457402898e-01 1.497105045492142239e-01 0.000000000000000000e+00
0.000000000000000000e+00 0.000000000000000000e+00 0.000000000000000000e+00 0.000000000000000000e+00 6.827309236947791404e-02 0.000000000000000000e+00 2.489959839357429594e-01 0.000000000000000000e+00 1.204819277108433798e-02 4.297188755020080464e-01 0.000000000000000000e+00 0.000000000000000000e+00 0.000000000000000000e+00 4.016064257028112081e-03 0.000000000000000000e+00 1.000000000000000000e+00
0.000000000000000000e+00 0.000000000000000000e+00 0.000000000000000000e+00 3.041825095057034203e-02 1.216730038022813681e-01 1.520912547528517102e-02 0.000000000000000000e+00 0.000000000000000000e+00 0.000000000000000000e+00 0.000000000000000000e+00 0.000000000000000000e+00 0.000000000000000000e+00 0.000000000000000000e+00 0.000000000000000000e+00 0.000000000000000000e+00 1.000000000000000000e+00
0.000000000000000000e+00 1.057692307692307682e-01 3.846153846153846367e-02 0.000000000000000000e+00 0.000000000000000000e+00 0.000000000000000000e+00 0.000000000000000000e+00 0.000000000000000000e+00 1.000000000000000000e+00 0.000000000000000000e+00 0.000000000000000000e+00 0.000000000000000000e+00 0.000000000000000000e+00 0.000000000000000000e+00 2.884615384615384776e-02 0.000000000000000000e+00
0.000000000000000000e+00 1.666666666666666574e-01 1.000000000000000000e+00 0.000000000000000000e+00 0.000000000000000000e+00 0.000000000000000000e+00 0.000000000000000000e+00 0.000000000000000000e+00 8.333333333333333703e-01 0.000000000000000000e+00 0.000000000000000000e+00 0.000000000000000000e+00 0.000000000000000000e+00 0.000000000000000000e+00 0.000000000000000000e+00 0.000000000000000000e+00
0.000000000000000000e+00 1.144578313253011986e-01 0.000000000000000000e+00 0.000000000000000000e+00 0.000000000000000000e+00 0.000000000000000000e+00 0.000000000000000000e+00 0.000000000000000000e+00 1.000000000000000000e+00 0.000000000000000000e+00 0.000000000000000000e+00 2.951807228915662717e-01 0.000000000000000000e+00 5.180722891566265087e-01 0.000000000000000000e+00 0.000000000000000000e+00
0.000000000000000000e+00 7.971014492753622505e-02 0.000000000000000000e+00 0.000000000000000000e+00 0.000000000000000000e+00 0.000000000000000000e+00 0.000000000000000000e+00 0.000000000000000000e+00 1.000000000000000000e+00 0.000000000000000000e+00 0.000000000000000000e+00 1.304347826086956486e-01 0.000000000000000000e+00 4.057971014492753881e-01 0.000000000000000000e+00 0.000000000000000000e+00
0.000000000000000000e+00 5.079825834542815548e-03 3.628447024673439863e-03 2.227866473149492099e-01 1.000000000000000000e+00 1.023222060957909990e-01 1.756168359941944757e-01 0.000000000000000000e+00 9.941944847605224678e-02 1.741654571843251065e-01 7.256894049346879726e-03 7.256894049346879509e-04 0.000000000000000000e+00 2.177068214804063744e-03 3.628447024673439863e-03 0.000000000000000000e+00
