0.000000000000000000e+00 0.000000000000000000e+00 0.000000000000000000e+00 0.000000000000000000e+00 0.000000000000000000e+00 3.225806451612903136e-02 6.451612903225806273e-02 0.000000000000000000e+00 0.000000000000000000e+00 0.000000000000000000e+00 6.451612903225806273e-02 1.612903225806451568e-01 0.000000000000000000e+00 1.612903225806451568e-01 0.000000000000000000e+00 1.000000000000000000e+00 0.000000000000000000e+00 0.000000000000000000e+00 0.000000000000000000e+00
0.000000000000000000e+00 0.000000000000000000e+00 0.000000000000000000e+00 0.000000000000000000e+00 0.000000000000000000e+00 0.000000000000000000e+00 0.000000000000000000e+00 0.000000000000000000e+00 0.000000000000000000e+00 0.000000000000000000e+00 0.000000000000000000e+00 0.000000000000000000e+00 0.000000000000000000e+00 0.000000000000000000e+00 0.000000000000000000e+00 0.000000000000000000e+00 0.000000000000000000e+00 0.000000000000000000e+00 0.000000000000000000e+00
0.000000000000000000e+00 0.000000000000000000e+00 0.000000000000000000e+00 0.000000000000000000e+00 0.000000000000000000e+00 0.000000000000000000e+00 3.717472118959107633e-03 0.000000000000000000e+00 0.000000000000000000e+00 0.000000000000000000e+00 8.921933085501858318e-02 2.973977695167286106e-02 0.000000000000000000e+00 7.434944237918215265e-03 0.000000000000000000e+00 1.000000000000000000e+00 0.000000000000000000e+00 0.000000000000000000e+00 0.000000000000000000e+00
3.214285714285714524e-01 0.000000000000000000e+00 0.000000000000000000e+00 1.000000000000000000e+00 0.000000000000000000e+00 0.000000000000000000e+00 0.000000000000000000e+00 0.000000000000000000e+00 0.000000000000000000e+00 3.571428571428571230e-02 5.357142857142856845e-02 0.000000000000000000e+00 0.000000000000000000e+00 3.571428571428571230e-02 0.000000000000000000e+00 7.142857142857143016e-01 0.000000000000000000e+00 7.142857142857142461e-02 0.000000000000000000e+00
0.000000000000000000e+00 0.000000000000000000e+00 1.000000000000000000e+00 0.000000000000000000e+00 0.000000000000000000e+00 0.000000000000000000e+00 0.000000000000000000e+00 3.300330033003300370e-03 0.000000000000000000e+00 0.000000000000000000e+00 0.000000000000000000e+00 0.000000000000000000e+00 6.930693069306931298e-02 0.000000000000000000e+00 0.000000000000000000e+00 0.000000000000000000e+00 3.300330033003300370e-03 0.000000000000000000e+00 6.600660066006600740e-03
0.000000000000000000e+00 0.000000000000000000e+00 0.000000000000000000e+00 0.000000000000000000e+00 0.000000000000000000e+00 0.000000000000000000e+00 1.034482758620689641e-01 0.000000000000000000e+00 0.000000000000000000e+00 1.133004926108374388e-01 0.000000000000000000e+00 0.000000000000000000e+00 4.926108374384236509e-03 1.000000000000000000e+00 0.000000000000000000e+00 0.000000000000000000e+00 4.926108374384236509e-03 5.615763546798029360e-01 0.000000000000000000e+00
0.000000000000000000e+00 0.000000000000000000e+00 0.000000000000000000e+00 0.000000000000000000e+00 0.000000000000000000e+00 2.195121951219512063e-02 6.097560975609755962e-01 1.219512195121951218e-03 1.707317073170731836e-02 1.951219512195121950e-02 0.000000000000000000e+00 0.000000000000000000e+00 1.585365853658536606e-02 1.000000000000000000e+00 0.000000000000000000e+00 0.000000000000000000e+00 0.000000000000000000e+00 2.804878048780487867e-02 2.439024390243902437e-03
0.000000000000000000e+00 0.000000000000000000e+00 0.000000000000000000e+00 0.000000000000000000e+00 0.000000000000000000e+00 0.000000000000000000e+00 0.000000000000000000e+00 0.000000000000000000e+00 0.000000000000000000e+00 0.000000000000000000e+00 0.000000000000000000e+00 0.000000000000000000e+00 1.000000000000000000e+00 0.000000000000000000e+00 1.505376344086021556e-01 0.000000000000000000e+00 6.666666666666666297e-01 0.000000000000000000e+00 8.602150537634409289e-02
0.000000000000000000e+00 0.000000000000000000e+00 0.000000000000000000e+00 0.000000000000000000e+00 0.000000000000000000e+00 5.769230769230769551e-02 1.250000000000000000e-01 1.923076923076923184e-02 0.000000000000000000e+00 0.000000000000000000e+00 0.000000000000000000e+00 0.000000000000000000e+00 7.115384615384615641e-01 1.000000000000000000e+00 0.000000000000000000e+00 0.000000000000000000e+00 0.000000000000000000e+00 0.000000000000000000e+00 9.615384615384615918e-02
0.000000000000000000e+00 0.000000000000000000e+00 0.000000000000000000e+00 0.000000000000000000e+00 0.000000000000000000e+00 3.363914373088684739e-02 1.009174311926605561e-01 0.000000000000000000e+00 1.223241590214067288e-02 0.000000000000000000e+00 0.000000000000000000e+00 0.000000000000000000e+00 2.446483180428134577e-02 1.000000000000000000e+00 0.000000000000000000e+00 0.000000000000000000e+00 0.000000000000000000e+00 0.000000000000000000e+00 0.000000000000000000e+00
1.075268817204301161e-02 0.000000000000000000e+00 0.000000000000000000e+00 3.763440860215053890e-02 0.000000000000000000e+00 0.000000000000000000e+00 1.612903225806451568e-02 0.000000000000000000e+00 0.000000000000000000e+00 5.376344086021505805e-03 5.268817204301075030e-01 2.688172043010752729e-02 0.000000000000000000e+00 6.451612903225806273e-02 0.000000000000000000e+00 1.000000000000000000e+00 0.000000000000000000e+00 5.376344086021505805e-03 0.000000000000000000e+00
2.000000000000000111e-01 0.000000000000000000e+00 0.000000000000000000e+00 5.000000000000000000e-01 0.000000000000000000e+00 0.000000000000000000e+00 2.500000000000000139e-02 0.000000000000000000e+00 0.000000000000000000e+00 0.000000000000000000e+00 2.000000000000000111e-01 0.000000000000000000e+00 0.000000000000000000e+00 7.499999999999999722e-02 0.000000000000000000e+00 1.000000000000000000e+00 0.000000000000000000e+00 0.000000000000000000e+00 0.000000000000000000e+00
0.000000000000000000e+00 0.000000000000000000e+00 0.000000000000000000e+00 0.000000000000000000e+00 5.209125475285171225e-01 0.000000000000000000e+00 0.000000000000000000e+00 2.775665399239543585e-01 0.000000000000000000e+00 0.000000000000000000e+00 0.000000000000000000e+00 0.000000000000000000e+00 0.000000000000000000e+00 0.000000000000000000e+00 1.996197718631178841e-01 0.000000000000000000e+00 2.813688212927756838e-01 0.000000000000000000e+00 1.000000000000000000e+00
0.000000000000000000e+00 0.000000000000000000e+00 0.000000000000000000e+00 0.000000000000000000e+00 8.750000000000000833e-03 4.000000000000000222e-01 1.000000000000000000e+00 7.499999999999999722e-03 2.387499999999999900e-01 2.525000000000000022e-01 0.000000000000000000e+00 0.000000000000000000e+00 1.900000000000000022e-01 0.000000000000000000e+00 2.500000000000000052e-03 0.000000000000000000e+00 3.749999999999999861e-03 3.137499999999999734e-01 2.375000000000000028e-02
0.000000000000000000e+00 0.000000000000000000e+00 0.000000000000000000e+00 0.000000000000000000e+00 7.558139534883720478e-02 0.000000000000000000e+00 0.000000000000000000e+00 5.232558139534883995e-02 0.000000000000000000e+00 0.000000000000000000e+00 0.000000000000000000e+00 0.000000000000000000e+00 1.000000000000000000e+00 0.000000000000000000e+00 0.000000000000000000e+00 0.000000000000000000e+00 0.000000000000000000e+00 0.000000000000000000e+00 6.395348837209302584e-02
7.692307692307692735e-02 0.000000000000000000e+00 0.000000000000000000e+00 1.794871794871794879e-01 0.000000000000000000e+00 2.991452991452991581e-02 7.264957264957265515e-02 0.000000000000000000e+00 0.000000000000000000e+00 1.709401709401709574e-02 7.692307692307692735e-01 2.649572649572649596e-01 0.000000000000000000e+00 1.000000000000000000e+00 0.000000000000000000e+00 0.000000000000000000e+00 0.000000000000000000e+00 8.547008547008547868e-03 0.000000000000000000e+00
0.000000000000000000e+00 0.000000000000000000e+00 0.000000000000000000e+00 0.000000000000000000e+00 0.000000000000000000e+00 0.000000000000000000e+00 0.000000000000000000e+00 0.000000000000000000e+00 0.000000000000000000e+00 0.000000000000000000e+00 0.000000000000000000e+00 0.000000000000000000e+00 1.000000000000000000e+00 0.000000000000000000e+00 4.932432432432432567e-01 0.000000000000000000e+00 6.689189189189189699e-01 0.000000000000000000e+00 6.756756756756757132e-02
0.000000000000000000e+00 0.000000000000000000e+00 0.000000000000000000e+00 0.000000000000000000e+00 0.000000000000000000e+00 0.000000000000000000e+00 6.639004149377593367e-02 0.000000000000000000e+00 0.000000000000000000e+00 5.601659751037344481e-01 0.000000000000000000e+00 0.000000000000000000e+00 4.149377593360995854e-03 1.000000000000000000e+00 0.000000000000000000e+00 0.000000000000000000e+00 8.298755186721991708e-03 9.460580912863070235e-01 0.000000000000000000e+00
0.000000000000000000e+00 0.000000000000000000e+00 0.000000000000000000e+00 0.000000000000000000e+00 6.782945736434108086e-02 0.000000000000000000e+00 0.000000000000000000e+00 2.325581395348837177e-02 0.000000000000000000e+00 0.000000000000000000e+00 0.000000000000000000e+00 0.000000000000000000e+00 1.000000000000000000e+00 0.000000000000000000e+00 2.131782945736434079e-02 0.000000000000000000e+00 2.713178294573643373e-02 0.000000000000000000e+00 6.608527131782945263e-01
