1.000000000000000000e+00 0.000000000000000000e+00 8.130081300813008123e-04 0.000000000000000000e+00 0.000000000000000000e+00 0.000000000000000000e+00 4.471544715447154511e-02 0.000000000000000000e+00 0.000000000000000000e+00 9.105691056910569792e-02 0.000000000000000000e+00 0.000000000000000000e+00 2.439024390243902437e-03 0.000000000000000000e+00 8.130081300813008990e-03
0.000000000000000000e+00 2.925170068027210801e-01 1.326530612244898044e-01 0.000000000000000000e+00 0.000000000000000000e+00 0.000000000000000000e+00 0.000000000000000000e+00 0.000000000000000000e+00 1.000000000000000000e+00 0.000000000000000000e+00 0.000000000000000000e+00 3.401360544217686948e-03 1.700680272108843691e-02 0.000000000000000000e+00 0.000000000000000000e+00
0.000000000000000000e+00 2.310231023102310086e-02 1.320132013201320148e-02 0.000000000000000000e+00 0.000000000000000000e+00 0.000000000000000000e+00 0.000000000000000000e+00 0.000000000000000000e+00 2.046204620462046264e-01 0.000000000000000000e+00 0.000000000000000000e+00 3.300330033003300370e-03 3.300330033003300370e-03 1.000000000000000000e+00 0.000000000000000000e+00
1.000000000000000000e+00 0.000000000000000000e+00 0.000000000000000000e+00 0.000000000000000000e+00 0.000000000000000000e+00 0.000000000000000000e+00 0.000000000000000000e+00 0.000000000000000000e+00 0.000000000000000000e+00 1.129032258064516098e-01 0.000000000000000000e+00 0.000000000000000000e+00 0.000000000000000000e+00 0.000000000000000000e+00 0.000000000000000000e+00
0.000000000000000000e+00 0.000000000000000000e+00 0.000000000000000000e+00 0.000000000000000000e+00 0.000000000000000000e+00 0.000000000000000000e+00 0.000000000000000000e+00 0.000000000000000000e+00 1.428571428571428492e-01 0.000000000000000000e+00 0.000000000000000000e+00 0.000000000000000000e+00 1.000000000000000000e+00 0.000000000000000000e+00 0.000000000000000000e+00
0.000000000000000000e+00 1.025641025641025605e-01 0.000000000000000000e+00 0.000000000000000000e+00 1.709401709401709574e-02 0.000000000000000000e+00 0.000000000000000000e+00 0.000000000000000000e+00 8.461538461538461453e-01 1.000000000000000000e+00 0.000000000000000000e+00 2.564102564102564014e-02 0.000000000000000000e+00 8.547008547008547868e-03 3.418803418803419147e-02
0.000000000000000000e+00 0.000000000000000000e+00 0.000000000000000000e+00 3.703703703703703498e-02 0.000000000000000000e+00 3.703703703703703498e-02 0.000000000000000000e+00 0.000000000000000000e+00 5.555555555555555247e-02 1.000000000000000000e+00 0.000000000000000000e+00 0.000000000000000000e+00 0.000000000000000000e+00 1.851851851851851749e-02 7.407407407407406996e-02
0.000000000000000000e+00 0.000000000000000000e+00 0.000000000000000000e+00 0.000000000000000000e+00 0.000000000000000000e+00 0.000000000000000000e+00 0.000000000000000000e+00 0.000000000000000000e+00 0.000000000000000000e+00 0.000000000000000000e+00 0.000000000000000000e+00 0.000000000000000000e+00 0.000000000000000000e+00 0.000000000000000000e+00 0.000000000000000000e+00
0.000000000000000000e+00 9.606557377049180779e-01 1.000000000000000000e+00 0.000000000000000000e+00 8.852459016393442182e-02 0.000000000000000000e+00 0.000000000000000000e+00 0.000000000000000000e+00 0.000000000000000000e+00 0.000000000000000000e+00 1.967213114754098532e-02 7.213114754098361170e-02 1.901639344262295028e-01 0.000000000000000000e+00 0.000000000000000000e+00
3.460317460317460236e-01 3.492063492063492147e-02 3.174603174603174427e-02 1.873015873015873023e-01 6.349206349206349201e-03 5.904761904761904878e-01 3.492063492063492147e-02 0.000000000000000000e+00 4.444444444444444198e-01 0.000000000000000000e+00 0.000000000000000000e+00 6.349206349206349201e-03 3.174603174603174600e-03 1.079365079365079416e-01 1.000000000000000000e+00
0.000000000000000000e+00 1.666666666666666574e-01 1.000000000000000056e-01 0.000000000000000000e+00 3.333333333333333287e-02 0.000000000000000000e+00 0.000000000000000000e+00 0.000000000000000000e+00 1.000000000000000000e+00 0.000000000000000000e+00 0.000000000000000000e+00 0.000000000000000000e+00 0.000000000000000000e+00 0.000000000000000000e+00 0.000000000000000000e+00
0.000000000000000000e+00 2.352941176470588203e-01 1.000000000000000000e+00 0.000000000000000000e+00 0.000000000000000000e+00 0.000000000000000000e+00 0.000000000000000000e+00 0.000000000000000000e+00 4.705882352941176405e-01 0.000000000000000000e+00 0.000000000000000000e+00 0.000000000000000000e+00 5.882352941176470507e-02 0.000000000000000000e+00 0.000000000000000000e+00
0.000000000000000000e+00 1.005025125628140718e-02 0.000000000000000000e+00 0.000000000000000000e+00 0.000000000000000000e+00 0.000000000000000000e+00 0.000000000000000000e+00 0.000000000000000000e+00 9.547738693467336391e-02 0.000000000000000000e+00 5.527638190954774211e-02 1.675041876046901197e-03 1.000000000000000000e+00 0.000000000000000000e+00 0.000000000000000000e+00
0.000000000000000000e+00 0.000000000000000000e+00 0.000000000000000000e+00 2.097902097902097987e-02 0.000000000000000000e+00 9.090909090909091161e-02 0.000000000000000000e+00 0.000000000000000000e+00 3.496503496503496500e-03 1.000000000000000000e+00 0.000000000000000000e+00 0.000000000000000000e+00 0.000000000000000000e+00 1.748251748251748380e-02 7.692307692307692735e-02
3.289473684210526133e-02 3.289473684210526133e-03 0.000000000000000000e+00 6.578947368421052266e-03 0.000000000000000000e+00 7.894736842105262720e-02 0.000000000000000000e+00 0.000000000000000000e+00 4.276315789473684320e-02 1.000000000000000000e+00 0.000000000000000000e+00 0.000000000000000000e+00 0.000000000000000000e+00 3.289473684210526133e-03 3.618421052631579093e-01
