0.000000000000000000e+00 3.977272727272727071e-01 0.000000000000000000e+00 1.590909090909090884e-01 0.000000000000000000e+00 0.000000000000000000e+00 0.000000000000000000e+00 1.000000000000000000e+00 0.000000000000000000e+00 0.000000000000000000e+00 3.409090909090908839e-02 1.136363636363636395e-02 3.409090909090908839e-02 0.000000000000000000e+00 0.000000000000000000e+00
1.980198019801980222e-02 1.650165016501650012e-02 0.000000000000000000e+00 7.260726072607261161e-02 0.000000000000000000e+00 0.000000000000000000e+00 0.000000000000000000e+00 1.386138613861386260e-01 0.000000000000000000e+00 1.000000000000000000e+00 0.000000000000000000e+00 3.300330033003300370e-03 3.300330033003300370e-03 0.000000000000000000e+00 0.000000000000000000e+00
0.000000000000000000e+00 0.000000000000000000e+00 0.000000000000000000e+00 0.000000000000000000e+00 0.000000000000000000e+00 2.207207207207207145e-01 0.000000000000000000e+00 4.504504504504504465e-03 2.567567567567567433e-01 9.009009009009008931e-03 4.504504504504504465e-03 0.000000000000000000e+00 1.351351351351351426e-02 1.000000000000000000e+00 1.351351351351351426e-02
1.754385964912280604e-02 0.000000000000000000e+00 0.000000000000000000e+00 0.000000000000000000e+00 0.000000000000000000e+00 0.000000000000000000e+00 0.000000000000000000e+00 2.748538011695906280e-01 0.000000000000000000e+00 0.000000000000000000e+00 1.754385964912280604e-01 0.000000000000000000e+00 1.000000000000000000e+00 0.000000000000000000e+00 0.000000000000000000e+00
8.130081300813007950e-02 0.000000000000000000e+00 3.252032520325203596e-02 1.788617886178861804e-01 8.130081300813008990e-03 8.130081300813008990e-03 0.000000000000000000e+00 1.000000000000000000e+00 1.951219512195122019e-01 0.000000000000000000e+00 8.130081300813008990e-03 0.000000000000000000e+00 8.130081300813008990e-03 0.000000000000000000e+00 4.878048780487805047e-02
9.259259259259258745e-03 1.388888888888888812e-02 2.175925925925925875e-01 4.629629629629629373e-03 1.435185185185185175e-01 0.000000000000000000e+00 0.000000000000000000e+00 5.092592592592592310e-02 1.000000000000000000e+00 9.259259259259258745e-03 0.000000000000000000e+00 0.000000000000000000e+00 0.000000000000000000e+00 0.000000000000000000e+00 6.018518518518518184e-02
0.000000000000000000e+00 0.000000000000000000e+00 0.000000000000000000e+00 0.000000000000000000e+00 0.000000000000000000e+00 0.000000000000000000e+00 0.000000000000000000e+00 0.000000000000000000e+00 0.000000000000000000e+00 0.000000000000000000e+00 0.000000000000000000e+00 0.000000000000000000e+00 0.000000000000000000e+00 0.000000000000000000e+00 0.000000000000000000e+00
3.646209386281588638e-01 1.000000000000000000e+00 0.000000000000000000e+00 5.018050541516245744e-01 0.000000000000000000e+00 0.000000000000000000e+00 0.000000000000000000e+00 0.000000000000000000e+00 0.000000000000000000e+00 0.000000000000000000e+00 1.696750902527075777e-01 2.166064981949458387e-02 2.346570397111913397e-01 0.000000000000000000e+00 0.000000000000000000e+00
2.314814814814814686e-02 5.555555555555555247e-02 1.000000000000000000e+00 7.407407407407406996e-02 6.759259259259259300e-01 2.500000000000000000e-01 0.000000000000000000e+00 2.731481481481481399e-01 0.000000000000000000e+00 4.166666666666666435e-02 9.259259259259258745e-03 4.629629629629629373e-03 4.629629629629629373e-03 4.305555555555555802e-01 4.768518518518518601e-01
0.000000000000000000e+00 4.065040650406504495e-03 1.829268292682926789e-01 0.000000000000000000e+00 2.032520325203251987e-02 4.065040650406504495e-03 0.000000000000000000e+00 0.000000000000000000e+00 1.000000000000000000e+00 8.130081300813008990e-03 0.000000000000000000e+00 0.000000000000000000e+00 0.000000000000000000e+00 4.065040650406504495e-03 7.723577235772358107e-02
5.555555555555555247e-02 1.717171717171717127e-01 0.000000000000000000e+00 1.515151515151515194e-01 0.000000000000000000e+00 0.000000000000000000e+00 0.000000000000000000e+00 1.000000000000000000e+00 0.000000000000000000e+00 0.000000000000000000e+00 0.000000000000000000e+00 5.050505050505050934e-03 0.000000000000000000e+00 0.000000000000000000e+00 0.000000000000000000e+00
0.000000000000000000e+00 1.000000000000000000e+00 0.000000000000000000e+00 0.000000000000000000e+00 0.000000000000000000e+00 0.000000000000000000e+00 0.000000000000000000e+00 1.111111111111111049e-01 0.000000000000000000e+00 0.000000000000000000e+00 0.000000000000000000e+00 0.000000000000000000e+00 0.000000000000000000e+00 0.000000000000000000e+00 0.000000000000000000e+00
1.608579088471849897e-02 0.000000000000000000e+00 0.000000000000000000e+00 0.000000000000000000e+00 0.000000000000000000e+00 0.000000000000000000e+00 0.000000000000000000e+00 1.554959785522788129e-01 0.000000000000000000e+00 0.000000000000000000e+00 4.906166219839142029e-01 0.000000000000000000e+00 1.000000000000000000e+00 0.000000000000000000e+00 0.000000000000000000e+00
0.000000000000000000e+00 0.000000000000000000e+00 0.000000000000000000e+00 0.000000000000000000e+00 1.757469244288224850e-03 3.796133567662565711e-01 0.000000000000000000e+00 0.000000000000000000e+00 1.599297012302284826e-01 1.757469244288224850e-03 1.230228471001757438e-02 0.000000000000000000e+00 3.514938488576449700e-03 1.000000000000000000e+00 1.230228471001757438e-02
0.000000000000000000e+00 6.024096385542168641e-02 3.132530120481927804e-01 8.433734939759035543e-02 1.084337349397590383e-01 6.024096385542168641e-02 0.000000000000000000e+00 8.433734939759035543e-02 1.000000000000000000e+00 0.000000000000000000e+00 0.000000000000000000e+00 0.000000000000000000e+00 0.000000000000000000e+00 1.084337349397590383e-01 0.000000000000000000e+00
