0.000000000000000000e+00 0.000000000000000000e+00 0.000000000000000000e+00 0.000000000000000000e+00 1.125000000000000028e-01 0.000000000000000000e+00 9.499999999999999556e-01 1.000000000000000000e+00 0.000000000000000000e+00 1.000000000000000056e-01
1.000000000000000000e+00 0.000000000000000000e+00 0.000000000000000000e+00 0.000000000000000000e+00 0.000000000000000000e+00 0.000000000000000000e+00 0.000000000000000000e+00 0.000000000000000000e+00 7.514450867052022698e-01 0.000000000000000000e+00
0.000000000000000000e+00 4.408352668213456893e-02 7.064965197215776760e-01 0.000000000000000000e+00 0.000000000000000000e+00 1.000000000000000000e+00 0.000000000000000000e+00 0.000000000000000000e+00 0.000000000000000000e+00 0.000000000000000000e+00
0.000000000000000000e+00 0.000000000000000000e+00 0.000000000000000000e+00 0.000000000000000000e+00 0.000000000000000000e+00 0.000000000000000000e+00 0.000000000000000000e+00 0.000000000000000000e+00 0.000000000000000000e+00 0.000000000000000000e+00
0.000000000000000000e+00 0.000000000000000000e+00 0.000000000000000000e+00 0.000000000000000000e+00 1.428571428571428492e-01 0.000000000000000000e+00 7.142857142857143016e-01 1.000000000000000000e+00 0.000000000000000000e+00 2.857142857142856984e-01
0.000000000000000000e+00 3.064516129032258118e-01 1.000000000000000000e+00 0.000000000000000000e+00 0.000000000000000000e+00 0.000000000000000000e+00 0.000000000000000000e+00 0.000000000000000000e+00 0.000000000000000000e+00 0.000000000000000000e+00
0.000000000000000000e+00 0.000000000000000000e+00 2.476780185758514080e-02 0.000000000000000000e+00 0.000000000000000000e+00 2.600619195046439680e-01 0.000000000000000000e+00 0.000000000000000000e+00 0.000000000000000000e+00 1.000000000000000000e+00
0.000000000000000000e+00 0.000000000000000000e+00 0.000000000000000000e+00 0.000000000000000000e+00 6.250000000000000000e-02 0.000000000000000000e+00 1.000000000000000000e+00 0.000000000000000000e+00 0.000000000000000000e+00 2.500000000000000139e-02
0.000000000000000000e+00 0.000000000000000000e+00 0.000000000000000000e+00 0.000000000000000000e+00 0.000000000000000000e+00 0.000000000000000000e+00 1.000000000000000000e+00 0.000000000000000000e+00 0.000000000000000000e+00 1.391304347826086973e-01
0.000000000000000000e+00 0.000000000000000000e+00 8.255933952528379111e-03 0.000000000000000000e+00 0.000000000000000000e+00 2.063983488132094951e-02 1.000000000000000000e+00 0.000000000000000000e+00 0.000000000000000000e+00 7.223942208462332815e-01
