0.000000000000000000e+00 0.000000000000000000e+00 0.000000000000000000e+00 0.000000000000000000e+00 0.000000000000000000e+00 7.438016528925620041e-02 0.000000000000000000e+00 4.545454545454545303e-01 1.000000000000000000e+00 8.264462809917355601e-03
1.000000000000000000e+00 0.000000000000000000e+00 2.162162162162162282e-02 0.000000000000000000e+00 0.000000000000000000e+00 0.000000000000000000e+00 3.567567567567567766e-01 0.000000000000000000e+00 0.000000000000000000e+00 0.000000000000000000e+00
0.000000000000000000e+00 1.273885350318471332e-01 4.140127388535032038e-01 0.000000000000000000e+00 0.000000000000000000e+00 0.000000000000000000e+00 1.000000000000000000e+00 0.000000000000000000e+00 0.000000000000000000e+00 0.000000000000000000e+00
0.000000000000000000e+00 0.000000000000000000e+00 1.194029850746268634e-01 0.000000000000000000e+00 0.000000000000000000e+00 0.000000000000000000e+00 1.000000000000000000e+00 2.985074626865671585e-02 0.000000000000000000e+00 0.000000000000000000e+00
0.000000000000000000e+00 0.000000000000000000e+00 0.000000000000000000e+00 0.000000000000000000e+00 0.000000000000000000e+00 0.000000000000000000e+00 0.000000000000000000e+00 0.000000000000000000e+00 0.000000000000000000e+00 0.000000000000000000e+00
0.000000000000000000e+00 0.000000000000000000e+00 0.000000000000000000e+00 0.000000000000000000e+00 0.000000000000000000e+00 4.285714285714285476e-01 0.000000000000000000e+00 1.000000000000000000e+00 1.000000000000000000e+00 0.000000000000000000e+00
0.000000000000000000e+00 1.000000000000000000e+00 6.872246696035242408e-01 0.000000000000000000e+00 0.000000000000000000e+00 0.000000000000000000e+00 0.000000000000000000e+00 0.000000000000000000e+00 0.000000000000000000e+00 0.000000000000000000e+00
0.000000000000000000e+00 4.326923076923076816e-02 3.846153846153846367e-02 3.221153846153846367e-01 0.000000000000000000e+00 0.000000000000000000e+00 4.182692307692307820e-01 0.000000000000000000e+00 0.000000000000000000e+00 1.000000000000000000e+00
0.000000000000000000e+00 0.000000000000000000e+00 0.000000000000000000e+00 0.000000000000000000e+00 0.000000000000000000e+00 4.464285714285714385e-02 0.000000000000000000e+00 1.000000000000000000e+00 0.000000000000000000e+00 9.821428571428571230e-02
0.000000000000000000e+00 0.000000000000000000e+00 4.926108374384236509e-03 4.926108374384236682e-02 0.000000000000000000e+00 0.000000000000000000e+00 2.955665024630541732e-02 1.000000000000000000e+00 0.000000000000000000e+00 3.546798029556650356e-01
