5.501730103806228289e-01 6.401384083044982243e-02 0.000000000000000000e+00 0.000000000000000000e+00 0.000000000000000000e+00 0.000000000000000000e+00 0.000000000000000000e+00 1.000000000000000000e+00 0.000000000000000000e+00 0.000000000000000000e+00 0.000000000000000000e+00 1.730103806228373755e-03 0.000000000000000000e+00 0.000000000000000000e+00 0.000000000000000000e+00
2.777777777777777624e-02 4.861111111111111188e-02 0.000000000000000000e+00 0.000000000000000000e+00 0.000000000000000000e+00 0.000000000000000000e+00 1.041666666666666713e-01 3.680555555555555802e-01 0.000000000000000000e+00 0.000000000000000000e+00 0.000000000000000000e+00 4.861111111111111188e-02 0.000000000000000000e+00 9.583333333333333703e-01 1.000000000000000000e+00
2.887391722810394440e-03 0.000000000000000000e+00 5.380173243503368896e-01 2.983638113570741268e-02 0.000000000000000000e+00 0.000000000000000000e+00 0.000000000000000000e+00 1.251203079884504257e-02 0.000000000000000000e+00 1.000000000000000000e+00 0.000000000000000000e+00 0.000000000000000000e+00 0.000000000000000000e+00 5.774783445620788880e-03 0.000000000000000000e+00
8.053691275167784713e-02 2.013422818791946178e-02 4.697986577181208212e-02 0.000000000000000000e+00 0.000000000000000000e+00 0.000000000000000000e+00 0.000000000000000000e+00 5.570469798657717853e-01 0.000000000000000000e+00 1.000000000000000000e+00 0.000000000000000000e+00 2.684563758389261687e-02 0.000000000000000000e+00 1.342281879194630843e-02 0.000000000000000000e+00
0.000000000000000000e+00 0.000000000000000000e+00 0.000000000000000000e+00 0.000000000000000000e+00 0.000000000000000000e+00 0.000000000000000000e+00 0.000000000000000000e+00 0.000000000000000000e+00 0.000000000000000000e+00 0.000000000000000000e+00 0.000000000000000000e+00 0.000000000000000000e+00 0.000000000000000000e+00 0.000000000000000000e+00 0.000000000000000000e+00
0.000000000000000000e+00 0.000000000000000000e+00 0.000000000000000000e+00 0.000000000000000000e+00 0.000000000000000000e+00 1.000000000000000000e+00 0.000000000000000000e+00 0.000000000000000000e+00 0.000000000000000000e+00 2.399999999999999911e-01 4.400000000000000022e-01 0.000000000000000000e+00 0.000000000000000000e+00 0.000000000000000000e+00 0.000000000000000000e+00
0.000000000000000000e+00 0.000000000000000000e+00 0.000000000000000000e+00 0.000000000000000000e+00 0.000000000000000000e+00 0.000000000000000000e+00 0.000000000000000000e+00 0.000000000000000000e+00 8.571428571428570953e-01 0.000000000000000000e+00 1.000000000000000000e+00 0.000000000000000000e+00 2.857142857142856984e-01 0.000000000000000000e+00 0.000000000000000000e+00
1.000000000000000000e+00 5.250431778929188775e-01 0.000000000000000000e+00 0.000000000000000000e+00 0.000000000000000000e+00 0.000000000000000000e+00 0.000000000000000000e+00 0.000000000000000000e+00 0.000000000000000000e+00 0.000000000000000000e+00 0.000000000000000000e+00 5.008635578583765097e-02 0.000000000000000000e+00 0.000000000000000000e+00 0.000000000000000000e+00
0.000000000000000000e+00 0.000000000000000000e+00 0.000000000000000000e+00 0.000000000000000000e+00 0.000000000000000000e+00 0.000000000000000000e+00 0.000000000000000000e+00 0.000000000000000000e+00 0.000000000000000000e+00 0.000000000000000000e+00 0.000000000000000000e+00 0.000000000000000000e+00 0.000000000000000000e+00 1.250000000000000000e-01 1.000000000000000000e+00
1.423149905123339588e-02 2.846299810246679263e-03 1.000000000000000000e+00 2.020872865275142316e-01 0.000000000000000000e+00 0.000000000000000000e+00 0.000000000000000000e+00 1.565464895635673703e-01 0.000000000000000000e+00 0.000000000000000000e+00 0.000000000000000000e+00 1.897533206831119581e-03 0.000000000000000000e+00 3.795066413662238902e-02 0.000000000000000000e+00
0.000000000000000000e+00 0.000000000000000000e+00 5.194805194805195148e-02 0.000000000000000000e+00 0.000000000000000000e+00 1.168831168831168804e-01 0.000000000000000000e+00 0.000000000000000000e+00 0.000000000000000000e+00 1.000000000000000000e+00 0.000000000000000000e+00 0.000000000000000000e+00 1.558441558441558406e-01 1.298701298701298787e-02 1.298701298701298787e-02
1.499999999999999944e-01 6.999999999999999556e-01 0.000000000000000000e+00 0.000000000000000000e+00 0.000000000000000000e+00 0.000000000000000000e+00 0.000000000000000000e+00 1.000000000000000000e+00 1.499999999999999944e-01 0.000000000000000000e+00 1.499999999999999944e-01 0.000000000000000000e+00 0.000000000000000000e+00 0.000000000000000000e+00 0.000000000000000000e+00
0.000000000000000000e+00 0.000000000000000000e+00 0.000000000000000000e+00 0.000000000000000000e+00 0.000000000000000000e+00 0.000000000000000000e+00 0.000000000000000000e+00 0.000000000000000000e+00 0.000000000000000000e+00 0.000000000000000000e+00 0.000000000000000000e+00 0.000000000000000000e+00 0.000000000000000000e+00 2.500000000000000000e-01 1.000000000000000000e+00
0.000000000000000000e+00 6.329113924050632813e-03 1.075949367088607639e-01 1.012658227848101250e-01 0.000000000000000000e+00 0.000000000000000000e+00 0.000000000000000000e+00 0.000000000000000000e+00 0.000000000000000000e+00 1.000000000000000000e+00 0.000000000000000000e+00 0.000000000000000000e+00 0.000000000000000000e+00 0.000000000000000000e+00 0.000000000000000000e+00
0.000000000000000000e+00 0.000000000000000000e+00 1.204819277108433728e-01 0.000000000000000000e+00 0.000000000000000000e+00 9.638554216867470381e-02 0.000000000000000000e+00 0.000000000000000000e+00 0.000000000000000000e+00 7.590361445783132543e-01 1.000000000000000000e+00 0.000000000000000000e+00 1.204819277108433798e-02 0.000000000000000000e+00 1.204819277108433798e-02
