0.000000000000000000e+00 0.000000000000000000e+00 0.000000000000000000e+00 0.000000000000000000e+00 0.000000000000000000e+00 0.000000000000000000e+00 0.000000000000000000e+00 0.000000000000000000e+00 0.000000000000000000e+00 0.000000000000000000e+00 0.000000000000000000e+00 0.000000000000000000e+00 0.000000000000000000e+00 0.000000000000000000e+00 0.000000000000000000e+00 0.000000000000000000e+00 0.000000000000000000e+00
0.000000000000000000e+00 0.000000000000000000e+00 4.814814814814814548e-01 0.000000000000000000e+00 0.000000000000000000e+00 7.407407407407406996e-02 0.000000000000000000e+00 0.000000000000000000e+00 0.000000000000000000e+00 1.000000000000000000e+00 0.000000000000000000e+00 0.000000000000000000e+00 1.111111111111111049e-01 0.000000000000000000e+00 0.000000000000000000e+00 0.000000000000000000e+00 0.000000000000000000e+00
0.000000000000000000e+00 0.000000000000000000e+00 0.000000000000000000e+00 0.000000000000000000e+00 0.000000000000000000e+00 0.000000000000000000e+00 0.000000000000000000e+00 0.000000000000000000e+00 0.000000000000000000e+00 0.000000000000000000e+00 0.000000000000000000e+00 6.781609195402298340e-01 0.000000000000000000e+00 0.000000000000000000e+00 0.000000000000000000e+00 0.000000000000000000e+00 1.000000000000000000e+00
0.000000000000000000e+00 0.000000000000000000e+00 0.000000000000000000e+00 0.000000000000000000e+00 1.041666666666666609e-02 0.000000000000000000e+00 6.354166666666666297e-01 0.000000000000000000e+00 0.000000000000000000e+00 2.083333333333333218e-02 5.312500000000000000e-01 0.000000000000000000e+00 4.166666666666666435e-02 0.000000000000000000e+00 2.083333333333333218e-02 1.000000000000000000e+00 0.000000000000000000e+00
0.000000000000000000e+00 0.000000000000000000e+00 0.000000000000000000e+00 2.295081967213114804e-01 0.000000000000000000e+00 4.918032786885245811e-02 1.147540983606557402e-01 0.000000000000000000e+00 0.000000000000000000e+00 1.639344262295081844e-01 1.000000000000000000e+00 0.000000000000000000e+00 1.639344262295082053e-02 0.000000000000000000e+00 0.000000000000000000e+00 4.918032786885245811e-02 0.000000000000000000e+00
0.000000000000000000e+00 0.000000000000000000e+00 0.000000000000000000e+00 0.000000000000000000e+00 0.000000000000000000e+00 0.000000000000000000e+00 0.000000000000000000e+00 0.000000000000000000e+00 0.000000000000000000e+00 8.275862068965517127e-01 0.000000000000000000e+00 0.000000000000000000e+00 8.620689655172413257e-01 0.000000000000000000e+00 1.000000000000000000e+00 0.000000000000000000e+00 0.000000000000000000e+00
0.000000000000000000e+00 7.575757575757575968e-03 7.575757575757575968e-03 2.196969696969696961e-01 1.363636363636363535e-01 3.030303030303030387e-02 0.000000000000000000e+00 0.000000000000000000e+00 0.000000000000000000e+00 1.439393939393939503e-01 1.000000000000000000e+00 0.000000000000000000e+00 0.000000000000000000e+00 0.000000000000000000e+00 0.000000000000000000e+00 0.000000000000000000e+00 0.000000000000000000e+00
0.000000000000000000e+00 0.000000000000000000e+00 0.000000000000000000e+00 0.000000000000000000e+00 0.000000000000000000e+00 0.000000000000000000e+00 0.000000000000000000e+00 0.000000000000000000e+00 0.000000000000000000e+00 0.000000000000000000e+00 1.000000000000000000e+00 0.000000000000000000e+00 0.000000000000000000e+00 0.000000000000000000e+00 0.000000000000000000e+00 0.000000000000000000e+00 0.000000000000000000e+00
0.000000000000000000e+00 0.000000000000000000e+00 0.000000000000000000e+00 0.000000000000000000e+00 0.000000000000000000e+00 0.000000000000000000e+00 0.000000000000000000e+00 0.000000000000000000e+00 0.000000000000000000e+00 0.000000000000000000e+00 0.000000000000000000e+00 0.000000000000000000e+00 0.000000000000000000e+00 0.000000000000000000e+00 0.000000000000000000e+00 1.000000000000000000e+00 0.000000000000000000e+00
0.000000000000000000e+00 2.399999999999999911e-01 1.000000000000000000e+00 0.000000000000000000e+00 0.000000000000000000e+00 2.959999999999999853e-01 0.000000000000000000e+00 0.000000000000000000e+00 0.000000000000000000e+00 0.000000000000000000e+00 0.000000000000000000e+00 0.000000000000000000e+00 1.839999999999999969e-01 0.000000000000000000e+00 1.039999999999999952e-01 0.000000000000000000e+00 0.000000000000000000e+00
0.000000000000000000e+00 3.973509933774834607e-02 6.622516556291390723e-03 1.000000000000000000e+00 4.105960264900662127e-01 1.456953642384105907e-01 3.245033112582781376e-01 0.000000000000000000e+00 0.000000000000000000e+00 4.238410596026490063e-01 0.000000000000000000e+00 0.000000000000000000e+00 1.324503311258278145e-02 0.000000000000000000e+00 0.000000000000000000e+00 2.317880794701986658e-01 0.000000000000000000e+00
0.000000000000000000e+00 0.000000000000000000e+00 0.000000000000000000e+00 1.555555555555555580e-01 1.555555555555555580e-01 0.000000000000000000e+00 0.000000000000000000e+00 0.000000000000000000e+00 0.000000000000000000e+00 0.000000000000000000e+00 1.000000000000000000e+00 0.000000000000000000e+00 0.000000000000000000e+00 0.000000000000000000e+00 0.000000000000000000e+00 0.000000000000000000e+00 0.000000000000000000e+00
0.000000000000000000e+00 8.333333333333332871e-02 9.722222222222222376e-02 0.000000000000000000e+00 0.000000000000000000e+00 1.388888888888888951e-01 0.000000000000000000e+00 0.000000000000000000e+00 0.000000000000000000e+00 1.000000000000000000e+00 0.000000000000000000e+00 0.000000000000000000e+00 0.000000000000000000e+00 0.000000000000000000e+00 0.000000000000000000e+00 0.000000000000000000e+00 0.000000000000000000e+00
0.000000000000000000e+00 0.000000000000000000e+00 0.000000000000000000e+00 2.666666666666666630e-01 2.000000000000000111e-01 0.000000000000000000e+00 0.000000000000000000e+00 0.000000000000000000e+00 0.000000000000000000e+00 0.000000000000000000e+00 1.000000000000000000e+00 0.000000000000000000e+00 0.000000000000000000e+00 0.000000000000000000e+00 0.000000000000000000e+00 0.000000000000000000e+00 0.000000000000000000e+00
0.000000000000000000e+00 5.882352941176470507e-02 0.000000000000000000e+00 0.000000000000000000e+00 0.000000000000000000e+00 0.000000000000000000e+00 0.000000000000000000e+00 0.000000000000000000e+00 0.000000000000000000e+00 2.941176470588235392e-01 0.000000000000000000e+00 0.000000000000000000e+00 1.000000000000000000e+00 0.000000000000000000e+00 9.411764705882352811e-01 0.000000000000000000e+00 0.000000000000000000e+00
0.000000000000000000e+00 0.000000000000000000e+00 0.000000000000000000e+00 0.000000000000000000e+00 3.669724770642202039e-02 0.000000000000000000e+00 7.981651376146788879e-01 0.000000000000000000e+00 0.000000000000000000e+00 0.000000000000000000e+00 3.577981651376146988e-01 0.000000000000000000e+00 2.752293577981651529e-02 0.000000000000000000e+00 1.834862385321101019e-02 1.000000000000000000e+00 0.000000000000000000e+00
0.000000000000000000e+00 0.000000000000000000e+00 0.000000000000000000e+00 2.500000000000000000e-01 8.333333333333332871e-02 0.000000000000000000e+00 0.000000000000000000e+00 2.083333333333333218e-02 2.083333333333333218e-02 0.000000000000000000e+00 1.000000000000000000e+00 0.000000000000000000e+00 0.000000000000000000e+00 4.583333333333333148e-01 0.000000000000000000e+00 0.000000000000000000e+00 0.000000000000000000e+00
