0.000000000000000000e+00 0.000000000000000000e+00 0.000000000000000000e+00 0.000000000000000000e+00 0.000000000000000000e+00 1.333333333333333315e-01 0.000000000000000000e+00 8.800000000000000044e-01 1.000000000000000000e+00 0.000000000000000000e+00 4.000000000000000083e-02
1.000000000000000000e+00 6.493506493506493935e-03 1.298701298701298787e-02 0.000000000000000000e+00 0.000000000000000000e+00 0.000000000000000000e+00 3.831168831168831335e-01 0.000000000000000000e+00 0.000000000000000000e+00 9.675324675324675772e-01 0.000000000000000000e+00
0.000000000000000000e+00 4.141104294478527292e-02 6.012269938650306456e-01 0.000000000000000000e+00 0.000000000000000000e+00 0.000000000000000000e+00 1.000000000000000000e+00 0.000000000000000000e+00 0.000000000000000000e+00 0.000000000000000000e+00 0.000000000000000000e+00
0.000000000000000000e+00 9.615384615384615918e-03 1.057692307692307682e-01 0.000000000000000000e+00 0.000000000000000000e+00 0.000000000000000000e+00 1.000000000000000000e+00 4.615384615384615641e-01 0.000000000000000000e+00 0.000000000000000000e+00 6.730769230769230449e-02
0.000000000000000000e+00 0.000000000000000000e+00 0.000000000000000000e+00 0.000000000000000000e+00 0.000000000000000000e+00 0.000000000000000000e+00 0.000000000000000000e+00 0.000000000000000000e+00 0.000000000000000000e+00 0.000000000000000000e+00 0.000000000000000000e+00
0.000000000000000000e+00 0.000000000000000000e+00 0.000000000000000000e+00 0.000000000000000000e+00 0.000000000000000000e+00 1.000000000000000000e+00 0.000000000000000000e+00 3.125000000000000000e-01 8.125000000000000000e-01 0.000000000000000000e+00 1.250000000000000000e-01
0.000000000000000000e+00 5.083969465648855435e-01 1.000000000000000000e+00 0.000000000000000000e+00 0.000000000000000000e+00 0.000000000000000000e+00 0.000000000000000000e+00 0.000000000000000000e+00 0.000000000000000000e+00 0.000000000000000000e+00 0.000000000000000000e+00
0.000000000000000000e+00 4.073319755600814281e-03 1.018329938900203700e-02 1.568228105906313563e-01 0.000000000000000000e+00 0.000000000000000000e+00 1.639511201629327841e-01 0.000000000000000000e+00 0.000000000000000000e+00 0.000000000000000000e+00 1.000000000000000000e+00
0.000000000000000000e+00 0.000000000000000000e+00 0.000000000000000000e+00 0.000000000000000000e+00 0.000000000000000000e+00 1.298701298701298579e-01 0.000000000000000000e+00 1.000000000000000000e+00 0.000000000000000000e+00 0.000000000000000000e+00 1.298701298701298787e-02
0.000000000000000000e+00 0.000000000000000000e+00 0.000000000000000000e+00 0.000000000000000000e+00 0.000000000000000000e+00 0.000000000000000000e+00 0.000000000000000000e+00 1.000000000000000000e+00 0.000000000000000000e+00 0.000000000000000000e+00 1.627906976744186163e-01
0.000000000000000000e+00 0.000000000000000000e+00 1.014198782961460432e-03 1.724137931034482735e-02 0.000000000000000000e+00 0.000000000000000000e+00 1.217038539553752519e-02 1.000000000000000000e+00 0.000000000000000000e+00 0.000000000000000000e+00 5.273833671399594802e-01
