6.896551724137930939e-03 8.620689655172414367e-02 0.000000000000000000e+00 1.000000000000000000e+00 0.000000000000000000e+00 0.000000000000000000e+00 3.448275862068965469e-03 0.000000000000000000e+00 1.034482758620689641e-02 0.000000000000000000e+00 1.034482758620689641e-02 0.000000000000000000e+00 2.413793103448275829e-02 0.000000000000000000e+00 0.000000000000000000e+00 0.000000000000000000e+00 0.000000000000000000e+00 0.000000000000000000e+00 0.000000000000000000e+00 0.000000000000000000e+00 0.000000000000000000e+00 2.068965517241379282e-02
4.672897196261681894e-03 5.841121495327102897e-01 0.000000000000000000e+00 1.000000000000000000e+00 0.000000000000000000e+00 0.000000000000000000e+00 0.000000000000000000e+00 0.000000000000000000e+00 3.738317757009345516e-02 0.000000000000000000e+00 4.672897196261681894e-03 0.000000000000000000e+00 4.672897196261681894e-03 0.000000000000000000e+00 4.672897196261681894e-03 9.345794392523363789e-03 0.000000000000000000e+00 0.000000000000000000e+00 0.000000000000000000e+00 0.000000000000000000e+00 0.000000000000000000e+00 7.476635514018691031e-02
0.000000000000000000e+00 0.000000000000000000e+00 0.000000000000000000e+00 0.000000000000000000e+00 5.050505050505050934e-03 0.000000000000000000e+00 0.000000000000000000e+00 1.010101010101010187e-02 7.070707070707070441e-02 0.000000000000000000e+00 0.000000000000000000e+00 1.010101010101010187e-02 0.000000000000000000e+00 0.000000000000000000e+00 5.050505050505050934e-03 0.000000000000000000e+00 1.515151515151515194e-02 2.020202020202020374e-02 1.515151515151515194e-02 0.000000000000000000e+00 1.010101010101010187e-02 1.000000000000000000e+00
7.468879668049792364e-02 8.796680497925311037e-01 4.149377593360995854e-03 0.000000000000000000e+00 1.244813278008298670e-02 0.000000000000000000e+00 3.319502074688796683e-02 0.000000000000000000e+00 5.394190871369294871e-02 0.000000000000000000e+00 5.394190871369294871e-02 0.000000000000000000e+00 9.543568464730289858e-02 0.000000000000000000e+00 4.149377593360995854e-03 1.244813278008298774e-01 0.000000000000000000e+00 2.904564315352697185e-02 4.149377593360995854e-03 0.000000000000000000e+00 0.000000000000000000e+00 1.000000000000000000e+00
0.000000000000000000e+00 0.000000000000000000e+00 0.000000000000000000e+00 0.000000000000000000e+00 0.000000000000000000e+00 0.000000000000000000e+00 0.000000000000000000e+00 0.000000000000000000e+00 7.692307692307692735e-02 0.000000000000000000e+00 0.000000000000000000e+00 0.000000000000000000e+00 0.000000000000000000e+00 0.000000000000000000e+00 1.153846153846153910e-01 0.000000000000000000e+00 3.846153846153846367e-02 7.692307692307692735e-02 1.000000000000000000e+00 0.000000000000000000e+00 0.000000000000000000e+00 8.461538461538461453e-01
0.000000000000000000e+00 0.000000000000000000e+00 0.000000000000000000e+00 0.000000000000000000e+00 0.000000000000000000e+00 0.000000000000000000e+00 0.000000000000000000e+00 5.263157894736841813e-02 0.000000000000000000e+00 0.000000000000000000e+00 0.000000000000000000e+00 5.789473684210526550e-01 0.000000000000000000e+00 0.000000000000000000e+00 0.000000000000000000e+00 0.000000000000000000e+00 1.000000000000000000e+00 0.000000000000000000e+00 0.000000000000000000e+00 0.000000000000000000e+00 0.000000000000000000e+00 0.000000000000000000e+00
0.000000000000000000e+00 1.111111111111111049e-01 0.000000000000000000e+00 1.000000000000000000e+00 1.111111111111111049e-01 0.000000000000000000e+00 0.000000000000000000e+00 0.000000000000000000e+00 0.000000000000000000e+00 0.000000000000000000e+00 0.000000000000000000e+00 0.000000000000000000e+00 1.111111111111111049e-01 0.000000000000000000e+00 0.000000000000000000e+00 0.000000000000000000e+00 0.000000000000000000e+00 0.000000000000000000e+00 0.000000000000000000e+00 0.000000000000000000e+00 0.000000000000000000e+00 7.777777777777777901e-01
0.000000000000000000e+00 0.000000000000000000e+00 0.000000000000000000e+00 0.000000000000000000e+00 0.000000000000000000e+00 5.649717514124293766e-03 0.000000000000000000e+00 7.005649717514124131e-01 0.000000000000000000e+00 0.000000000000000000e+00 0.000000000000000000e+00 6.403013182674199832e-02 0.000000000000000000e+00 1.506591337099811613e-02 0.000000000000000000e+00 0.000000000000000000e+00 1.000000000000000000e+00 0.000000000000000000e+00 0.000000000000000000e+00 7.532956685499058065e-03 9.416195856873822365e-03 0.000000000000000000e+00
0.000000000000000000e+00 0.000000000000000000e+00 1.103309929789368128e-02 0.000000000000000000e+00 6.018054162487461965e-03 0.000000000000000000e+00 0.000000000000000000e+00 7.021063189568706349e-03 6.880641925777332135e-01 0.000000000000000000e+00 0.000000000000000000e+00 0.000000000000000000e+00 0.000000000000000000e+00 1.003009027081243733e-03 1.604814443329989973e-02 0.000000000000000000e+00 1.905717151454363115e-02 3.009027081243731069e-02 2.006018054162487466e-03 0.000000000000000000e+00 0.000000000000000000e+00 1.000000000000000000e+00
0.000000000000000000e+00 0.000000000000000000e+00 0.000000000000000000e+00 0.000000000000000000e+00 0.000000000000000000e+00 0.000000000000000000e+00 0.000000000000000000e+00 0.000000000000000000e+00 0.000000000000000000e+00 0.000000000000000000e+00 0.000000000000000000e+00 0.000000000000000000e+00 0.000000000000000000e+00 0.000000000000000000e+00 0.000000000000000000e+00 0.000000000000000000e+00 0.000000000000000000e+00 0.000000000000000000e+00 0.000000000000000000e+00 0.000000000000000000e+00 0.000000000000000000e+00 0.000000000000000000e+00
0.000000000000000000e+00 7.142857142857142461e-02 0.000000000000000000e+00 1.000000000000000000e+00 0.000000000000000000e+00 0.000000000000000000e+00 0.000000000000000000e+00 0.000000000000000000e+00 0.000000000000000000e+00 0.000000000000000000e+00 0.000000000000000000e+00 0.000000000000000000e+00 0.000000000000000000e+00 0.000000000000000000e+00 0.000000000000000000e+00 0.000000000000000000e+00 0.000000000000000000e+00 0.000000000000000000e+00 0.000000000000000000e+00 0.000000000000000000e+00 0.000000000000000000e+00 1.428571428571428492e-01
1.000000000000000000e+00 0.000000000000000000e+00 0.000000000000000000e+00 0.000000000000000000e+00 0.000000000000000000e+00 0.000000000000000000e+00 0.000000000000000000e+00 6.349206349206349201e-03 0.000000000000000000e+00 0.000000000000000000e+00 0.000000000000000000e+00 3.174603174603174600e-03 0.000000000000000000e+00 0.000000000000000000e+00 0.000000000000000000e+00 0.000000000000000000e+00 8.888888888888889228e-02 0.000000000000000000e+00 0.000000000000000000e+00 0.000000000000000000e+00 3.174603174603174600e-03 0.000000000000000000e+00
0.000000000000000000e+00 2.500000000000000000e-01 0.000000000000000000e+00 1.000000000000000000e+00 0.000000000000000000e+00 0.000000000000000000e+00 3.333333333333333148e-01 0.000000000000000000e+00 0.000000000000000000e+00 0.000000000000000000e+00 0.000000000000000000e+00 0.000000000000000000e+00 0.000000000000000000e+00 0.000000000000000000e+00 0.000000000000000000e+00 1.000000000000000000e+00 0.000000000000000000e+00 0.000000000000000000e+00 0.000000000000000000e+00 0.000000000000000000e+00 0.000000000000000000e+00 8.333333333333332871e-02
0.000000000000000000e+00 0.000000000000000000e+00 0.000000000000000000e+00 0.000000000000000000e+00 0.000000000000000000e+00 1.136363636363636395e-02 0.000000000000000000e+00 6.818181818181817677e-02 0.000000000000000000e+00 0.000000000000000000e+00 0.000000000000000000e+00 0.000000000000000000e+00 0.000000000000000000e+00 1.000000000000000000e+00 0.000000000000000000e+00 0.000000000000000000e+00 8.295454545454545858e-01 0.000000000000000000e+00 0.000000000000000000e+00 4.204545454545454697e-01 0.000000000000000000e+00 0.000000000000000000e+00
0.000000000000000000e+00 0.000000000000000000e+00 3.727598566308243933e-01 0.000000000000000000e+00 3.584229390681003581e-03 0.000000000000000000e+00 0.000000000000000000e+00 0.000000000000000000e+00 6.810035842293907238e-02 0.000000000000000000e+00 0.000000000000000000e+00 0.000000000000000000e+00 0.000000000000000000e+00 7.168458781362007162e-03 1.000000000000000000e+00 0.000000000000000000e+00 3.584229390681003581e-03 0.000000000000000000e+00 3.584229390681003581e-03 3.584229390681003581e-03 0.000000000000000000e+00 7.992831541218637925e-01
0.000000000000000000e+00 6.250000000000000000e-02 0.000000000000000000e+00 1.000000000000000000e+00 0.000000000000000000e+00 0.000000000000000000e+00 1.875000000000000000e-01 0.000000000000000000e+00 0.000000000000000000e+00 0.000000000000000000e+00 0.000000000000000000e+00 0.000000000000000000e+00 0.000000000000000000e+00 0.000000000000000000e+00 6.250000000000000000e-02 9.375000000000000000e-01 0.000000000000000000e+00 0.000000000000000000e+00 0.000000000000000000e+00 0.000000000000000000e+00 0.000000000000000000e+00 6.250000000000000000e-02
0.000000000000000000e+00 0.000000000000000000e+00 0.000000000000000000e+00 0.000000000000000000e+00 0.000000000000000000e+00 4.323308270676691489e-02 0.000000000000000000e+00 1.000000000000000000e+00 0.000000000000000000e+00 0.000000000000000000e+00 0.000000000000000000e+00 5.469924812030074746e-01 0.000000000000000000e+00 1.428571428571428492e-01 0.000000000000000000e+00 0.000000000000000000e+00 0.000000000000000000e+00 0.000000000000000000e+00 0.000000000000000000e+00 9.022556390977443108e-02 1.165413533834586401e-01 0.000000000000000000e+00
0.000000000000000000e+00 0.000000000000000000e+00 6.363636363636362980e-02 0.000000000000000000e+00 9.090909090909090468e-03 0.000000000000000000e+00 0.000000000000000000e+00 0.000000000000000000e+00 1.454545454545454475e-01 0.000000000000000000e+00 0.000000000000000000e+00 0.000000000000000000e+00 0.000000000000000000e+00 0.000000000000000000e+00 8.909090909090908728e-01 0.000000000000000000e+00 1.818181818181818094e-02 0.000000000000000000e+00 9.090909090909090468e-03 0.000000000000000000e+00 0.000000000000000000e+00 1.000000000000000000e+00
0.000000000000000000e+00 0.000000000000000000e+00 0.000000000000000000e+00 0.000000000000000000e+00 0.000000000000000000e+00 0.000000000000000000e+00 0.000000000000000000e+00 0.000000000000000000e+00 9.803921568627450844e-02 0.000000000000000000e+00 0.000000000000000000e+00 0.000000000000000000e+00 0.000000000000000000e+00 0.000000000000000000e+00 1.960784313725490169e-02 0.000000000000000000e+00 1.960784313725490169e-02 0.000000000000000000e+00 0.000000000000000000e+00 0.000000000000000000e+00 0.000000000000000000e+00 1.000000000000000000e+00
0.000000000000000000e+00 0.000000000000000000e+00 0.000000000000000000e+00 0.000000000000000000e+00 0.000000000000000000e+00 0.000000000000000000e+00 0.000000000000000000e+00 1.315789473684210453e-01 0.000000000000000000e+00 0.000000000000000000e+00 0.000000000000000000e+00 1.184210526315789408e-01 0.000000000000000000e+00 0.000000000000000000e+00 0.000000000000000000e+00 0.000000000000000000e+00 1.000000000000000000e+00 0.000000000000000000e+00 0.000000000000000000e+00 0.000000000000000000e+00 5.263157894736841813e-02 0.000000000000000000e+00
0.000000000000000000e+00 0.000000000000000000e+00 0.000000000000000000e+00 0.000000000000000000e+00 0.000000000000000000e+00 5.714285714285714107e-02 0.000000000000000000e+00 1.714285714285714302e-01 0.000000000000000000e+00 0.000000000000000000e+00 0.000000000000000000e+00 0.000000000000000000e+00 0.000000000000000000e+00 8.000000000000000444e-01 0.000000000000000000e+00 0.000000000000000000e+00 1.000000000000000000e+00 0.000000000000000000e+00 0.000000000000000000e+00 1.714285714285714302e-01 0.000000000000000000e+00 0.000000000000000000e+00
0.000000000000000000e+00 0.000000000000000000e+00 1.060455896927651187e-01 0.000000000000000000e+00 4.261645193260654024e-02 1.982160555004955360e-03 0.000000000000000000e+00 1.883052527254707592e-02 1.000000000000000000e+00 0.000000000000000000e+00 0.000000000000000000e+00 0.000000000000000000e+00 0.000000000000000000e+00 1.982160555004955360e-03 2.269573835480673818e-01 0.000000000000000000e+00 2.408325074331020832e-01 1.902874132804757146e-01 2.378592666005946432e-02 2.973240832507433040e-03 2.973240832507433040e-03 0.000000000000000000e+00
