2.956989247311828106e-02 0.000000000000000000e+00 0.000000000000000000e+00 0.000000000000000000e+00 1.881720430107526945e-02 0.000000000000000000e+00 0.000000000000000000e+00 0.000000000000000000e+00 0.000000000000000000e+00 0.000000000000000000e+00 1.000000000000000000e+00 0.000000000000000000e+00 0.000000000000000000e+00
0.000000000000000000e+00 6.514719848053180939e-01 3.608736942070275150e-02 0.000000000000000000e+00 0.000000000000000000e+00 0.000000000000000000e+00 0.000000000000000000e+00 1.000000000000000000e+00 0.000000000000000000e+00 0.000000000000000000e+00 0.000000000000000000e+00 0.000000000000000000e+00 5.698005698005698290e-03
4.139784946236559349e-01 2.150537634408602322e-02 9.139784946236559349e-02 0.000000000000000000e+00 0.000000000000000000e+00 0.000000000000000000e+00 1.000000000000000000e+00 3.548387096774193727e-01 5.376344086021505805e-03 0.000000000000000000e+00 0.000000000000000000e+00 1.344086021505376261e-01 3.870967741935483764e-01
0.000000000000000000e+00 4.587155963302752548e-03 0.000000000000000000e+00 6.341743119266054496e-01 3.440366972477064411e-03 0.000000000000000000e+00 0.000000000000000000e+00 1.605504587155963392e-02 0.000000000000000000e+00 1.000000000000000000e+00 0.000000000000000000e+00 1.146788990825688137e-03 0.000000000000000000e+00
0.000000000000000000e+00 0.000000000000000000e+00 0.000000000000000000e+00 2.173913043478260809e-02 0.000000000000000000e+00 0.000000000000000000e+00 0.000000000000000000e+00 4.347826086956521618e-02 0.000000000000000000e+00 7.608695652173913526e-01 0.000000000000000000e+00 1.000000000000000000e+00 0.000000000000000000e+00
0.000000000000000000e+00 0.000000000000000000e+00 0.000000000000000000e+00 0.000000000000000000e+00 0.000000000000000000e+00 0.000000000000000000e+00 0.000000000000000000e+00 0.000000000000000000e+00 0.000000000000000000e+00 0.000000000000000000e+00 0.000000000000000000e+00 0.000000000000000000e+00 0.000000000000000000e+00
0.000000000000000000e+00 0.000000000000000000e+00 0.000000000000000000e+00 0.000000000000000000e+00 0.000000000000000000e+00 0.000000000000000000e+00 2.112676056338028130e-02 0.000000000000000000e+00 1.000000000000000000e+00 0.000000000000000000e+00 0.000000000000000000e+00 0.000000000000000000e+00 0.000000000000000000e+00
0.000000000000000000e+00 1.000000000000000000e+00 2.914714151827553779e-01 0.000000000000000000e+00 0.000000000000000000e+00 0.000000000000000000e+00 0.000000000000000000e+00 0.000000000000000000e+00 0.000000000000000000e+00 0.000000000000000000e+00 0.000000000000000000e+00 0.000000000000000000e+00 6.841611996251172056e-02
1.000000000000000000e+00 0.000000000000000000e+00 0.000000000000000000e+00 0.000000000000000000e+00 0.000000000000000000e+00 0.000000000000000000e+00 6.490066225165562752e-01 0.000000000000000000e+00 3.973509933774834607e-02 0.000000000000000000e+00 0.000000000000000000e+00 3.311258278145695622e-01 0.000000000000000000e+00
0.000000000000000000e+00 1.958525345622119662e-02 1.152073732718894008e-03 1.000000000000000000e+00 2.073732718894009258e-02 0.000000000000000000e+00 0.000000000000000000e+00 3.006912442396313390e-01 0.000000000000000000e+00 0.000000000000000000e+00 0.000000000000000000e+00 4.838709677419354704e-02 3.456221198156682241e-03
6.756756756756756577e-01 0.000000000000000000e+00 0.000000000000000000e+00 0.000000000000000000e+00 0.000000000000000000e+00 0.000000000000000000e+00 0.000000000000000000e+00 0.000000000000000000e+00 0.000000000000000000e+00 0.000000000000000000e+00 4.954954954954954999e-02 1.000000000000000000e+00 0.000000000000000000e+00
0.000000000000000000e+00 0.000000000000000000e+00 0.000000000000000000e+00 8.250825082508250752e-02 1.848184818481848068e-01 0.000000000000000000e+00 0.000000000000000000e+00 3.300330033003300370e-03 0.000000000000000000e+00 1.000000000000000000e+00 0.000000000000000000e+00 0.000000000000000000e+00 3.300330033003300370e-03
0.000000000000000000e+00 6.172839506172839164e-02 1.000000000000000000e+00 0.000000000000000000e+00 0.000000000000000000e+00 0.000000000000000000e+00 0.000000000000000000e+00 6.666666666666666297e-01 1.851851851851851749e-01 0.000000000000000000e+00 0.000000000000000000e+00 0.000000000000000000e+00 1.234567901234567833e-02
