1.000000000000000000e+00 0.000000000000000000e+00 0.000000000000000000e+00 1.223241590214067202e-03 6.116207951070336008e-04 3.938837920489296485e-01 0.000000000000000000e+00 7.951070336391436594e-03 9.357798165137615198e-01 0.000000000000000000e+00 2.446483180428134403e-03 0.000000000000000000e+00 7.339449541284404077e-03 0.000000000000000000e+00 8.073394495412844485e-02
0.000000000000000000e+00 8.720930232558139483e-01 3.391472868217054043e-02 0.000000000000000000e+00 0.000000000000000000e+00 0.000000000000000000e+00 0.000000000000000000e+00 1.000000000000000000e+00 0.000000000000000000e+00 0.000000000000000000e+00 4.748062015503876077e-02 9.689922480620154904e-04 1.240310077519379828e-01 7.655038759689922201e-02 0.000000000000000000e+00
0.000000000000000000e+00 0.000000000000000000e+00 0.000000000000000000e+00 0.000000000000000000e+00 0.000000000000000000e+00 0.000000000000000000e+00 0.000000000000000000e+00 9.900990099009901110e-03 0.000000000000000000e+00 1.000000000000000000e+00 0.000000000000000000e+00 0.000000000000000000e+00 3.300330033003300370e-03 0.000000000000000000e+00 0.000000000000000000e+00
1.000000000000000000e+00 0.000000000000000000e+00 0.000000000000000000e+00 0.000000000000000000e+00 0.000000000000000000e+00 1.878787878787878673e-01 0.000000000000000000e+00 4.545454545454545234e-03 9.181818181818182101e-01 0.000000000000000000e+00 0.000000000000000000e+00 0.000000000000000000e+00 1.515151515151515194e-02 0.000000000000000000e+00 8.030303030303030665e-02
9.090909090909091161e-02 0.000000000000000000e+00 0.000000000000000000e+00 9.090909090909091161e-02 0.000000000000000000e+00 0.000000000000000000e+00 0.000000000000000000e+00 0.000000000000000000e+00 1.000000000000000000e+00 0.000000000000000000e+00 9.090909090909091161e-02 0.000000000000000000e+00 0.000000000000000000e+00 0.000000000000000000e+00 0.000000000000000000e+00
9.149130832570906207e-04 0.000000000000000000e+00 0.000000000000000000e+00 1.582799634034766645e-01 0.000000000000000000e+00 0.000000000000000000e+00 0.000000000000000000e+00 2.195791399817017403e-02 1.000000000000000000e+00 9.149130832570906207e-04 0.000000000000000000e+00 0.000000000000000000e+00 0.000000000000000000e+00 5.489478499542543508e-03 8.508691674290942697e-02
0.000000000000000000e+00 0.000000000000000000e+00 0.000000000000000000e+00 0.000000000000000000e+00 0.000000000000000000e+00 0.000000000000000000e+00 0.000000000000000000e+00 0.000000000000000000e+00 0.000000000000000000e+00 0.000000000000000000e+00 0.000000000000000000e+00 0.000000000000000000e+00 0.000000000000000000e+00 0.000000000000000000e+00 0.000000000000000000e+00
0.000000000000000000e+00 8.552739165985282499e-01 1.913327882256745660e-01 0.000000000000000000e+00 0.000000000000000000e+00 0.000000000000000000e+00 0.000000000000000000e+00 0.000000000000000000e+00 0.000000000000000000e+00 0.000000000000000000e+00 3.843008994276369550e-01 8.176614881439084499e-04 1.000000000000000000e+00 6.884709730171708619e-01 0.000000000000000000e+00
1.000000000000000000e+00 6.468305304010349595e-03 0.000000000000000000e+00 7.380336351875808054e-01 3.880983182406209670e-03 3.654592496765847187e-01 0.000000000000000000e+00 1.138421733505821515e-01 0.000000000000000000e+00 6.468305304010349595e-03 0.000000000000000000e+00 0.000000000000000000e+00 5.821474773609314722e-03 1.164294954721862944e-02 7.981888745148770781e-01
0.000000000000000000e+00 0.000000000000000000e+00 0.000000000000000000e+00 1.265306122448979498e-01 2.448979591836734568e-02 0.000000000000000000e+00 0.000000000000000000e+00 0.000000000000000000e+00 1.000000000000000000e+00 1.224489795918367284e-02 0.000000000000000000e+00 0.000000000000000000e+00 0.000000000000000000e+00 0.000000000000000000e+00 1.387755102040816313e-01
0.000000000000000000e+00 1.025358324145534683e-01 4.189636163175303185e-02 0.000000000000000000e+00 0.000000000000000000e+00 0.000000000000000000e+00 0.000000000000000000e+00 1.000000000000000000e+00 0.000000000000000000e+00 0.000000000000000000e+00 0.000000000000000000e+00 0.000000000000000000e+00 1.102535832414553493e-03 1.786108048511576563e-01 0.000000000000000000e+00
0.000000000000000000e+00 0.000000000000000000e+00 5.000000000000000000e-01 0.000000000000000000e+00 0.000000000000000000e+00 0.000000000000000000e+00 0.000000000000000000e+00 1.000000000000000000e+00 0.000000000000000000e+00 0.000000000000000000e+00 0.000000000000000000e+00 0.000000000000000000e+00 0.000000000000000000e+00 0.000000000000000000e+00 0.000000000000000000e+00
0.000000000000000000e+00 9.084556254367574801e-02 0.000000000000000000e+00 0.000000000000000000e+00 0.000000000000000000e+00 0.000000000000000000e+00 0.000000000000000000e+00 8.301886792452830566e-01 0.000000000000000000e+00 0.000000000000000000e+00 3.983228511530398364e-01 6.988120195667365132e-04 1.000000000000000000e+00 6.988120195667365132e-04 0.000000000000000000e+00
0.000000000000000000e+00 8.514851485148515475e-02 0.000000000000000000e+00 0.000000000000000000e+00 0.000000000000000000e+00 0.000000000000000000e+00 0.000000000000000000e+00 9.049504950495049771e-01 0.000000000000000000e+00 0.000000000000000000e+00 2.118811881188118751e-01 0.000000000000000000e+00 1.000000000000000000e+00 0.000000000000000000e+00 0.000000000000000000e+00
1.056910569105691117e-01 1.626016260162601625e-03 0.000000000000000000e+00 8.780487804878048252e-02 8.130081300813008123e-04 4.715447154471544972e-02 0.000000000000000000e+00 8.943089430894309369e-03 1.000000000000000000e+00 8.130081300813008123e-04 0.000000000000000000e+00 0.000000000000000000e+00 8.130081300813008123e-04 3.252032520325203249e-03 7.487804878048780477e-01
