3.260869565217391214e-02 0.000000000000000000e+00 0.000000000000000000e+00 1.086956521739130405e-02 0.000000000000000000e+00 8.695652173913043237e-02 0.000000000000000000e+00 5.000000000000000000e-01 1.000000000000000000e+00 0.000000000000000000e+00 3.260869565217391214e-02 1.086956521739130405e-02 3.260869565217391214e-02
1.000000000000000000e+00 2.649006622516556289e-02 2.649006622516556289e-02 0.000000000000000000e+00 0.000000000000000000e+00 0.000000000000000000e+00 2.516556291390728561e-01 0.000000000000000000e+00 0.000000000000000000e+00 1.986754966887417304e-02 0.000000000000000000e+00 0.000000000000000000e+00 0.000000000000000000e+00
0.000000000000000000e+00 3.636363636363636465e-01 0.000000000000000000e+00 0.000000000000000000e+00 0.000000000000000000e+00 0.000000000000000000e+00 1.000000000000000000e+00 0.000000000000000000e+00 0.000000000000000000e+00 0.000000000000000000e+00 0.000000000000000000e+00 0.000000000000000000e+00 0.000000000000000000e+00
0.000000000000000000e+00 1.351351351351351426e-02 1.216216216216216284e-01 1.351351351351351426e-02 0.000000000000000000e+00 0.000000000000000000e+00 1.000000000000000000e+00 5.270270270270269730e-01 0.000000000000000000e+00 5.405405405405405705e-02 0.000000000000000000e+00 1.351351351351351426e-02 4.054054054054054279e-02
0.000000000000000000e+00 0.000000000000000000e+00 0.000000000000000000e+00 0.000000000000000000e+00 0.000000000000000000e+00 0.000000000000000000e+00 0.000000000000000000e+00 0.000000000000000000e+00 0.000000000000000000e+00 0.000000000000000000e+00 0.000000000000000000e+00 0.000000000000000000e+00 0.000000000000000000e+00
0.000000000000000000e+00 0.000000000000000000e+00 0.000000000000000000e+00 0.000000000000000000e+00 0.000000000000000000e+00 0.000000000000000000e+00 0.000000000000000000e+00 1.000000000000000000e+00 8.750000000000000000e-01 0.000000000000000000e+00 0.000000000000000000e+00 0.000000000000000000e+00 0.000000000000000000e+00
0.000000000000000000e+00 1.000000000000000000e+00 2.727272727272727071e-01 0.000000000000000000e+00 0.000000000000000000e+00 0.000000000000000000e+00 0.000000000000000000e+00 0.000000000000000000e+00 0.000000000000000000e+00 1.118881118881118880e-01 0.000000000000000000e+00 0.000000000000000000e+00 0.000000000000000000e+00
0.000000000000000000e+00 8.791208791208791895e-02 7.692307692307692735e-02 1.000000000000000000e+00 0.000000000000000000e+00 0.000000000000000000e+00 4.065934065934065922e-01 0.000000000000000000e+00 0.000000000000000000e+00 6.593406593406593574e-02 0.000000000000000000e+00 2.307692307692307820e-01 6.373626373626373187e-01
2.564102564102564014e-02 0.000000000000000000e+00 0.000000000000000000e+00 1.282051282051282007e-02 0.000000000000000000e+00 8.974358974358974395e-02 0.000000000000000000e+00 1.000000000000000000e+00 0.000000000000000000e+00 0.000000000000000000e+00 0.000000000000000000e+00 3.846153846153846367e-02 1.153846153846153910e-01
0.000000000000000000e+00 1.000000000000000000e+00 3.703703703703703498e-02 0.000000000000000000e+00 0.000000000000000000e+00 0.000000000000000000e+00 3.703703703703703498e-02 0.000000000000000000e+00 0.000000000000000000e+00 0.000000000000000000e+00 0.000000000000000000e+00 0.000000000000000000e+00 0.000000000000000000e+00
0.000000000000000000e+00 0.000000000000000000e+00 0.000000000000000000e+00 0.000000000000000000e+00 0.000000000000000000e+00 0.000000000000000000e+00 0.000000000000000000e+00 1.000000000000000000e+00 1.000000000000000000e+00 0.000000000000000000e+00 0.000000000000000000e+00 0.000000000000000000e+00 1.000000000000000000e+00
0.000000000000000000e+00 3.703703703703703498e-02 0.000000000000000000e+00 1.000000000000000000e+00 0.000000000000000000e+00 0.000000000000000000e+00 0.000000000000000000e+00 0.000000000000000000e+00 0.000000000000000000e+00 0.000000000000000000e+00 0.000000000000000000e+00 0.000000000000000000e+00 0.000000000000000000e+00
0.000000000000000000e+00 1.785714285714285615e-02 0.000000000000000000e+00 1.964285714285714246e-01 0.000000000000000000e+00 0.000000000000000000e+00 7.142857142857142461e-02 1.000000000000000000e+00 0.000000000000000000e+00 0.000000000000000000e+00 0.000000000000000000e+00 3.571428571428571230e-02 0.000000000000000000e+00
