0.000000000000000000e+00 0.000000000000000000e+00 7.042253521126760722e-03 0.000000000000000000e+00 0.000000000000000000e+00 2.816901408450704289e-02 0.000000000000000000e+00 1.000000000000000000e+00 3.943661971830985657e-01 0.000000000000000000e+00 4.929577464788732072e-02
1.000000000000000000e+00 9.569377990430621636e-03 2.870813397129186664e-02 0.000000000000000000e+00 0.000000000000000000e+00 0.000000000000000000e+00 3.732057416267942629e-01 0.000000000000000000e+00 0.000000000000000000e+00 8.803827751196172668e-01 0.000000000000000000e+00
0.000000000000000000e+00 3.057851239669421295e-01 0.000000000000000000e+00 0.000000000000000000e+00 0.000000000000000000e+00 0.000000000000000000e+00 1.000000000000000000e+00 0.000000000000000000e+00 0.000000000000000000e+00 0.000000000000000000e+00 0.000000000000000000e+00
0.000000000000000000e+00 0.000000000000000000e+00 4.347826086956521618e-02 0.000000000000000000e+00 0.000000000000000000e+00 0.000000000000000000e+00 1.000000000000000000e+00 1.576086956521739191e-01 0.000000000000000000e+00 0.000000000000000000e+00 2.173913043478260809e-02
0.000000000000000000e+00 0.000000000000000000e+00 0.000000000000000000e+00 0.000000000000000000e+00 0.000000000000000000e+00 0.000000000000000000e+00 0.000000000000000000e+00 0.000000000000000000e+00 0.000000000000000000e+00 0.000000000000000000e+00 0.000000000000000000e+00
0.000000000000000000e+00 0.000000000000000000e+00 0.000000000000000000e+00 0.000000000000000000e+00 0.000000000000000000e+00 0.000000000000000000e+00 0.000000000000000000e+00 6.666666666666666297e-01 1.000000000000000000e+00 0.000000000000000000e+00 0.000000000000000000e+00
0.000000000000000000e+00 1.000000000000000000e+00 3.125000000000000000e-01 0.000000000000000000e+00 0.000000000000000000e+00 0.000000000000000000e+00 0.000000000000000000e+00 0.000000000000000000e+00 0.000000000000000000e+00 0.000000000000000000e+00 0.000000000000000000e+00
0.000000000000000000e+00 1.691542288557214002e-01 8.955223880597014408e-02 1.000000000000000000e+00 0.000000000000000000e+00 0.000000000000000000e+00 6.019900497512438164e-01 0.000000000000000000e+00 0.000000000000000000e+00 0.000000000000000000e+00 9.253731343283582156e-01
0.000000000000000000e+00 0.000000000000000000e+00 0.000000000000000000e+00 0.000000000000000000e+00 0.000000000000000000e+00 1.785714285714285615e-02 0.000000000000000000e+00 1.000000000000000000e+00 0.000000000000000000e+00 0.000000000000000000e+00 3.571428571428571230e-02
0.000000000000000000e+00 0.000000000000000000e+00 0.000000000000000000e+00 0.000000000000000000e+00 0.000000000000000000e+00 0.000000000000000000e+00 0.000000000000000000e+00 1.000000000000000000e+00 0.000000000000000000e+00 0.000000000000000000e+00 8.875739644970413733e-02
0.000000000000000000e+00 4.320987654320987414e-02 0.000000000000000000e+00 1.481481481481481399e-01 0.000000000000000000e+00 0.000000000000000000e+00 1.296296296296296224e-01 1.000000000000000000e+00 0.000000000000000000e+00 0.000000000000000000e+00 0.000000000000000000e+00
