0.000000000000000000e+00 2.058823529411764608e-01 0.000000000000000000e+00 0.000000000000000000e+00 0.000000000000000000e+00 0.000000000000000000e+00 1.000000000000000000e+00 0.000000000000000000e+00 0.000000000000000000e+00 8.823529411764706454e-02 5.882352941176470507e-02 1.764705882352941291e-01 0.000000000000000000e+00
0.000000000000000000e+00 0.000000000000000000e+00 0.000000000000000000e+00 0.000000000000000000e+00 0.000000000000000000e+00 0.000000000000000000e+00 0.000000000000000000e+00 0.000000000000000000e+00 1.000000000000000000e+00 0.000000000000000000e+00 0.000000000000000000e+00 0.000000000000000000e+00 0.000000000000000000e+00
0.000000000000000000e+00 0.000000000000000000e+00 0.000000000000000000e+00 1.818181818181818094e-02 7.818181818181818565e-01 0.000000000000000000e+00 5.454545454545454281e-02 1.000000000000000000e+00 0.000000000000000000e+00 5.454545454545454281e-02 5.454545454545454281e-02 0.000000000000000000e+00 5.999999999999999778e-01
0.000000000000000000e+00 0.000000000000000000e+00 2.999999999999999889e-01 0.000000000000000000e+00 7.499999999999999722e-02 0.000000000000000000e+00 2.750000000000000222e-01 7.499999999999999722e-02 0.000000000000000000e+00 0.000000000000000000e+00 0.000000000000000000e+00 2.500000000000000139e-02 1.000000000000000000e+00
2.409638554216867595e-02 1.204819277108433798e-02 1.325301204819277212e-01 9.638554216867470381e-02 0.000000000000000000e+00 0.000000000000000000e+00 2.168674698795180766e-01 0.000000000000000000e+00 0.000000000000000000e+00 0.000000000000000000e+00 0.000000000000000000e+00 4.819277108433735191e-02 1.000000000000000000e+00
0.000000000000000000e+00 0.000000000000000000e+00 0.000000000000000000e+00 0.000000000000000000e+00 0.000000000000000000e+00 0.000000000000000000e+00 0.000000000000000000e+00 0.000000000000000000e+00 0.000000000000000000e+00 0.000000000000000000e+00 0.000000000000000000e+00 0.000000000000000000e+00 0.000000000000000000e+00
3.545454545454545525e-01 1.000000000000000000e+00 0.000000000000000000e+00 0.000000000000000000e+00 0.000000000000000000e+00 0.000000000000000000e+00 0.000000000000000000e+00 0.000000000000000000e+00 0.000000000000000000e+00 2.818181818181818010e-01 1.181818181818181795e-01 5.000000000000000000e-01 0.000000000000000000e+00
0.000000000000000000e+00 0.000000000000000000e+00 0.000000000000000000e+00 1.666666666666666644e-02 8.333333333333333703e-01 0.000000000000000000e+00 0.000000000000000000e+00 1.000000000000000000e+00 0.000000000000000000e+00 3.333333333333333287e-02 1.666666666666666644e-02 0.000000000000000000e+00 4.666666666666666741e-01
0.000000000000000000e+00 0.000000000000000000e+00 1.980198019801980291e-01 6.930693069306931298e-02 0.000000000000000000e+00 0.000000000000000000e+00 0.000000000000000000e+00 0.000000000000000000e+00 0.000000000000000000e+00 0.000000000000000000e+00 0.000000000000000000e+00 0.000000000000000000e+00 1.000000000000000000e+00
7.317073170731706877e-02 1.219512195121951192e-01 0.000000000000000000e+00 0.000000000000000000e+00 0.000000000000000000e+00 0.000000000000000000e+00 1.000000000000000000e+00 0.000000000000000000e+00 0.000000000000000000e+00 0.000000000000000000e+00 0.000000000000000000e+00 1.829268292682926789e-01 0.000000000000000000e+00
5.882352941176470507e-02 0.000000000000000000e+00 0.000000000000000000e+00 0.000000000000000000e+00 0.000000000000000000e+00 0.000000000000000000e+00 2.549019607843137081e-01 0.000000000000000000e+00 0.000000000000000000e+00 9.215686274509803377e-01 1.000000000000000000e+00 0.000000000000000000e+00 0.000000000000000000e+00
2.272727272727272790e-02 0.000000000000000000e+00 0.000000000000000000e+00 0.000000000000000000e+00 0.000000000000000000e+00 0.000000000000000000e+00 6.136363636363636465e-01 0.000000000000000000e+00 0.000000000000000000e+00 5.909090909090909394e-01 1.000000000000000000e+00 0.000000000000000000e+00 0.000000000000000000e+00
1.020408163265306041e-02 0.000000000000000000e+00 1.000000000000000000e+00 5.408163265306122902e-01 3.163265306122449161e-01 0.000000000000000000e+00 6.122448979591836871e-01 2.448979591836734637e-01 0.000000000000000000e+00 1.020408163265306041e-02 0.000000000000000000e+00 1.734693877551020391e-01 0.000000000000000000e+00
