0.000000000000000000e+00 0.000000000000000000e+00 0.000000000000000000e+00 7.518796992481202590e-03 0.000000000000000000e+00 1.165413533834586401e-01 0.000000000000000000e+00 1.127819548872180389e-02 1.000000000000000000e+00 7.518796992481202590e-03
0.000000000000000000e+00 6.123260437375745990e-01 6.759443339960238828e-02 0.000000000000000000e+00 0.000000000000000000e+00 0.000000000000000000e+00 1.000000000000000000e+00 0.000000000000000000e+00 0.000000000000000000e+00 0.000000000000000000e+00
1.000000000000000000e+00 3.300330033003300370e-03 0.000000000000000000e+00 0.000000000000000000e+00 0.000000000000000000e+00 0.000000000000000000e+00 5.280528052805280592e-02 0.000000000000000000e+00 0.000000000000000000e+00 0.000000000000000000e+00
0.000000000000000000e+00 8.490566037735848559e-02 9.433962264150943036e-03 0.000000000000000000e+00 0.000000000000000000e+00 0.000000000000000000e+00 8.018867924528302327e-01 1.000000000000000000e+00 0.000000000000000000e+00 1.509433962264150886e-01
0.000000000000000000e+00 0.000000000000000000e+00 0.000000000000000000e+00 0.000000000000000000e+00 0.000000000000000000e+00 0.000000000000000000e+00 0.000000000000000000e+00 0.000000000000000000e+00 0.000000000000000000e+00 0.000000000000000000e+00
0.000000000000000000e+00 0.000000000000000000e+00 0.000000000000000000e+00 0.000000000000000000e+00 0.000000000000000000e+00 6.818181818181817677e-01 0.000000000000000000e+00 1.250000000000000000e-01 1.000000000000000000e+00 2.840909090909090814e-02
0.000000000000000000e+00 1.000000000000000000e+00 5.518590998043052531e-01 0.000000000000000000e+00 0.000000000000000000e+00 0.000000000000000000e+00 0.000000000000000000e+00 0.000000000000000000e+00 0.000000000000000000e+00 0.000000000000000000e+00
0.000000000000000000e+00 1.363636363636363570e-02 4.545454545454545234e-03 2.261363636363636354e-01 0.000000000000000000e+00 0.000000000000000000e+00 2.034090909090909005e-01 0.000000000000000000e+00 0.000000000000000000e+00 1.000000000000000000e+00
0.000000000000000000e+00 0.000000000000000000e+00 0.000000000000000000e+00 0.000000000000000000e+00 0.000000000000000000e+00 6.745098039215686736e-01 0.000000000000000000e+00 1.000000000000000000e+00 0.000000000000000000e+00 5.882352941176470507e-02
0.000000000000000000e+00 4.504504504504504465e-03 0.000000000000000000e+00 1.801801801801801786e-02 0.000000000000000000e+00 0.000000000000000000e+00 1.126126126126126073e-02 1.000000000000000000e+00 0.000000000000000000e+00 6.385135135135134865e-01
