7.818181818181818565e-01 0.000000000000000000e+00 0.000000000000000000e+00 0.000000000000000000e+00 0.000000000000000000e+00 2.999999999999999889e-01 0.000000000000000000e+00 1.818181818181818180e-03 1.000000000000000000e+00 0.000000000000000000e+00 1.818181818181818180e-03 5.454545454545454974e-03 0.000000000000000000e+00 9.090909090909091161e-02
0.000000000000000000e+00 6.792951541850220654e-01 4.493392070484581585e-02 0.000000000000000000e+00 0.000000000000000000e+00 0.000000000000000000e+00 0.000000000000000000e+00 1.000000000000000000e+00 0.000000000000000000e+00 0.000000000000000000e+00 1.497797356828193746e-02 2.907488986784140944e-02 3.876651982378854361e-02 0.000000000000000000e+00
0.000000000000000000e+00 1.980198019801980222e-02 0.000000000000000000e+00 0.000000000000000000e+00 0.000000000000000000e+00 0.000000000000000000e+00 0.000000000000000000e+00 2.211221122112211335e-01 0.000000000000000000e+00 1.000000000000000000e+00 0.000000000000000000e+00 0.000000000000000000e+00 3.300330033003300370e-03 0.000000000000000000e+00
7.063492063492063933e-01 0.000000000000000000e+00 0.000000000000000000e+00 0.000000000000000000e+00 0.000000000000000000e+00 1.269841269841269771e-01 0.000000000000000000e+00 1.587301587301587213e-02 1.000000000000000000e+00 0.000000000000000000e+00 3.968253968253968034e-03 7.936507936507936067e-03 0.000000000000000000e+00 1.111111111111111049e-01
0.000000000000000000e+00 1.090909090909090856e-01 0.000000000000000000e+00 0.000000000000000000e+00 0.000000000000000000e+00 9.090909090909090468e-03 0.000000000000000000e+00 1.000000000000000000e+00 3.272727272727272707e-01 0.000000000000000000e+00 0.000000000000000000e+00 0.000000000000000000e+00 5.454545454545454281e-02 5.454545454545454281e-02
0.000000000000000000e+00 7.751937984496123923e-03 2.583979328165374786e-03 1.033591731266149810e-01 2.583979328165374525e-02 0.000000000000000000e+00 0.000000000000000000e+00 1.550387596899224785e-02 1.000000000000000000e+00 0.000000000000000000e+00 0.000000000000000000e+00 0.000000000000000000e+00 0.000000000000000000e+00 8.785529715762273317e-02
0.000000000000000000e+00 0.000000000000000000e+00 0.000000000000000000e+00 0.000000000000000000e+00 0.000000000000000000e+00 0.000000000000000000e+00 0.000000000000000000e+00 0.000000000000000000e+00 0.000000000000000000e+00 0.000000000000000000e+00 0.000000000000000000e+00 0.000000000000000000e+00 0.000000000000000000e+00 0.000000000000000000e+00
0.000000000000000000e+00 1.000000000000000000e+00 2.641996557659208045e-01 0.000000000000000000e+00 0.000000000000000000e+00 0.000000000000000000e+00 0.000000000000000000e+00 0.000000000000000000e+00 0.000000000000000000e+00 0.000000000000000000e+00 2.108433734939759163e-01 4.621342512908778177e-01 3.020654044750430423e-01 0.000000000000000000e+00
4.862466725820763225e-01 7.098491570541260245e-03 4.436557231588287437e-03 3.566992014196982974e-01 1.215616681455190806e-01 2.236024844720496951e-01 0.000000000000000000e+00 1.091393078970718661e-01 0.000000000000000000e+00 0.000000000000000000e+00 2.661934338952972375e-03 0.000000000000000000e+00 2.661934338952972375e-03 1.000000000000000000e+00
8.097165991902834092e-03 0.000000000000000000e+00 0.000000000000000000e+00 6.072874493927125222e-02 4.048582995951417046e-03 0.000000000000000000e+00 0.000000000000000000e+00 0.000000000000000000e+00 1.000000000000000000e+00 0.000000000000000000e+00 0.000000000000000000e+00 0.000000000000000000e+00 0.000000000000000000e+00 1.578947368421052544e-01
0.000000000000000000e+00 8.905852417302799473e-02 3.562340966921119512e-02 0.000000000000000000e+00 0.000000000000000000e+00 0.000000000000000000e+00 0.000000000000000000e+00 1.000000000000000000e+00 0.000000000000000000e+00 0.000000000000000000e+00 0.000000000000000000e+00 0.000000000000000000e+00 5.597964376590330859e-02 0.000000000000000000e+00
0.000000000000000000e+00 4.841713221601489509e-02 0.000000000000000000e+00 0.000000000000000000e+00 0.000000000000000000e+00 0.000000000000000000e+00 0.000000000000000000e+00 1.000000000000000000e+00 0.000000000000000000e+00 0.000000000000000000e+00 3.277467411545623710e-01 7.523277467411545461e-01 0.000000000000000000e+00 0.000000000000000000e+00
0.000000000000000000e+00 1.100917431192660612e-01 0.000000000000000000e+00 0.000000000000000000e+00 0.000000000000000000e+00 0.000000000000000000e+00 0.000000000000000000e+00 1.000000000000000000e+00 0.000000000000000000e+00 0.000000000000000000e+00 9.633027522935780351e-02 7.522935779816514179e-01 0.000000000000000000e+00 0.000000000000000000e+00
3.697183098591549227e-02 3.521126760563380361e-03 0.000000000000000000e+00 3.521126760563380448e-02 2.024647887323943740e-02 2.728873239436619552e-02 0.000000000000000000e+00 7.042253521126760722e-03 1.000000000000000000e+00 0.000000000000000000e+00 0.000000000000000000e+00 0.000000000000000000e+00 0.000000000000000000e+00 6.285211267605633756e-01
