7.196261682242990343e-01 0.000000000000000000e+00 0.000000000000000000e+00 0.000000000000000000e+00 0.000000000000000000e+00 0.000000000000000000e+00 2.803738317757009102e-01 0.000000000000000000e+00 0.000000000000000000e+00 1.000000000000000000e+00 9.345794392523363789e-03 0.000000000000000000e+00 0.000000000000000000e+00 0.000000000000000000e+00 2.803738317757009310e-02
0.000000000000000000e+00 6.851311953352769990e-01 7.580174927113703109e-02 0.000000000000000000e+00 1.603498542274052474e-02 0.000000000000000000e+00 0.000000000000000000e+00 0.000000000000000000e+00 1.000000000000000000e+00 0.000000000000000000e+00 7.288629737609329112e-03 5.830903790087463463e-03 7.288629737609329112e-03 0.000000000000000000e+00 0.000000000000000000e+00
0.000000000000000000e+00 5.610561056105610456e-02 5.610561056105610456e-02 0.000000000000000000e+00 6.600660066006600740e-03 0.000000000000000000e+00 0.000000000000000000e+00 0.000000000000000000e+00 4.554455445544554615e-01 0.000000000000000000e+00 3.300330033003300370e-03 6.600660066006600740e-03 0.000000000000000000e+00 1.000000000000000000e+00 0.000000000000000000e+00
2.789115646258503167e-01 0.000000000000000000e+00 0.000000000000000000e+00 0.000000000000000000e+00 0.000000000000000000e+00 0.000000000000000000e+00 1.428571428571428492e-01 0.000000000000000000e+00 6.802721088435373896e-03 1.000000000000000000e+00 6.802721088435373896e-03 0.000000000000000000e+00 0.000000000000000000e+00 0.000000000000000000e+00 8.163265306122448328e-02
0.000000000000000000e+00 5.263157894736841813e-02 0.000000000000000000e+00 0.000000000000000000e+00 0.000000000000000000e+00 0.000000000000000000e+00 0.000000000000000000e+00 0.000000000000000000e+00 1.000000000000000000e+00 0.000000000000000000e+00 2.500000000000000000e-01 1.315789473684210453e-02 3.289473684210526550e-01 0.000000000000000000e+00 0.000000000000000000e+00
0.000000000000000000e+00 1.067961165048543631e-01 0.000000000000000000e+00 1.941747572815533812e-02 9.708737864077669061e-03 0.000000000000000000e+00 1.941747572815533812e-02 0.000000000000000000e+00 1.000000000000000000e+00 4.174757281553397870e-01 0.000000000000000000e+00 2.912621359223301065e-02 0.000000000000000000e+00 2.912621359223301065e-02 3.883495145631067624e-02
0.000000000000000000e+00 0.000000000000000000e+00 5.263157894736841987e-03 3.157894736842105365e-02 5.263157894736841987e-03 2.105263157894736795e-02 0.000000000000000000e+00 0.000000000000000000e+00 2.105263157894736795e-02 1.000000000000000000e+00 0.000000000000000000e+00 0.000000000000000000e+00 0.000000000000000000e+00 5.263157894736841987e-03 5.263157894736841813e-02
0.000000000000000000e+00 0.000000000000000000e+00 0.000000000000000000e+00 0.000000000000000000e+00 0.000000000000000000e+00 0.000000000000000000e+00 0.000000000000000000e+00 0.000000000000000000e+00 0.000000000000000000e+00 0.000000000000000000e+00 0.000000000000000000e+00 0.000000000000000000e+00 0.000000000000000000e+00 0.000000000000000000e+00 0.000000000000000000e+00
0.000000000000000000e+00 1.000000000000000000e+00 5.021156558533145242e-01 0.000000000000000000e+00 1.509167842031029494e-01 0.000000000000000000e+00 0.000000000000000000e+00 0.000000000000000000e+00 0.000000000000000000e+00 0.000000000000000000e+00 1.100141043723554257e-01 6.488011283497883974e-02 7.616361071932299664e-02 0.000000000000000000e+00 0.000000000000000000e+00
1.120381406436233573e-01 8.343265792610250753e-03 5.959475566150178490e-03 2.276519666269368192e-01 2.383790226460071396e-03 1.549463647199046390e-01 1.835518474374255027e-01 0.000000000000000000e+00 1.764004767580452937e-01 0.000000000000000000e+00 1.191895113230035698e-03 1.191895113230035698e-03 0.000000000000000000e+00 4.290822407628128859e-02 1.000000000000000000e+00
0.000000000000000000e+00 5.645161290322580488e-02 4.838709677419354704e-02 0.000000000000000000e+00 8.064516129032257841e-03 0.000000000000000000e+00 0.000000000000000000e+00 0.000000000000000000e+00 1.000000000000000000e+00 0.000000000000000000e+00 0.000000000000000000e+00 0.000000000000000000e+00 0.000000000000000000e+00 0.000000000000000000e+00 0.000000000000000000e+00
0.000000000000000000e+00 5.128205128205128027e-02 1.000000000000000000e+00 0.000000000000000000e+00 0.000000000000000000e+00 0.000000000000000000e+00 0.000000000000000000e+00 0.000000000000000000e+00 4.102564102564102422e-01 0.000000000000000000e+00 0.000000000000000000e+00 0.000000000000000000e+00 0.000000000000000000e+00 0.000000000000000000e+00 0.000000000000000000e+00
0.000000000000000000e+00 9.433962264150944077e-02 0.000000000000000000e+00 0.000000000000000000e+00 0.000000000000000000e+00 0.000000000000000000e+00 0.000000000000000000e+00 0.000000000000000000e+00 8.867924528301887044e-01 0.000000000000000000e+00 6.037735849056603543e-01 0.000000000000000000e+00 1.000000000000000000e+00 0.000000000000000000e+00 0.000000000000000000e+00
0.000000000000000000e+00 0.000000000000000000e+00 1.423487544483985692e-02 3.202846975088968068e-02 0.000000000000000000e+00 7.829181494661921481e-02 0.000000000000000000e+00 0.000000000000000000e+00 0.000000000000000000e+00 1.000000000000000000e+00 0.000000000000000000e+00 0.000000000000000000e+00 0.000000000000000000e+00 2.846975088967971385e-02 1.032028469750889688e-01
7.142857142857142634e-03 1.190476190476190584e-03 1.190476190476190584e-03 1.785714285714285615e-02 0.000000000000000000e+00 1.904761904761904934e-02 1.190476190476190410e-02 0.000000000000000000e+00 8.333333333333333218e-03 1.000000000000000000e+00 0.000000000000000000e+00 0.000000000000000000e+00 0.000000000000000000e+00 1.190476190476190584e-03 5.797619047619048116e-01
