0.000000000000000000e+00 0.000000000000000000e+00 0.000000000000000000e+00 0.000000000000000000e+00 0.000000000000000000e+00 0.000000000000000000e+00 0.000000000000000000e+00 0.000000000000000000e+00 0.000000000000000000e+00 0.000000000000000000e+00 0.000000000000000000e+00 1.000000000000000000e+00 0.000000000000000000e+00 0.000000000000000000e+00
0.000000000000000000e+00 6.669059583632448440e-01 3.804737975592246968e-02 0.000000000000000000e+00 0.000000000000000000e+00 0.000000000000000000e+00 1.000000000000000000e+00 0.000000000000000000e+00 0.000000000000000000e+00 0.000000000000000000e+00 0.000000000000000000e+00 0.000000000000000000e+00 0.000000000000000000e+00 0.000000000000000000e+00
2.868852459016393505e-02 3.688524590163934358e-02 4.098360655737705131e-03 0.000000000000000000e+00 0.000000000000000000e+00 1.475409836065573743e-01 3.073770491803278770e-01 0.000000000000000000e+00 0.000000000000000000e+00 0.000000000000000000e+00 8.606557377049180169e-02 0.000000000000000000e+00 1.000000000000000000e+00 0.000000000000000000e+00
0.000000000000000000e+00 2.525252525252525415e-01 0.000000000000000000e+00 2.020202020202020374e-02 0.000000000000000000e+00 0.000000000000000000e+00 1.000000000000000000e+00 0.000000000000000000e+00 5.151515151515151381e-01 0.000000000000000000e+00 0.000000000000000000e+00 0.000000000000000000e+00 6.060606060606060774e-02 5.050505050505050414e-02
0.000000000000000000e+00 0.000000000000000000e+00 0.000000000000000000e+00 0.000000000000000000e+00 0.000000000000000000e+00 0.000000000000000000e+00 0.000000000000000000e+00 0.000000000000000000e+00 0.000000000000000000e+00 0.000000000000000000e+00 0.000000000000000000e+00 0.000000000000000000e+00 0.000000000000000000e+00 0.000000000000000000e+00
0.000000000000000000e+00 0.000000000000000000e+00 0.000000000000000000e+00 0.000000000000000000e+00 0.000000000000000000e+00 0.000000000000000000e+00 0.000000000000000000e+00 8.421052631578946901e-01 0.000000000000000000e+00 5.263157894736841813e-02 0.000000000000000000e+00 1.000000000000000000e+00 0.000000000000000000e+00 0.000000000000000000e+00
0.000000000000000000e+00 1.000000000000000000e+00 2.328080229226361098e-01 0.000000000000000000e+00 0.000000000000000000e+00 0.000000000000000000e+00 0.000000000000000000e+00 0.000000000000000000e+00 0.000000000000000000e+00 0.000000000000000000e+00 8.595988538681948593e-03 0.000000000000000000e+00 0.000000000000000000e+00 0.000000000000000000e+00
0.000000000000000000e+00 0.000000000000000000e+00 0.000000000000000000e+00 0.000000000000000000e+00 0.000000000000000000e+00 0.000000000000000000e+00 0.000000000000000000e+00 0.000000000000000000e+00 0.000000000000000000e+00 0.000000000000000000e+00 0.000000000000000000e+00 0.000000000000000000e+00 1.000000000000000000e+00 0.000000000000000000e+00
0.000000000000000000e+00 8.000000000000000167e-03 5.333333333333333155e-03 1.422222222222222221e-01 0.000000000000000000e+00 0.000000000000000000e+00 1.404444444444444551e-01 0.000000000000000000e+00 0.000000000000000000e+00 0.000000000000000000e+00 0.000000000000000000e+00 0.000000000000000000e+00 1.066666666666666631e-02 1.000000000000000000e+00
0.000000000000000000e+00 0.000000000000000000e+00 0.000000000000000000e+00 0.000000000000000000e+00 0.000000000000000000e+00 0.000000000000000000e+00 0.000000000000000000e+00 0.000000000000000000e+00 0.000000000000000000e+00 0.000000000000000000e+00 0.000000000000000000e+00 0.000000000000000000e+00 1.000000000000000000e+00 0.000000000000000000e+00
0.000000000000000000e+00 1.538461538461538547e-01 6.153846153846154188e-01 0.000000000000000000e+00 0.000000000000000000e+00 0.000000000000000000e+00 5.384615384615384359e-01 1.000000000000000000e+00 0.000000000000000000e+00 7.692307692307692735e-02 0.000000000000000000e+00 1.538461538461538547e-01 0.000000000000000000e+00 0.000000000000000000e+00
0.000000000000000000e+00 0.000000000000000000e+00 0.000000000000000000e+00 4.545454545454545581e-02 0.000000000000000000e+00 0.000000000000000000e+00 0.000000000000000000e+00 0.000000000000000000e+00 2.272727272727272652e-01 1.000000000000000000e+00 0.000000000000000000e+00 0.000000000000000000e+00 0.000000000000000000e+00 0.000000000000000000e+00
0.000000000000000000e+00 0.000000000000000000e+00 0.000000000000000000e+00 1.094890510948905160e-02 0.000000000000000000e+00 0.000000000000000000e+00 0.000000000000000000e+00 0.000000000000000000e+00 1.000000000000000000e+00 0.000000000000000000e+00 0.000000000000000000e+00 0.000000000000000000e+00 3.649635036496350245e-03 1.423357664233576569e-01
0.000000000000000000e+00 4.385964912280701511e-03 8.771929824561403672e-04 1.929824561403508873e-02 0.000000000000000000e+00 0.000000000000000000e+00 8.771929824561403672e-04 0.000000000000000000e+00 1.000000000000000000e+00 0.000000000000000000e+00 0.000000000000000000e+00 0.000000000000000000e+00 0.000000000000000000e+00 7.236842105263158187e-01
