6.153846153846154188e-01 0.000000000000000000e+00 0.000000000000000000e+00 0.000000000000000000e+00 0.000000000000000000e+00 0.000000000000000000e+00 3.461538461538461453e-01 0.000000000000000000e+00 0.000000000000000000e+00 1.000000000000000000e+00 0.000000000000000000e+00 0.000000000000000000e+00 0.000000000000000000e+00 0.000000000000000000e+00 1.153846153846153910e-01
0.000000000000000000e+00 6.281920326864146586e-01 5.515832482124616992e-02 0.000000000000000000e+00 9.193054136874361654e-03 0.000000000000000000e+00 0.000000000000000000e+00 0.000000000000000000e+00 1.000000000000000000e+00 0.000000000000000000e+00 5.107252298263534156e-03 0.000000000000000000e+00 6.128702757916240813e-03 0.000000000000000000e+00 0.000000000000000000e+00
0.000000000000000000e+00 5.280528052805280592e-02 3.300330033003300370e-03 0.000000000000000000e+00 0.000000000000000000e+00 0.000000000000000000e+00 0.000000000000000000e+00 0.000000000000000000e+00 3.234323432343234050e-01 0.000000000000000000e+00 0.000000000000000000e+00 0.000000000000000000e+00 0.000000000000000000e+00 1.000000000000000000e+00 0.000000000000000000e+00
1.333333333333333315e-01 0.000000000000000000e+00 0.000000000000000000e+00 0.000000000000000000e+00 0.000000000000000000e+00 0.000000000000000000e+00 1.666666666666666574e-01 0.000000000000000000e+00 8.333333333333333218e-03 1.000000000000000000e+00 0.000000000000000000e+00 0.000000000000000000e+00 0.000000000000000000e+00 0.000000000000000000e+00 1.000000000000000056e-01
0.000000000000000000e+00 4.705882352941176405e-02 0.000000000000000000e+00 0.000000000000000000e+00 0.000000000000000000e+00 0.000000000000000000e+00 0.000000000000000000e+00 0.000000000000000000e+00 1.000000000000000000e+00 0.000000000000000000e+00 2.117647058823529382e-01 0.000000000000000000e+00 2.352941176470588203e-01 0.000000000000000000e+00 0.000000000000000000e+00
0.000000000000000000e+00 1.868131868131868156e-01 0.000000000000000000e+00 0.000000000000000000e+00 4.395604395604395948e-02 0.000000000000000000e+00 0.000000000000000000e+00 0.000000000000000000e+00 1.000000000000000000e+00 2.417582417582417598e-01 0.000000000000000000e+00 0.000000000000000000e+00 0.000000000000000000e+00 0.000000000000000000e+00 1.098901098901098987e-02
0.000000000000000000e+00 0.000000000000000000e+00 0.000000000000000000e+00 1.438848920863309427e-02 0.000000000000000000e+00 2.877697841726618855e-02 0.000000000000000000e+00 0.000000000000000000e+00 0.000000000000000000e+00 1.000000000000000000e+00 0.000000000000000000e+00 0.000000000000000000e+00 0.000000000000000000e+00 0.000000000000000000e+00 1.151079136690647542e-01
0.000000000000000000e+00 0.000000000000000000e+00 0.000000000000000000e+00 0.000000000000000000e+00 0.000000000000000000e+00 0.000000000000000000e+00 0.000000000000000000e+00 0.000000000000000000e+00 0.000000000000000000e+00 0.000000000000000000e+00 0.000000000000000000e+00 0.000000000000000000e+00 0.000000000000000000e+00 0.000000000000000000e+00 0.000000000000000000e+00
0.000000000000000000e+00 1.000000000000000000e+00 3.488843813387423887e-01 0.000000000000000000e+00 1.125760649087221149e-01 0.000000000000000000e+00 0.000000000000000000e+00 0.000000000000000000e+00 0.000000000000000000e+00 0.000000000000000000e+00 9.127789046653143890e-02 6.085192697768762593e-03 4.766734279918864031e-02 0.000000000000000000e+00 0.000000000000000000e+00
6.129032258064515820e-02 9.677419354838710103e-03 1.505376344086021591e-02 1.580645161290322454e-01 1.075268817204301074e-03 1.247311827956989194e-01 1.268817204301075363e-01 0.000000000000000000e+00 1.655913978494623628e-01 0.000000000000000000e+00 2.150537634408602149e-03 0.000000000000000000e+00 0.000000000000000000e+00 1.075268817204301161e-02 1.000000000000000000e+00
0.000000000000000000e+00 1.111111111111111049e-01 2.564102564102564014e-02 0.000000000000000000e+00 1.709401709401709574e-02 0.000000000000000000e+00 0.000000000000000000e+00 0.000000000000000000e+00 1.000000000000000000e+00 0.000000000000000000e+00 0.000000000000000000e+00 0.000000000000000000e+00 0.000000000000000000e+00 0.000000000000000000e+00 0.000000000000000000e+00
0.000000000000000000e+00 3.333333333333333148e-01 1.000000000000000000e+00 0.000000000000000000e+00 0.000000000000000000e+00 0.000000000000000000e+00 0.000000000000000000e+00 0.000000000000000000e+00 6.666666666666666297e-01 0.000000000000000000e+00 0.000000000000000000e+00 0.000000000000000000e+00 0.000000000000000000e+00 0.000000000000000000e+00 0.000000000000000000e+00
0.000000000000000000e+00 8.000000000000000167e-02 0.000000000000000000e+00 0.000000000000000000e+00 0.000000000000000000e+00 0.000000000000000000e+00 0.000000000000000000e+00 0.000000000000000000e+00 1.000000000000000000e+00 0.000000000000000000e+00 3.800000000000000044e-01 0.000000000000000000e+00 7.399999999999999911e-01 0.000000000000000000e+00 0.000000000000000000e+00
0.000000000000000000e+00 0.000000000000000000e+00 0.000000000000000000e+00 1.520912547528517102e-02 0.000000000000000000e+00 1.520912547528517102e-02 3.802281368821292754e-03 0.000000000000000000e+00 0.000000000000000000e+00 1.000000000000000000e+00 0.000000000000000000e+00 0.000000000000000000e+00 0.000000000000000000e+00 0.000000000000000000e+00 1.596958174904943017e-01
3.118503118503118676e-03 3.118503118503118676e-03 0.000000000000000000e+00 1.663201663201663294e-02 0.000000000000000000e+00 1.143451143451143515e-02 4.158004158004158235e-03 0.000000000000000000e+00 7.276507276507276911e-03 1.000000000000000000e+00 1.039501039501039559e-03 0.000000000000000000e+00 0.000000000000000000e+00 0.000000000000000000e+00 5.675675675675675436e-01
