0.000000000000000000e+00 0.000000000000000000e+00 0.000000000000000000e+00 0.000000000000000000e+00 0.000000000000000000e+00 0.000000000000000000e+00 4.081632653061224164e-02 0.000000000000000000e+00 0.000000000000000000e+00 0.000000000000000000e+00 9.183673469387755584e-02 2.244897959183673464e-01 0.000000000000000000e+00 0.000000000000000000e+00 0.000000000000000000e+00 0.000000000000000000e+00 1.000000000000000000e+00 0.000000000000000000e+00 0.000000000000000000e+00 0.000000000000000000e+00 1.071428571428571369e-01
0.000000000000000000e+00 0.000000000000000000e+00 0.000000000000000000e+00 0.000000000000000000e+00 0.000000000000000000e+00 0.000000000000000000e+00 0.000000000000000000e+00 0.000000000000000000e+00 0.000000000000000000e+00 0.000000000000000000e+00 0.000000000000000000e+00 0.000000000000000000e+00 0.000000000000000000e+00 0.000000000000000000e+00 0.000000000000000000e+00 0.000000000000000000e+00 0.000000000000000000e+00 0.000000000000000000e+00 0.000000000000000000e+00 0.000000000000000000e+00 0.000000000000000000e+00
0.000000000000000000e+00 0.000000000000000000e+00 0.000000000000000000e+00 0.000000000000000000e+00 0.000000000000000000e+00 0.000000000000000000e+00 8.032128514056224161e-03 4.016064257028112081e-03 4.016064257028112081e-03 0.000000000000000000e+00 7.630522088353414167e-02 1.164658634538152659e-01 0.000000000000000000e+00 0.000000000000000000e+00 0.000000000000000000e+00 0.000000000000000000e+00 1.000000000000000000e+00 0.000000000000000000e+00 0.000000000000000000e+00 0.000000000000000000e+00 1.204819277108433798e-02
0.000000000000000000e+00 0.000000000000000000e+00 0.000000000000000000e+00 6.169665809768637432e-01 0.000000000000000000e+00 7.455012853470437129e-02 0.000000000000000000e+00 0.000000000000000000e+00 0.000000000000000000e+00 0.000000000000000000e+00 0.000000000000000000e+00 0.000000000000000000e+00 1.000000000000000000e+00 0.000000000000000000e+00 0.000000000000000000e+00 5.655526992287917415e-02 0.000000000000000000e+00 2.570694087403598786e-03 1.413881748071979527e-01 1.105398457583547517e-01 0.000000000000000000e+00
3.869463869463869443e-01 0.000000000000000000e+00 0.000000000000000000e+00 0.000000000000000000e+00 1.000000000000000000e+00 0.000000000000000000e+00 0.000000000000000000e+00 0.000000000000000000e+00 0.000000000000000000e+00 6.993006993006993001e-03 4.428904428904428814e-02 0.000000000000000000e+00 0.000000000000000000e+00 3.263403263403263227e-02 0.000000000000000000e+00 0.000000000000000000e+00 5.734265734265734382e-01 0.000000000000000000e+00 0.000000000000000000e+00 0.000000000000000000e+00 3.263403263403263227e-02
0.000000000000000000e+00 0.000000000000000000e+00 1.000000000000000000e+00 2.310231023102310086e-02 0.000000000000000000e+00 0.000000000000000000e+00 0.000000000000000000e+00 0.000000000000000000e+00 0.000000000000000000e+00 0.000000000000000000e+00 0.000000000000000000e+00 0.000000000000000000e+00 1.419141914191419107e-01 0.000000000000000000e+00 0.000000000000000000e+00 6.600660066006600740e-03 0.000000000000000000e+00 0.000000000000000000e+00 0.000000000000000000e+00 9.900990099009901110e-03 0.000000000000000000e+00
0.000000000000000000e+00 0.000000000000000000e+00 0.000000000000000000e+00 1.287001287001286959e-03 0.000000000000000000e+00 0.000000000000000000e+00 1.287001287001286959e-03 4.761904761904761640e-02 0.000000000000000000e+00 1.621621621621621712e-01 0.000000000000000000e+00 0.000000000000000000e+00 1.287001287001286959e-03 1.000000000000000000e+00 0.000000000000000000e+00 1.287001287001286959e-03 0.000000000000000000e+00 0.000000000000000000e+00 6.435006435006434579e-03 0.000000000000000000e+00 5.495495495495495986e-01
0.000000000000000000e+00 0.000000000000000000e+00 0.000000000000000000e+00 2.853067047075606363e-03 0.000000000000000000e+00 0.000000000000000000e+00 1.340941512125534973e-01 7.489300998573465984e-01 3.423680456490727636e-02 5.420827389443651917e-02 0.000000000000000000e+00 0.000000000000000000e+00 7.132667617689015908e-03 1.112696148359486464e-01 0.000000000000000000e+00 0.000000000000000000e+00 0.000000000000000000e+00 0.000000000000000000e+00 0.000000000000000000e+00 4.279600570613409545e-03 1.000000000000000000e+00
0.000000000000000000e+00 0.000000000000000000e+00 0.000000000000000000e+00 1.428571428571428492e-01 0.000000000000000000e+00 2.197802197802197974e-02 8.791208791208791895e-02 7.692307692307692735e-02 0.000000000000000000e+00 0.000000000000000000e+00 0.000000000000000000e+00 0.000000000000000000e+00 1.000000000000000000e+00 1.098901098901098987e-02 0.000000000000000000e+00 0.000000000000000000e+00 0.000000000000000000e+00 0.000000000000000000e+00 0.000000000000000000e+00 1.648351648351648324e-01 6.373626373626373187e-01
0.000000000000000000e+00 0.000000000000000000e+00 0.000000000000000000e+00 9.541984732824427108e-04 0.000000000000000000e+00 9.541984732824427108e-04 2.213740458015267254e-01 8.778625954198472636e-02 1.908396946564885552e-02 0.000000000000000000e+00 0.000000000000000000e+00 0.000000000000000000e+00 9.541984732824427759e-03 0.000000000000000000e+00 0.000000000000000000e+00 0.000000000000000000e+00 0.000000000000000000e+00 0.000000000000000000e+00 0.000000000000000000e+00 9.541984732824427108e-04 1.000000000000000000e+00
2.312138728323699308e-02 0.000000000000000000e+00 0.000000000000000000e+00 0.000000000000000000e+00 1.098265895953757232e-01 0.000000000000000000e+00 2.312138728323699308e-02 1.156069364161849654e-02 0.000000000000000000e+00 0.000000000000000000e+00 8.554913294797688028e-01 1.271676300578034602e-01 0.000000000000000000e+00 0.000000000000000000e+00 0.000000000000000000e+00 0.000000000000000000e+00 1.000000000000000000e+00 0.000000000000000000e+00 0.000000000000000000e+00 0.000000000000000000e+00 5.780346820809248443e-02
1.837837837837837940e-01 0.000000000000000000e+00 0.000000000000000000e+00 0.000000000000000000e+00 1.000000000000000000e+00 0.000000000000000000e+00 0.000000000000000000e+00 0.000000000000000000e+00 0.000000000000000000e+00 5.405405405405405705e-03 3.783783783783783994e-02 0.000000000000000000e+00 0.000000000000000000e+00 2.702702702702702853e-02 0.000000000000000000e+00 0.000000000000000000e+00 5.945945945945946276e-01 0.000000000000000000e+00 0.000000000000000000e+00 0.000000000000000000e+00 2.162162162162162282e-02
0.000000000000000000e+00 0.000000000000000000e+00 0.000000000000000000e+00 5.786435786435786266e-01 0.000000000000000000e+00 3.838383838383838120e-01 0.000000000000000000e+00 0.000000000000000000e+00 0.000000000000000000e+00 0.000000000000000000e+00 0.000000000000000000e+00 0.000000000000000000e+00 0.000000000000000000e+00 0.000000000000000000e+00 0.000000000000000000e+00 4.242424242424242542e-01 0.000000000000000000e+00 2.886002886002886000e-03 1.000000000000000000e+00 9.004329004329004738e-01 0.000000000000000000e+00
0.000000000000000000e+00 0.000000000000000000e+00 0.000000000000000000e+00 0.000000000000000000e+00 0.000000000000000000e+00 0.000000000000000000e+00 4.967709885742672624e-04 3.477396920019870663e-02 4.967709885742672624e-04 3.949329359165424935e-01 0.000000000000000000e+00 0.000000000000000000e+00 2.980625931445603574e-03 1.000000000000000000e+00 0.000000000000000000e+00 2.483854942871336312e-03 0.000000000000000000e+00 0.000000000000000000e+00 2.483854942871336312e-03 0.000000000000000000e+00 5.444610034773968987e-01
0.000000000000000000e+00 0.000000000000000000e+00 0.000000000000000000e+00 0.000000000000000000e+00 0.000000000000000000e+00 5.000000000000000000e-01 1.000000000000000000e+00 0.000000000000000000e+00 5.000000000000000000e-01 0.000000000000000000e+00 0.000000000000000000e+00 0.000000000000000000e+00 0.000000000000000000e+00 0.000000000000000000e+00 0.000000000000000000e+00 0.000000000000000000e+00 0.000000000000000000e+00 0.000000000000000000e+00 0.000000000000000000e+00 0.000000000000000000e+00 5.000000000000000000e-01
0.000000000000000000e+00 0.000000000000000000e+00 0.000000000000000000e+00 6.544901065449010291e-02 0.000000000000000000e+00 8.066971080669710359e-02 0.000000000000000000e+00 0.000000000000000000e+00 0.000000000000000000e+00 0.000000000000000000e+00 0.000000000000000000e+00 0.000000000000000000e+00 1.000000000000000000e+00 0.000000000000000000e+00 0.000000000000000000e+00 0.000000000000000000e+00 0.000000000000000000e+00 0.000000000000000000e+00 4.566210045662100203e-03 2.480974124809741110e-01 0.000000000000000000e+00
3.217054263565891636e-01 0.000000000000000000e+00 0.000000000000000000e+00 0.000000000000000000e+00 1.000000000000000000e+00 0.000000000000000000e+00 1.279069767441860517e-01 4.651162790697674354e-02 0.000000000000000000e+00 1.162790697674418589e-02 6.627906976744185608e-01 9.728682170542635177e-01 0.000000000000000000e+00 3.875968992248061962e-02 0.000000000000000000e+00 0.000000000000000000e+00 0.000000000000000000e+00 0.000000000000000000e+00 0.000000000000000000e+00 0.000000000000000000e+00 5.930232558139535426e-01
0.000000000000000000e+00 0.000000000000000000e+00 0.000000000000000000e+00 0.000000000000000000e+00 0.000000000000000000e+00 1.000000000000000000e+00 0.000000000000000000e+00 0.000000000000000000e+00 0.000000000000000000e+00 0.000000000000000000e+00 0.000000000000000000e+00 0.000000000000000000e+00 5.000000000000000000e-01 0.000000000000000000e+00 0.000000000000000000e+00 0.000000000000000000e+00 0.000000000000000000e+00 0.000000000000000000e+00 0.000000000000000000e+00 0.000000000000000000e+00 0.000000000000000000e+00
0.000000000000000000e+00 0.000000000000000000e+00 0.000000000000000000e+00 3.905614320585842208e-02 0.000000000000000000e+00 8.136696501220504240e-04 0.000000000000000000e+00 0.000000000000000000e+00 0.000000000000000000e+00 0.000000000000000000e+00 0.000000000000000000e+00 0.000000000000000000e+00 5.492270138323840367e-01 0.000000000000000000e+00 0.000000000000000000e+00 4.117168429617575343e-01 0.000000000000000000e+00 0.000000000000000000e+00 1.000000000000000000e+00 8.136696501220504240e-04 0.000000000000000000e+00
0.000000000000000000e+00 0.000000000000000000e+00 0.000000000000000000e+00 4.545454545454545581e-02 0.000000000000000000e+00 0.000000000000000000e+00 0.000000000000000000e+00 0.000000000000000000e+00 0.000000000000000000e+00 0.000000000000000000e+00 0.000000000000000000e+00 0.000000000000000000e+00 6.428571428571429047e-01 0.000000000000000000e+00 0.000000000000000000e+00 1.861471861471861444e-01 0.000000000000000000e+00 0.000000000000000000e+00 1.000000000000000000e+00 0.000000000000000000e+00 0.000000000000000000e+00
0.000000000000000000e+00 0.000000000000000000e+00 0.000000000000000000e+00 1.828153564899451548e-03 0.000000000000000000e+00 3.656307129798903096e-03 9.058500914076782484e-01 6.617915904936014782e-01 1.352833638025594254e-01 4.012797074954296273e-01 0.000000000000000000e+00 0.000000000000000000e+00 9.597806215722121115e-02 1.000000000000000000e+00 4.570383912248628978e-03 2.742230347349177214e-03 0.000000000000000000e+00 0.000000000000000000e+00 7.312614259597806192e-03 1.188299817184643517e-02 0.000000000000000000e+00
