3.003952569169960340e-01 9.881422924901185623e-02 0.000000000000000000e+00 7.905138339920948082e-03 0.000000000000000000e+00 0.000000000000000000e+00 0.000000000000000000e+00 1.000000000000000000e+00 1.976284584980237194e-02 0.000000000000000000e+00 0.000000000000000000e+00 5.928853754940711235e-02 0.000000000000000000e+00 0.000000000000000000e+00
9.900990099009901110e-03 0.000000000000000000e+00 0.000000000000000000e+00 0.000000000000000000e+00 0.000000000000000000e+00 0.000000000000000000e+00 0.000000000000000000e+00 9.900990099009901457e-02 3.300330033003300370e-03 0.000000000000000000e+00 0.000000000000000000e+00 0.000000000000000000e+00 1.000000000000000000e+00 0.000000000000000000e+00
0.000000000000000000e+00 0.000000000000000000e+00 0.000000000000000000e+00 0.000000000000000000e+00 0.000000000000000000e+00 4.166666666666666435e-02 0.000000000000000000e+00 8.333333333333333218e-03 0.000000000000000000e+00 4.583333333333333148e-01 1.000000000000000000e+00 0.000000000000000000e+00 0.000000000000000000e+00 2.500000000000000139e-02
1.016949152542372947e-01 1.440677966101694962e-01 0.000000000000000000e+00 0.000000000000000000e+00 0.000000000000000000e+00 0.000000000000000000e+00 0.000000000000000000e+00 1.000000000000000000e+00 5.932203389830508627e-02 0.000000000000000000e+00 0.000000000000000000e+00 0.000000000000000000e+00 0.000000000000000000e+00 0.000000000000000000e+00
5.999999999999999778e-02 1.000000000000000021e-02 4.000000000000000083e-02 0.000000000000000000e+00 0.000000000000000000e+00 0.000000000000000000e+00 0.000000000000000000e+00 1.000000000000000000e+00 4.000000000000000083e-02 8.100000000000000533e-01 0.000000000000000000e+00 0.000000000000000000e+00 0.000000000000000000e+00 8.000000000000000167e-02
0.000000000000000000e+00 0.000000000000000000e+00 2.083333333333333218e-02 0.000000000000000000e+00 4.861111111111111188e-02 0.000000000000000000e+00 0.000000000000000000e+00 5.555555555555555247e-02 0.000000000000000000e+00 1.000000000000000000e+00 0.000000000000000000e+00 0.000000000000000000e+00 0.000000000000000000e+00 5.555555555555555247e-02
0.000000000000000000e+00 0.000000000000000000e+00 0.000000000000000000e+00 0.000000000000000000e+00 0.000000000000000000e+00 0.000000000000000000e+00 0.000000000000000000e+00 0.000000000000000000e+00 0.000000000000000000e+00 0.000000000000000000e+00 0.000000000000000000e+00 0.000000000000000000e+00 0.000000000000000000e+00 0.000000000000000000e+00
8.517241379310345195e-01 1.000000000000000000e+00 0.000000000000000000e+00 1.758620689655172320e-01 0.000000000000000000e+00 0.000000000000000000e+00 0.000000000000000000e+00 0.000000000000000000e+00 4.000000000000000222e-01 0.000000000000000000e+00 0.000000000000000000e+00 4.103448275862068839e-01 0.000000000000000000e+00 0.000000000000000000e+00
4.123711340206185488e-02 0.000000000000000000e+00 0.000000000000000000e+00 5.154639175257731687e-02 0.000000000000000000e+00 0.000000000000000000e+00 0.000000000000000000e+00 3.092783505154639290e-01 0.000000000000000000e+00 0.000000000000000000e+00 0.000000000000000000e+00 1.000000000000000000e+00 0.000000000000000000e+00 0.000000000000000000e+00
4.334365325077399467e-02 1.238390092879257040e-02 4.798761609907120640e-01 0.000000000000000000e+00 5.479876160990712064e-01 1.517027863777089813e-01 0.000000000000000000e+00 4.241486068111455232e-01 9.287925696594426933e-03 0.000000000000000000e+00 4.427244582043343701e-01 1.857585139318885387e-02 0.000000000000000000e+00 1.000000000000000000e+00
0.000000000000000000e+00 0.000000000000000000e+00 0.000000000000000000e+00 0.000000000000000000e+00 0.000000000000000000e+00 2.422907488986784097e-01 0.000000000000000000e+00 4.405286343612335211e-03 0.000000000000000000e+00 3.193832599118942572e-01 1.000000000000000000e+00 8.810572687224670421e-03 0.000000000000000000e+00 2.643171806167400953e-02
4.487179487179487197e-02 0.000000000000000000e+00 0.000000000000000000e+00 3.076923076923077094e-01 0.000000000000000000e+00 0.000000000000000000e+00 0.000000000000000000e+00 4.230769230769230727e-01 0.000000000000000000e+00 0.000000000000000000e+00 0.000000000000000000e+00 1.000000000000000000e+00 0.000000000000000000e+00 0.000000000000000000e+00
0.000000000000000000e+00 0.000000000000000000e+00 5.725190839694656308e-02 0.000000000000000000e+00 3.816793893129770843e-03 0.000000000000000000e+00 0.000000000000000000e+00 0.000000000000000000e+00 0.000000000000000000e+00 1.000000000000000000e+00 0.000000000000000000e+00 0.000000000000000000e+00 0.000000000000000000e+00 9.923664122137404453e-02
0.000000000000000000e+00 3.086419753086419582e-03 2.160493827160493707e-02 0.000000000000000000e+00 5.864197530864197205e-02 1.851851851851851749e-02 0.000000000000000000e+00 3.703703703703703498e-02 0.000000000000000000e+00 1.000000000000000000e+00 3.086419753086419582e-02 3.086419753086419582e-03 0.000000000000000000e+00 3.950617283950617065e-01
