0.000000000000000000e+00 0.000000000000000000e+00 4.972375690607734600e-02 0.000000000000000000e+00 0.000000000000000000e+00 4.972375690607734600e-02 0.000000000000000000e+00 5.801104972375690227e-01 1.000000000000000000e+00 0.000000000000000000e+00
1.000000000000000000e+00 0.000000000000000000e+00 0.000000000000000000e+00 0.000000000000000000e+00 0.000000000000000000e+00 0.000000000000000000e+00 1.122112211221122091e-01 0.000000000000000000e+00 0.000000000000000000e+00 1.320132013201320148e-02
0.000000000000000000e+00 7.407407407407407690e-03 0.000000000000000000e+00 1.777777777777777846e-01 0.000000000000000000e+00 0.000000000000000000e+00 9.629629629629629650e-02 1.000000000000000000e+00 0.000000000000000000e+00 0.000000000000000000e+00
0.000000000000000000e+00 0.000000000000000000e+00 5.468750000000000000e-02 0.000000000000000000e+00 0.000000000000000000e+00 0.000000000000000000e+00 1.000000000000000000e+00 3.828125000000000000e-01 0.000000000000000000e+00 1.015625000000000000e-01
0.000000000000000000e+00 0.000000000000000000e+00 0.000000000000000000e+00 0.000000000000000000e+00 0.000000000000000000e+00 0.000000000000000000e+00 0.000000000000000000e+00 0.000000000000000000e+00 0.000000000000000000e+00 0.000000000000000000e+00
0.000000000000000000e+00 0.000000000000000000e+00 0.000000000000000000e+00 0.000000000000000000e+00 0.000000000000000000e+00 0.000000000000000000e+00 0.000000000000000000e+00 1.000000000000000000e+00 6.153846153846154188e-01 0.000000000000000000e+00
0.000000000000000000e+00 1.000000000000000000e+00 0.000000000000000000e+00 0.000000000000000000e+00 0.000000000000000000e+00 0.000000000000000000e+00 0.000000000000000000e+00 0.000000000000000000e+00 0.000000000000000000e+00 2.697368421052631637e-01
0.000000000000000000e+00 1.046511627906976799e-01 8.197674418604651292e-01 1.000000000000000000e+00 0.000000000000000000e+00 0.000000000000000000e+00 7.209302325581394832e-01 0.000000000000000000e+00 0.000000000000000000e+00 4.069767441860465407e-02
0.000000000000000000e+00 0.000000000000000000e+00 1.000000000000000056e-01 6.250000000000000347e-03 0.000000000000000000e+00 7.499999999999999722e-02 0.000000000000000000e+00 1.000000000000000000e+00 0.000000000000000000e+00 0.000000000000000000e+00
0.000000000000000000e+00 2.183908045977011603e-01 0.000000000000000000e+00 0.000000000000000000e+00 0.000000000000000000e+00 0.000000000000000000e+00 1.000000000000000000e+00 0.000000000000000000e+00 0.000000000000000000e+00 0.000000000000000000e+00
