5.115089514066496063e-02 0.000000000000000000e+00 0.000000000000000000e+00 1.790281329923273587e-02 0.000000000000000000e+00 0.000000000000000000e+00 0.000000000000000000e+00 0.000000000000000000e+00 0.000000000000000000e+00 1.000000000000000000e+00 0.000000000000000000e+00 0.000000000000000000e+00 0.000000000000000000e+00
0.000000000000000000e+00 6.165413533834586124e-01 4.189044038668098685e-02 0.000000000000000000e+00 0.000000000000000000e+00 0.000000000000000000e+00 1.000000000000000000e+00 0.000000000000000000e+00 0.000000000000000000e+00 0.000000000000000000e+00 2.148227712137486516e-03 0.000000000000000000e+00 0.000000000000000000e+00
5.027932960893854997e-01 0.000000000000000000e+00 2.793296089385474690e-02 0.000000000000000000e+00 0.000000000000000000e+00 1.000000000000000000e+00 2.346368715083798906e-01 0.000000000000000000e+00 0.000000000000000000e+00 0.000000000000000000e+00 5.474860335195530503e-01 1.452513966480447061e-01 0.000000000000000000e+00
0.000000000000000000e+00 0.000000000000000000e+00 0.000000000000000000e+00 0.000000000000000000e+00 0.000000000000000000e+00 0.000000000000000000e+00 1.395348837209302306e-01 0.000000000000000000e+00 1.000000000000000000e+00 0.000000000000000000e+00 0.000000000000000000e+00 1.000000000000000000e+00 9.302325581395348708e-02
0.000000000000000000e+00 0.000000000000000000e+00 0.000000000000000000e+00 0.000000000000000000e+00 0.000000000000000000e+00 0.000000000000000000e+00 0.000000000000000000e+00 0.000000000000000000e+00 0.000000000000000000e+00 0.000000000000000000e+00 0.000000000000000000e+00 0.000000000000000000e+00 0.000000000000000000e+00
0.000000000000000000e+00 0.000000000000000000e+00 0.000000000000000000e+00 0.000000000000000000e+00 0.000000000000000000e+00 3.370786516853932491e-02 0.000000000000000000e+00 1.000000000000000000e+00 0.000000000000000000e+00 0.000000000000000000e+00 0.000000000000000000e+00 0.000000000000000000e+00 0.000000000000000000e+00
0.000000000000000000e+00 1.000000000000000000e+00 3.072861668426610238e-01 0.000000000000000000e+00 0.000000000000000000e+00 0.000000000000000000e+00 0.000000000000000000e+00 0.000000000000000000e+00 0.000000000000000000e+00 0.000000000000000000e+00 3.590285110876451774e-02 0.000000000000000000e+00 0.000000000000000000e+00
1.000000000000000000e+00 0.000000000000000000e+00 0.000000000000000000e+00 0.000000000000000000e+00 0.000000000000000000e+00 5.945945945945946276e-01 0.000000000000000000e+00 6.756756756756757132e-02 0.000000000000000000e+00 0.000000000000000000e+00 0.000000000000000000e+00 2.635135135135134865e-01 0.000000000000000000e+00
0.000000000000000000e+00 1.992031872509960125e-02 1.992031872509960125e-03 3.286852589641434119e-02 0.000000000000000000e+00 0.000000000000000000e+00 2.539840637450199168e-01 0.000000000000000000e+00 0.000000000000000000e+00 0.000000000000000000e+00 3.984063745019920250e-03 5.278884462151394591e-02 1.000000000000000000e+00
6.926406926406926123e-01 0.000000000000000000e+00 0.000000000000000000e+00 0.000000000000000000e+00 0.000000000000000000e+00 0.000000000000000000e+00 0.000000000000000000e+00 0.000000000000000000e+00 0.000000000000000000e+00 8.658008658008657654e-02 0.000000000000000000e+00 1.000000000000000000e+00 0.000000000000000000e+00
0.000000000000000000e+00 1.941747572815533812e-02 1.000000000000000000e+00 0.000000000000000000e+00 0.000000000000000000e+00 0.000000000000000000e+00 2.330097087378640852e-01 8.737864077669903196e-02 0.000000000000000000e+00 0.000000000000000000e+00 1.941747572815533812e-02 0.000000000000000000e+00 0.000000000000000000e+00
0.000000000000000000e+00 0.000000000000000000e+00 0.000000000000000000e+00 1.778523489932885837e-01 0.000000000000000000e+00 0.000000000000000000e+00 6.711409395973154217e-03 0.000000000000000000e+00 1.000000000000000000e+00 0.000000000000000000e+00 0.000000000000000000e+00 2.013422818791946178e-02 1.342281879194630878e-01
0.000000000000000000e+00 2.912621359223301065e-03 0.000000000000000000e+00 2.912621359223301065e-03 0.000000000000000000e+00 0.000000000000000000e+00 1.165048543689320426e-02 0.000000000000000000e+00 1.000000000000000000e+00 0.000000000000000000e+00 0.000000000000000000e+00 0.000000000000000000e+00 5.669902912621359592e-01
