2.867383512544802865e-02 0.000000000000000000e+00 0.000000000000000000e+00 3.584229390681003581e-03 0.000000000000000000e+00 1.290322580645161255e-01 0.000000000000000000e+00 2.508960573476702594e-02 1.000000000000000000e+00 0.000000000000000000e+00 5.734767025089605730e-02 0.000000000000000000e+00 1.075268817204301161e-02
1.000000000000000000e+00 3.300330033003300370e-03 1.320132013201320148e-02 0.000000000000000000e+00 0.000000000000000000e+00 0.000000000000000000e+00 9.900990099009901457e-02 0.000000000000000000e+00 0.000000000000000000e+00 0.000000000000000000e+00 0.000000000000000000e+00 0.000000000000000000e+00 0.000000000000000000e+00
0.000000000000000000e+00 3.560830860534124759e-02 7.477744807121661230e-01 0.000000000000000000e+00 0.000000000000000000e+00 0.000000000000000000e+00 1.000000000000000000e+00 0.000000000000000000e+00 0.000000000000000000e+00 9.891196834817012496e-04 0.000000000000000000e+00 0.000000000000000000e+00 0.000000000000000000e+00
0.000000000000000000e+00 1.600000000000000033e-02 1.280000000000000027e-01 0.000000000000000000e+00 0.000000000000000000e+00 0.000000000000000000e+00 6.959999999999999520e-01 1.000000000000000000e+00 0.000000000000000000e+00 0.000000000000000000e+00 0.000000000000000000e+00 8.000000000000000167e-03 1.199999999999999956e-01
0.000000000000000000e+00 0.000000000000000000e+00 0.000000000000000000e+00 0.000000000000000000e+00 0.000000000000000000e+00 0.000000000000000000e+00 0.000000000000000000e+00 0.000000000000000000e+00 0.000000000000000000e+00 0.000000000000000000e+00 0.000000000000000000e+00 0.000000000000000000e+00 0.000000000000000000e+00
9.202453987730061999e-03 0.000000000000000000e+00 0.000000000000000000e+00 3.067484662576687188e-03 0.000000000000000000e+00 8.006134969325153783e-01 0.000000000000000000e+00 4.294478527607362150e-02 1.000000000000000000e+00 0.000000000000000000e+00 6.134969325153374377e-03 3.067484662576687188e-03 1.533742331288343551e-02
0.000000000000000000e+00 2.890855457227138881e-01 1.000000000000000000e+00 0.000000000000000000e+00 0.000000000000000000e+00 0.000000000000000000e+00 0.000000000000000000e+00 0.000000000000000000e+00 0.000000000000000000e+00 1.376597836774827964e-02 0.000000000000000000e+00 0.000000000000000000e+00 0.000000000000000000e+00
0.000000000000000000e+00 1.849568434032059210e-03 3.082614056720098684e-03 1.220715166461159018e-01 0.000000000000000000e+00 0.000000000000000000e+00 1.078914919852034526e-01 0.000000000000000000e+00 0.000000000000000000e+00 0.000000000000000000e+00 0.000000000000000000e+00 1.541307028360049299e-02 1.000000000000000000e+00
1.114649681528662450e-01 0.000000000000000000e+00 0.000000000000000000e+00 0.000000000000000000e+00 0.000000000000000000e+00 1.000000000000000000e+00 0.000000000000000000e+00 7.993630573248408089e-01 0.000000000000000000e+00 0.000000000000000000e+00 7.643312101910827716e-02 0.000000000000000000e+00 5.414012738853503370e-02
0.000000000000000000e+00 2.727272727272727071e-01 9.090909090909091161e-02 0.000000000000000000e+00 0.000000000000000000e+00 0.000000000000000000e+00 1.000000000000000000e+00 0.000000000000000000e+00 0.000000000000000000e+00 0.000000000000000000e+00 0.000000000000000000e+00 0.000000000000000000e+00 0.000000000000000000e+00
0.000000000000000000e+00 0.000000000000000000e+00 0.000000000000000000e+00 0.000000000000000000e+00 0.000000000000000000e+00 5.555555555555555247e-02 0.000000000000000000e+00 1.111111111111111049e-01 1.000000000000000000e+00 0.000000000000000000e+00 0.000000000000000000e+00 0.000000000000000000e+00 0.000000000000000000e+00
0.000000000000000000e+00 0.000000000000000000e+00 0.000000000000000000e+00 1.000000000000000000e+00 0.000000000000000000e+00 0.000000000000000000e+00 0.000000000000000000e+00 5.882352941176470784e-01 0.000000000000000000e+00 0.000000000000000000e+00 0.000000000000000000e+00 0.000000000000000000e+00 1.764705882352941291e-01
0.000000000000000000e+00 0.000000000000000000e+00 3.092145949288806553e-03 1.793444650587507766e-02 0.000000000000000000e+00 0.000000000000000000e+00 6.802721088435373896e-03 1.000000000000000000e+00 0.000000000000000000e+00 0.000000000000000000e+00 0.000000000000000000e+00 1.855287569573283888e-03 7.272727272727272929e-01
