1.000000000000000000e+00 0.000000000000000000e+00 0.000000000000000000e+00 0.000000000000000000e+00 0.000000000000000000e+00 3.571428571428571508e-01 0.000000000000000000e+00 8.928571428571428076e-03 2.410714285714285754e-01 1.785714285714285615e-02 3.571428571428571230e-02 0.000000000000000000e+00 2.678571428571428423e-02
0.000000000000000000e+00 0.000000000000000000e+00 1.707317073170731836e-01 0.000000000000000000e+00 6.097560975609756309e-03 0.000000000000000000e+00 0.000000000000000000e+00 1.000000000000000000e+00 0.000000000000000000e+00 0.000000000000000000e+00 2.439024390243902524e-02 0.000000000000000000e+00 0.000000000000000000e+00
0.000000000000000000e+00 0.000000000000000000e+00 0.000000000000000000e+00 0.000000000000000000e+00 0.000000000000000000e+00 0.000000000000000000e+00 0.000000000000000000e+00 0.000000000000000000e+00 0.000000000000000000e+00 0.000000000000000000e+00 0.000000000000000000e+00 1.000000000000000000e+00 0.000000000000000000e+00
1.000000000000000000e+00 0.000000000000000000e+00 0.000000000000000000e+00 0.000000000000000000e+00 0.000000000000000000e+00 1.730769230769230727e-01 0.000000000000000000e+00 0.000000000000000000e+00 1.153846153846153910e-01 0.000000000000000000e+00 1.923076923076923184e-02 0.000000000000000000e+00 5.769230769230769551e-02
0.000000000000000000e+00 0.000000000000000000e+00 0.000000000000000000e+00 0.000000000000000000e+00 0.000000000000000000e+00 0.000000000000000000e+00 0.000000000000000000e+00 2.068965517241379282e-01 0.000000000000000000e+00 1.034482758620689641e-01 1.000000000000000000e+00 0.000000000000000000e+00 0.000000000000000000e+00
0.000000000000000000e+00 2.173913043478260809e-02 2.173913043478260809e-02 4.347826086956521618e-02 2.173913043478260809e-02 0.000000000000000000e+00 0.000000000000000000e+00 1.956521739130434867e-01 1.000000000000000000e+00 0.000000000000000000e+00 0.000000000000000000e+00 0.000000000000000000e+00 4.347826086956521618e-02
0.000000000000000000e+00 0.000000000000000000e+00 0.000000000000000000e+00 0.000000000000000000e+00 0.000000000000000000e+00 0.000000000000000000e+00 0.000000000000000000e+00 0.000000000000000000e+00 0.000000000000000000e+00 0.000000000000000000e+00 0.000000000000000000e+00 0.000000000000000000e+00 0.000000000000000000e+00
0.000000000000000000e+00 4.366197183098591283e-01 1.000000000000000000e+00 0.000000000000000000e+00 1.577464788732394485e-01 0.000000000000000000e+00 0.000000000000000000e+00 0.000000000000000000e+00 0.000000000000000000e+00 4.225352112676056260e-02 7.323943661971830943e-02 0.000000000000000000e+00 0.000000000000000000e+00
7.903780068728522012e-02 1.202749140893470819e-01 0.000000000000000000e+00 1.993127147766323159e-01 4.810996563573883417e-02 4.123711340206185488e-02 0.000000000000000000e+00 1.000000000000000000e+00 0.000000000000000000e+00 0.000000000000000000e+00 1.030927835051546372e-02 0.000000000000000000e+00 5.017182130584192379e-01
0.000000000000000000e+00 5.333333333333333676e-02 1.066666666666666735e-01 0.000000000000000000e+00 1.333333333333333419e-02 0.000000000000000000e+00 0.000000000000000000e+00 1.000000000000000000e+00 0.000000000000000000e+00 0.000000000000000000e+00 0.000000000000000000e+00 0.000000000000000000e+00 0.000000000000000000e+00
0.000000000000000000e+00 1.069518716577540045e-02 0.000000000000000000e+00 0.000000000000000000e+00 0.000000000000000000e+00 0.000000000000000000e+00 0.000000000000000000e+00 1.550802139037433247e-01 0.000000000000000000e+00 3.475935828877005362e-01 1.000000000000000000e+00 0.000000000000000000e+00 0.000000000000000000e+00
2.801120448179271732e-03 0.000000000000000000e+00 0.000000000000000000e+00 1.680672268907562952e-02 5.602240896358543464e-03 0.000000000000000000e+00 0.000000000000000000e+00 0.000000000000000000e+00 1.000000000000000000e+00 0.000000000000000000e+00 0.000000000000000000e+00 0.000000000000000000e+00 7.282913165266106936e-02
6.849315068493150305e-03 0.000000000000000000e+00 0.000000000000000000e+00 3.424657534246575152e-02 6.849315068493150305e-03 6.849315068493150305e-03 0.000000000000000000e+00 1.780821917808219079e-01 1.000000000000000000e+00 0.000000000000000000e+00 0.000000000000000000e+00 0.000000000000000000e+00 0.000000000000000000e+00
