5.253378378378378288e-01 6.081081081081081419e-02 0.000000000000000000e+00 0.000000000000000000e+00 0.000000000000000000e+00 0.000000000000000000e+00 1.000000000000000000e+00 0.000000000000000000e+00 0.000000000000000000e+00 5.067567567567567849e-03 0.000000000000000000e+00 0.000000000000000000e+00 0.000000000000000000e+00
3.300330033003300370e-03 0.000000000000000000e+00 0.000000000000000000e+00 0.000000000000000000e+00 0.000000000000000000e+00 0.000000000000000000e+00 7.920792079207920888e-02 0.000000000000000000e+00 0.000000000000000000e+00 0.000000000000000000e+00 0.000000000000000000e+00 0.000000000000000000e+00 1.000000000000000000e+00
6.295907660020986542e-03 0.000000000000000000e+00 5.362014690451206711e-01 2.203567681007345333e-02 0.000000000000000000e+00 0.000000000000000000e+00 9.443861490031480246e-03 1.000000000000000000e+00 0.000000000000000000e+00 0.000000000000000000e+00 0.000000000000000000e+00 3.147953830010493271e-03 0.000000000000000000e+00
7.792207792207792028e-02 0.000000000000000000e+00 9.740259740259740728e-02 0.000000000000000000e+00 0.000000000000000000e+00 0.000000000000000000e+00 5.064935064935064402e-01 1.000000000000000000e+00 0.000000000000000000e+00 0.000000000000000000e+00 0.000000000000000000e+00 1.948051948051948007e-02 0.000000000000000000e+00
0.000000000000000000e+00 0.000000000000000000e+00 0.000000000000000000e+00 0.000000000000000000e+00 0.000000000000000000e+00 0.000000000000000000e+00 0.000000000000000000e+00 0.000000000000000000e+00 0.000000000000000000e+00 0.000000000000000000e+00 0.000000000000000000e+00 0.000000000000000000e+00 0.000000000000000000e+00
0.000000000000000000e+00 0.000000000000000000e+00 6.818181818181817677e-02 0.000000000000000000e+00 0.000000000000000000e+00 8.636363636363636465e-01 0.000000000000000000e+00 2.954545454545454697e-01 1.000000000000000000e+00 0.000000000000000000e+00 0.000000000000000000e+00 0.000000000000000000e+00 1.136363636363636395e-02
1.000000000000000000e+00 4.773869346733668473e-01 0.000000000000000000e+00 0.000000000000000000e+00 0.000000000000000000e+00 0.000000000000000000e+00 0.000000000000000000e+00 0.000000000000000000e+00 0.000000000000000000e+00 1.842546063651591404e-02 0.000000000000000000e+00 0.000000000000000000e+00 0.000000000000000000e+00
1.455301455301455382e-02 2.079002079002079117e-03 1.000000000000000000e+00 2.297297297297297425e-01 0.000000000000000000e+00 0.000000000000000000e+00 1.902286902286902393e-01 0.000000000000000000e+00 0.000000000000000000e+00 0.000000000000000000e+00 0.000000000000000000e+00 2.598752598752598897e-02 0.000000000000000000e+00
0.000000000000000000e+00 0.000000000000000000e+00 3.418803418803419147e-02 0.000000000000000000e+00 0.000000000000000000e+00 3.547008547008547175e-01 0.000000000000000000e+00 1.000000000000000000e+00 0.000000000000000000e+00 0.000000000000000000e+00 2.991452991452991581e-02 0.000000000000000000e+00 6.410256410256409687e-02
1.428571428571428492e-01 8.571428571428570953e-01 0.000000000000000000e+00 0.000000000000000000e+00 0.000000000000000000e+00 0.000000000000000000e+00 1.000000000000000000e+00 0.000000000000000000e+00 0.000000000000000000e+00 0.000000000000000000e+00 0.000000000000000000e+00 0.000000000000000000e+00 0.000000000000000000e+00
0.000000000000000000e+00 0.000000000000000000e+00 0.000000000000000000e+00 0.000000000000000000e+00 0.000000000000000000e+00 2.500000000000000000e-01 0.000000000000000000e+00 8.333333333333332871e-02 1.000000000000000000e+00 0.000000000000000000e+00 0.000000000000000000e+00 0.000000000000000000e+00 0.000000000000000000e+00
0.000000000000000000e+00 0.000000000000000000e+00 0.000000000000000000e+00 1.000000000000000000e+00 0.000000000000000000e+00 0.000000000000000000e+00 0.000000000000000000e+00 5.500000000000000444e-01 0.000000000000000000e+00 0.000000000000000000e+00 0.000000000000000000e+00 0.000000000000000000e+00 0.000000000000000000e+00
0.000000000000000000e+00 0.000000000000000000e+00 4.048582995951417046e-03 0.000000000000000000e+00 0.000000000000000000e+00 1.417004048582996001e-01 0.000000000000000000e+00 1.133603238866396773e-01 1.000000000000000000e+00 0.000000000000000000e+00 3.643724696356274995e-02 0.000000000000000000e+00 2.024291497975708523e-02
