0.000000000000000000e+00 0.000000000000000000e+00 0.000000000000000000e+00 0.000000000000000000e+00 6.382978723404254817e-02 0.000000000000000000e+00 7.978723404255319007e-01 1.000000000000000000e+00 0.000000000000000000e+00 1.170212765957446832e-01
0.000000000000000000e+00 6.217948717948718063e-01 3.076923076923077094e-02 0.000000000000000000e+00 0.000000000000000000e+00 1.000000000000000000e+00 0.000000000000000000e+00 0.000000000000000000e+00 0.000000000000000000e+00 0.000000000000000000e+00
1.000000000000000000e+00 0.000000000000000000e+00 0.000000000000000000e+00 0.000000000000000000e+00 0.000000000000000000e+00 0.000000000000000000e+00 0.000000000000000000e+00 0.000000000000000000e+00 6.290322580645161255e-01 0.000000000000000000e+00
0.000000000000000000e+00 0.000000000000000000e+00 0.000000000000000000e+00 0.000000000000000000e+00 0.000000000000000000e+00 0.000000000000000000e+00 0.000000000000000000e+00 0.000000000000000000e+00 0.000000000000000000e+00 0.000000000000000000e+00
0.000000000000000000e+00 0.000000000000000000e+00 0.000000000000000000e+00 0.000000000000000000e+00 1.000000000000000000e+00 0.000000000000000000e+00 4.166666666666666852e-01 3.333333333333333148e-01 0.000000000000000000e+00 3.333333333333333148e-01
0.000000000000000000e+00 1.000000000000000000e+00 3.554140127388534798e-01 0.000000000000000000e+00 0.000000000000000000e+00 0.000000000000000000e+00 0.000000000000000000e+00 0.000000000000000000e+00 0.000000000000000000e+00 0.000000000000000000e+00
0.000000000000000000e+00 1.335707925200356125e-02 8.904719501335707716e-04 0.000000000000000000e+00 0.000000000000000000e+00 2.386464826357969637e-01 0.000000000000000000e+00 0.000000000000000000e+00 0.000000000000000000e+00 1.000000000000000000e+00
0.000000000000000000e+00 0.000000000000000000e+00 0.000000000000000000e+00 0.000000000000000000e+00 8.235294117647058709e-02 0.000000000000000000e+00 1.000000000000000000e+00 0.000000000000000000e+00 0.000000000000000000e+00 7.058823529411764608e-02
0.000000000000000000e+00 0.000000000000000000e+00 0.000000000000000000e+00 0.000000000000000000e+00 0.000000000000000000e+00 0.000000000000000000e+00 1.000000000000000000e+00 0.000000000000000000e+00 0.000000000000000000e+00 8.256880733944954587e-02
0.000000000000000000e+00 3.530450132391880092e-03 0.000000000000000000e+00 0.000000000000000000e+00 0.000000000000000000e+00 1.412180052956752037e-02 1.000000000000000000e+00 0.000000000000000000e+00 0.000000000000000000e+00 6.637246248896734313e-01
