9.722222222222222376e-02 0.000000000000000000e+00 0.000000000000000000e+00 3.472222222222222376e-02 0.000000000000000000e+00 6.944444444444444059e-03 0.000000000000000000e+00 1.000000000000000000e+00 1.666666666666666574e-01 0.000000000000000000e+00 5.555555555555555247e-02 1.111111111111111049e-01 4.861111111111111188e-02
1.000000000000000000e+00 5.365853658536585274e-02 2.439024390243902524e-02 0.000000000000000000e+00 0.000000000000000000e+00 0.000000000000000000e+00 2.195121951219512202e-01 0.000000000000000000e+00 0.000000000000000000e+00 0.000000000000000000e+00 0.000000000000000000e+00 4.780487804878048586e-01 0.000000000000000000e+00
0.000000000000000000e+00 2.352941176470588203e-01 0.000000000000000000e+00 0.000000000000000000e+00 0.000000000000000000e+00 0.000000000000000000e+00 1.000000000000000000e+00 0.000000000000000000e+00 0.000000000000000000e+00 3.529411764705882304e-02 0.000000000000000000e+00 0.000000000000000000e+00 0.000000000000000000e+00
0.000000000000000000e+00 0.000000000000000000e+00 1.093750000000000000e-01 7.812500000000000000e-03 0.000000000000000000e+00 0.000000000000000000e+00 8.046875000000000000e-01 1.000000000000000000e+00 0.000000000000000000e+00 2.343750000000000000e-02 0.000000000000000000e+00 7.812500000000000000e-03 1.171875000000000000e-01
0.000000000000000000e+00 0.000000000000000000e+00 0.000000000000000000e+00 0.000000000000000000e+00 0.000000000000000000e+00 0.000000000000000000e+00 0.000000000000000000e+00 0.000000000000000000e+00 0.000000000000000000e+00 0.000000000000000000e+00 0.000000000000000000e+00 0.000000000000000000e+00 0.000000000000000000e+00
0.000000000000000000e+00 0.000000000000000000e+00 0.000000000000000000e+00 0.000000000000000000e+00 0.000000000000000000e+00 0.000000000000000000e+00 0.000000000000000000e+00 0.000000000000000000e+00 1.000000000000000000e+00 0.000000000000000000e+00 0.000000000000000000e+00 0.000000000000000000e+00 0.000000000000000000e+00
0.000000000000000000e+00 1.000000000000000000e+00 2.491582491582491621e-01 0.000000000000000000e+00 0.000000000000000000e+00 0.000000000000000000e+00 0.000000000000000000e+00 0.000000000000000000e+00 0.000000000000000000e+00 6.060606060606060774e-02 0.000000000000000000e+00 0.000000000000000000e+00 0.000000000000000000e+00
0.000000000000000000e+00 7.368421052631578261e-02 7.368421052631578261e-02 1.000000000000000000e+00 0.000000000000000000e+00 0.000000000000000000e+00 6.894736842105263497e-01 0.000000000000000000e+00 0.000000000000000000e+00 1.052631578947368397e-02 0.000000000000000000e+00 2.052631578947368418e-01 8.105263157894736503e-01
0.000000000000000000e+00 0.000000000000000000e+00 0.000000000000000000e+00 5.263157894736841813e-02 0.000000000000000000e+00 0.000000000000000000e+00 0.000000000000000000e+00 1.000000000000000000e+00 0.000000000000000000e+00 0.000000000000000000e+00 0.000000000000000000e+00 1.578947368421052544e-01 1.578947368421052544e-01
0.000000000000000000e+00 1.000000000000000000e+00 5.555555555555555247e-02 0.000000000000000000e+00 0.000000000000000000e+00 0.000000000000000000e+00 3.888888888888888951e-01 0.000000000000000000e+00 0.000000000000000000e+00 0.000000000000000000e+00 0.000000000000000000e+00 0.000000000000000000e+00 0.000000000000000000e+00
0.000000000000000000e+00 0.000000000000000000e+00 0.000000000000000000e+00 0.000000000000000000e+00 0.000000000000000000e+00 0.000000000000000000e+00 0.000000000000000000e+00 1.000000000000000000e+00 1.428571428571428492e-01 0.000000000000000000e+00 0.000000000000000000e+00 0.000000000000000000e+00 0.000000000000000000e+00
0.000000000000000000e+00 2.083333333333333218e-02 0.000000000000000000e+00 5.729166666666666297e-01 0.000000000000000000e+00 0.000000000000000000e+00 0.000000000000000000e+00 1.000000000000000000e+00 0.000000000000000000e+00 0.000000000000000000e+00 0.000000000000000000e+00 2.083333333333333218e-02 7.291666666666667129e-02
0.000000000000000000e+00 2.000000000000000042e-02 0.000000000000000000e+00 8.666666666666666963e-02 0.000000000000000000e+00 0.000000000000000000e+00 1.199999999999999956e-01 1.000000000000000000e+00 0.000000000000000000e+00 0.000000000000000000e+00 0.000000000000000000e+00 1.333333333333333419e-02 0.000000000000000000e+00
