6.742532005689900743e-01 4.978662873399715416e-02 0.000000000000000000e+00 0.000000000000000000e+00 0.000000000000000000e+00 0.000000000000000000e+00 1.000000000000000000e+00 0.000000000000000000e+00 0.000000000000000000e+00 0.000000000000000000e+00
9.900990099009901110e-03 0.000000000000000000e+00 0.000000000000000000e+00 0.000000000000000000e+00 0.000000000000000000e+00 0.000000000000000000e+00 1.386138613861386260e-01 0.000000000000000000e+00 0.000000000000000000e+00 1.000000000000000000e+00
2.879078694817658463e-03 2.879078694817658463e-03 7.639155470249520130e-01 2.111324376199616090e-02 0.000000000000000000e+00 0.000000000000000000e+00 8.637236084452975388e-03 1.000000000000000000e+00 0.000000000000000000e+00 0.000000000000000000e+00
5.555555555555555247e-02 2.222222222222222307e-02 3.333333333333333287e-02 0.000000000000000000e+00 0.000000000000000000e+00 0.000000000000000000e+00 1.000000000000000000e+00 8.777777777777777679e-01 0.000000000000000000e+00 0.000000000000000000e+00
0.000000000000000000e+00 0.000000000000000000e+00 0.000000000000000000e+00 0.000000000000000000e+00 0.000000000000000000e+00 0.000000000000000000e+00 0.000000000000000000e+00 0.000000000000000000e+00 0.000000000000000000e+00 0.000000000000000000e+00
0.000000000000000000e+00 0.000000000000000000e+00 1.303538175046554948e-02 0.000000000000000000e+00 0.000000000000000000e+00 7.374301675977653625e-01 0.000000000000000000e+00 2.979515828677839831e-02 1.000000000000000000e+00 0.000000000000000000e+00
1.000000000000000000e+00 4.285714285714285476e-01 0.000000000000000000e+00 0.000000000000000000e+00 0.000000000000000000e+00 0.000000000000000000e+00 0.000000000000000000e+00 0.000000000000000000e+00 0.000000000000000000e+00 0.000000000000000000e+00
1.241642788920725889e-02 2.865329512893982720e-03 1.000000000000000000e+00 1.499522445081184208e-01 0.000000000000000000e+00 0.000000000000000000e+00 1.680993314231136460e-01 0.000000000000000000e+00 0.000000000000000000e+00 0.000000000000000000e+00
0.000000000000000000e+00 0.000000000000000000e+00 3.766478342749528946e-02 0.000000000000000000e+00 0.000000000000000000e+00 1.000000000000000000e+00 0.000000000000000000e+00 4.877589453860640134e-01 0.000000000000000000e+00 0.000000000000000000e+00
0.000000000000000000e+00 0.000000000000000000e+00 7.326007326007326001e-03 0.000000000000000000e+00 0.000000000000000000e+00 1.062271062271062244e-01 0.000000000000000000e+00 0.000000000000000000e+00 1.000000000000000000e+00 0.000000000000000000e+00
