6.475170399221031881e-01 4.771178188899707906e-02 0.000000000000000000e+00 2.629016553067186138e-02 0.000000000000000000e+00 0.000000000000000000e+00 0.000000000000000000e+00 1.000000000000000000e+00 0.000000000000000000e+00 0.000000000000000000e+00 2.142161635832521768e-02 4.673807205452774893e-02 0.000000000000000000e+00 0.000000000000000000e+00
2.640264026402640296e-02 0.000000000000000000e+00 0.000000000000000000e+00 1.650165016501650012e-02 0.000000000000000000e+00 0.000000000000000000e+00 0.000000000000000000e+00 2.310231023102310155e-01 0.000000000000000000e+00 1.000000000000000000e+00 0.000000000000000000e+00 0.000000000000000000e+00 0.000000000000000000e+00 0.000000000000000000e+00
0.000000000000000000e+00 0.000000000000000000e+00 0.000000000000000000e+00 0.000000000000000000e+00 0.000000000000000000e+00 1.100917431192660612e-01 0.000000000000000000e+00 9.174311926605505096e-03 1.000000000000000000e+00 0.000000000000000000e+00 0.000000000000000000e+00 1.376146788990825764e-02 7.385321100917431325e-01 5.504587155963303058e-02
9.704641350210969908e-02 0.000000000000000000e+00 0.000000000000000000e+00 0.000000000000000000e+00 0.000000000000000000e+00 0.000000000000000000e+00 0.000000000000000000e+00 1.000000000000000000e+00 0.000000000000000000e+00 0.000000000000000000e+00 8.016877637130802314e-02 8.312236286919830741e-01 0.000000000000000000e+00 0.000000000000000000e+00
1.034482758620689641e-01 0.000000000000000000e+00 1.724137931034482735e-02 6.034482758620689918e-02 0.000000000000000000e+00 0.000000000000000000e+00 0.000000000000000000e+00 1.000000000000000000e+00 1.982758620689655249e-01 0.000000000000000000e+00 0.000000000000000000e+00 0.000000000000000000e+00 0.000000000000000000e+00 1.724137931034482735e-02
3.067484662576687188e-03 3.067484662576687188e-03 5.214723926380367830e-02 3.067484662576687188e-03 3.680981595092024800e-02 0.000000000000000000e+00 0.000000000000000000e+00 1.533742331288343551e-02 1.000000000000000000e+00 0.000000000000000000e+00 0.000000000000000000e+00 0.000000000000000000e+00 0.000000000000000000e+00 9.202453987730060958e-02
0.000000000000000000e+00 0.000000000000000000e+00 0.000000000000000000e+00 0.000000000000000000e+00 0.000000000000000000e+00 0.000000000000000000e+00 0.000000000000000000e+00 0.000000000000000000e+00 0.000000000000000000e+00 0.000000000000000000e+00 0.000000000000000000e+00 0.000000000000000000e+00 0.000000000000000000e+00 0.000000000000000000e+00
1.000000000000000000e+00 2.995169082125603843e-01 0.000000000000000000e+00 3.893719806763284996e-01 0.000000000000000000e+00 0.000000000000000000e+00 0.000000000000000000e+00 0.000000000000000000e+00 0.000000000000000000e+00 0.000000000000000000e+00 2.473429951690821194e-01 5.217391304347825942e-01 0.000000000000000000e+00 0.000000000000000000e+00
1.262626262626262603e-02 5.050505050505050934e-03 4.482323232323232598e-01 3.787878787878787984e-03 1.641414141414141437e-01 2.436868686868686740e-01 0.000000000000000000e+00 1.414141414141414088e-01 0.000000000000000000e+00 0.000000000000000000e+00 2.525252525252525467e-03 3.787878787878787984e-03 5.820707070707070718e-01 1.000000000000000000e+00
0.000000000000000000e+00 0.000000000000000000e+00 6.538461538461538824e-02 0.000000000000000000e+00 0.000000000000000000e+00 0.000000000000000000e+00 0.000000000000000000e+00 0.000000000000000000e+00 1.000000000000000000e+00 0.000000000000000000e+00 0.000000000000000000e+00 0.000000000000000000e+00 0.000000000000000000e+00 1.038461538461538519e-01
1.060240963855421659e-01 4.819277108433735191e-02 0.000000000000000000e+00 6.746987951807228989e-02 0.000000000000000000e+00 0.000000000000000000e+00 0.000000000000000000e+00 1.000000000000000000e+00 0.000000000000000000e+00 0.000000000000000000e+00 0.000000000000000000e+00 0.000000000000000000e+00 0.000000000000000000e+00 0.000000000000000000e+00
6.340579710144927938e-02 0.000000000000000000e+00 0.000000000000000000e+00 0.000000000000000000e+00 0.000000000000000000e+00 0.000000000000000000e+00 0.000000000000000000e+00 1.000000000000000000e+00 0.000000000000000000e+00 0.000000000000000000e+00 3.750000000000000000e-01 7.898550724637680709e-01 0.000000000000000000e+00 0.000000000000000000e+00
0.000000000000000000e+00 0.000000000000000000e+00 0.000000000000000000e+00 0.000000000000000000e+00 0.000000000000000000e+00 3.354700854700854440e-01 0.000000000000000000e+00 4.273504273504273934e-03 1.000000000000000000e+00 0.000000000000000000e+00 2.136752136752136967e-03 6.410256410256410034e-03 7.585470085470085166e-01 7.905982905982905651e-02
6.493506493506493935e-03 3.896103896103896101e-03 3.766233766233766100e-02 2.597402597402597400e-03 2.597402597402597574e-02 2.467532467532467660e-02 0.000000000000000000e+00 7.792207792207792201e-03 1.000000000000000000e+00 0.000000000000000000e+00 0.000000000000000000e+00 0.000000000000000000e+00 5.974025974025973934e-02 6.389610389610389518e-01
