1.990049751243781057e-02 0.000000000000000000e+00 0.000000000000000000e+00 1.492537313432835792e-02 0.000000000000000000e+00 5.970149253731343170e-02 0.000000000000000000e+00 4.378109452736318463e-01 1.000000000000000000e+00 0.000000000000000000e+00 4.975124378109452641e-03 0.000000000000000000e+00 2.487562189054726494e-02
0.000000000000000000e+00 4.000000000000000222e-01 1.320000000000000062e-01 0.000000000000000000e+00 0.000000000000000000e+00 0.000000000000000000e+00 1.000000000000000000e+00 0.000000000000000000e+00 0.000000000000000000e+00 4.000000000000000083e-03 0.000000000000000000e+00 0.000000000000000000e+00 0.000000000000000000e+00
1.000000000000000000e+00 3.300330033003300370e-03 1.980198019801980222e-02 0.000000000000000000e+00 0.000000000000000000e+00 0.000000000000000000e+00 1.320132013201320009e-01 0.000000000000000000e+00 0.000000000000000000e+00 0.000000000000000000e+00 0.000000000000000000e+00 0.000000000000000000e+00 0.000000000000000000e+00
0.000000000000000000e+00 0.000000000000000000e+00 0.000000000000000000e+00 0.000000000000000000e+00 0.000000000000000000e+00 0.000000000000000000e+00 6.521739130434782428e-02 1.000000000000000000e+00 0.000000000000000000e+00 0.000000000000000000e+00 0.000000000000000000e+00 0.000000000000000000e+00 2.173913043478260809e-02
0.000000000000000000e+00 0.000000000000000000e+00 0.000000000000000000e+00 0.000000000000000000e+00 0.000000000000000000e+00 0.000000000000000000e+00 0.000000000000000000e+00 0.000000000000000000e+00 0.000000000000000000e+00 0.000000000000000000e+00 0.000000000000000000e+00 0.000000000000000000e+00 0.000000000000000000e+00
7.142857142857142461e-02 0.000000000000000000e+00 0.000000000000000000e+00 0.000000000000000000e+00 0.000000000000000000e+00 7.142857142857143016e-01 0.000000000000000000e+00 6.428571428571429047e-01 1.000000000000000000e+00 0.000000000000000000e+00 0.000000000000000000e+00 0.000000000000000000e+00 7.142857142857142461e-02
0.000000000000000000e+00 8.838028169014084945e-01 1.000000000000000000e+00 0.000000000000000000e+00 0.000000000000000000e+00 0.000000000000000000e+00 0.000000000000000000e+00 0.000000000000000000e+00 0.000000000000000000e+00 1.514084507042253447e-01 0.000000000000000000e+00 0.000000000000000000e+00 0.000000000000000000e+00
0.000000000000000000e+00 6.176470588235294379e-02 2.941176470588235253e-03 5.588235294117647328e-02 0.000000000000000000e+00 0.000000000000000000e+00 7.323529411764705399e-01 0.000000000000000000e+00 0.000000000000000000e+00 8.823529411764705760e-03 0.000000000000000000e+00 1.088235294117647078e-01 1.000000000000000000e+00
2.717391304347826012e-02 0.000000000000000000e+00 0.000000000000000000e+00 1.630434782608695607e-02 0.000000000000000000e+00 7.065217391304347283e-02 0.000000000000000000e+00 1.000000000000000000e+00 0.000000000000000000e+00 0.000000000000000000e+00 5.434782608695652023e-03 0.000000000000000000e+00 5.978260869565217572e-02
0.000000000000000000e+00 1.851851851851851749e-01 1.000000000000000000e+00 0.000000000000000000e+00 0.000000000000000000e+00 0.000000000000000000e+00 5.555555555555555802e-01 0.000000000000000000e+00 0.000000000000000000e+00 0.000000000000000000e+00 0.000000000000000000e+00 0.000000000000000000e+00 0.000000000000000000e+00
0.000000000000000000e+00 0.000000000000000000e+00 0.000000000000000000e+00 0.000000000000000000e+00 0.000000000000000000e+00 0.000000000000000000e+00 0.000000000000000000e+00 0.000000000000000000e+00 1.000000000000000000e+00 0.000000000000000000e+00 0.000000000000000000e+00 0.000000000000000000e+00 0.000000000000000000e+00
0.000000000000000000e+00 0.000000000000000000e+00 0.000000000000000000e+00 1.000000000000000000e+00 0.000000000000000000e+00 0.000000000000000000e+00 0.000000000000000000e+00 7.083333333333333703e-01 0.000000000000000000e+00 0.000000000000000000e+00 0.000000000000000000e+00 0.000000000000000000e+00 4.166666666666666435e-02
0.000000000000000000e+00 1.840490797546012400e-02 0.000000000000000000e+00 3.067484662576687188e-03 0.000000000000000000e+00 0.000000000000000000e+00 6.441717791411043226e-02 1.000000000000000000e+00 0.000000000000000000e+00 0.000000000000000000e+00 0.000000000000000000e+00 1.533742331288343551e-02 3.190184049079754502e-01
