6.800302571860816769e-01 3.555219364599092324e-02 0.000000000000000000e+00 1.512859304084720156e-03 0.000000000000000000e+00 0.000000000000000000e+00 0.000000000000000000e+00 1.000000000000000000e+00 7.564296520423600782e-04 0.000000000000000000e+00 0.000000000000000000e+00 2.269288956127080235e-03 5.295007564296520114e-03 0.000000000000000000e+00 0.000000000000000000e+00
3.883495145631067624e-02 2.912621359223301065e-02 0.000000000000000000e+00 0.000000000000000000e+00 0.000000000000000000e+00 0.000000000000000000e+00 0.000000000000000000e+00 3.268608414239482229e-01 0.000000000000000000e+00 0.000000000000000000e+00 0.000000000000000000e+00 6.472491909385113575e-03 0.000000000000000000e+00 1.000000000000000000e+00 0.000000000000000000e+00
0.000000000000000000e+00 0.000000000000000000e+00 0.000000000000000000e+00 2.631578947368420907e-02 0.000000000000000000e+00 0.000000000000000000e+00 0.000000000000000000e+00 2.631578947368420907e-02 0.000000000000000000e+00 1.000000000000000000e+00 5.000000000000000000e-01 0.000000000000000000e+00 0.000000000000000000e+00 0.000000000000000000e+00 5.263157894736841813e-02
7.407407407407406996e-02 1.851851851851851749e-02 0.000000000000000000e+00 0.000000000000000000e+00 0.000000000000000000e+00 0.000000000000000000e+00 0.000000000000000000e+00 1.000000000000000000e+00 0.000000000000000000e+00 0.000000000000000000e+00 0.000000000000000000e+00 0.000000000000000000e+00 0.000000000000000000e+00 0.000000000000000000e+00 0.000000000000000000e+00
9.917355371900826722e-02 0.000000000000000000e+00 0.000000000000000000e+00 0.000000000000000000e+00 4.132231404958677801e-02 0.000000000000000000e+00 0.000000000000000000e+00 1.000000000000000000e+00 0.000000000000000000e+00 5.785123966942148366e-01 0.000000000000000000e+00 2.479338842975206680e-02 0.000000000000000000e+00 4.132231404958677801e-02 9.090909090909091161e-02
0.000000000000000000e+00 0.000000000000000000e+00 0.000000000000000000e+00 0.000000000000000000e+00 8.333333333333332871e-02 0.000000000000000000e+00 0.000000000000000000e+00 4.166666666666666435e-02 0.000000000000000000e+00 1.000000000000000000e+00 0.000000000000000000e+00 0.000000000000000000e+00 0.000000000000000000e+00 0.000000000000000000e+00 6.250000000000000000e-02
0.000000000000000000e+00 0.000000000000000000e+00 0.000000000000000000e+00 0.000000000000000000e+00 0.000000000000000000e+00 0.000000000000000000e+00 0.000000000000000000e+00 0.000000000000000000e+00 0.000000000000000000e+00 0.000000000000000000e+00 0.000000000000000000e+00 0.000000000000000000e+00 0.000000000000000000e+00 0.000000000000000000e+00 0.000000000000000000e+00
1.000000000000000000e+00 2.635951661631419918e-01 0.000000000000000000e+00 2.567975830815710098e-02 0.000000000000000000e+00 0.000000000000000000e+00 0.000000000000000000e+00 0.000000000000000000e+00 3.927492447129909275e-02 0.000000000000000000e+00 0.000000000000000000e+00 3.247734138972809687e-02 5.740181268882175308e-02 0.000000000000000000e+00 0.000000000000000000e+00
1.034482758620689641e-01 0.000000000000000000e+00 0.000000000000000000e+00 6.896551724137930939e-02 0.000000000000000000e+00 0.000000000000000000e+00 0.000000000000000000e+00 1.000000000000000000e+00 0.000000000000000000e+00 0.000000000000000000e+00 0.000000000000000000e+00 0.000000000000000000e+00 6.551724137931034253e-01 0.000000000000000000e+00 0.000000000000000000e+00
5.628517823639774854e-03 6.566604127579737764e-03 5.159474671669793400e-02 9.380863039399624757e-04 1.641651031894934276e-01 3.189493433395872157e-02 0.000000000000000000e+00 1.294559099437148086e-01 0.000000000000000000e+00 0.000000000000000000e+00 7.504690431519700500e-02 0.000000000000000000e+00 0.000000000000000000e+00 4.409005628517823766e-02 1.000000000000000000e+00
0.000000000000000000e+00 0.000000000000000000e+00 0.000000000000000000e+00 0.000000000000000000e+00 0.000000000000000000e+00 2.317073170731707432e-01 0.000000000000000000e+00 1.219512195121951262e-02 0.000000000000000000e+00 1.000000000000000000e+00 6.463414634146341653e-01 0.000000000000000000e+00 0.000000000000000000e+00 0.000000000000000000e+00 3.658536585365853439e-02
3.333333333333333287e-02 6.333333333333333037e-01 0.000000000000000000e+00 3.333333333333333287e-02 0.000000000000000000e+00 0.000000000000000000e+00 0.000000000000000000e+00 1.000000000000000000e+00 0.000000000000000000e+00 0.000000000000000000e+00 0.000000000000000000e+00 0.000000000000000000e+00 0.000000000000000000e+00 0.000000000000000000e+00 0.000000000000000000e+00
2.191780821917808098e-01 0.000000000000000000e+00 0.000000000000000000e+00 2.465753424657534110e-01 0.000000000000000000e+00 0.000000000000000000e+00 0.000000000000000000e+00 9.315068493150684414e-01 0.000000000000000000e+00 0.000000000000000000e+00 0.000000000000000000e+00 0.000000000000000000e+00 1.000000000000000000e+00 0.000000000000000000e+00 0.000000000000000000e+00
0.000000000000000000e+00 3.278688524590163932e-03 9.836065573770492662e-03 0.000000000000000000e+00 6.229508196721311730e-02 0.000000000000000000e+00 0.000000000000000000e+00 3.278688524590163932e-03 0.000000000000000000e+00 1.000000000000000000e+00 0.000000000000000000e+00 0.000000000000000000e+00 0.000000000000000000e+00 6.557377049180327863e-03 1.180327868852459050e-01
3.752345215759849903e-03 9.380863039399624757e-04 2.814258911819887427e-03 0.000000000000000000e+00 2.251407129455909942e-02 3.752345215759849903e-03 0.000000000000000000e+00 9.380863039399625625e-03 0.000000000000000000e+00 1.000000000000000000e+00 5.628517823639774854e-03 0.000000000000000000e+00 0.000000000000000000e+00 2.814258911819887427e-03 7.045028142589118136e-01
