5.747126436781609116e-03 0.000000000000000000e+00 0.000000000000000000e+00 5.747126436781609116e-03 0.000000000000000000e+00 2.873563218390804558e-02 0.000000000000000000e+00 1.000000000000000000e+00 2.298850574712643646e-01 0.000000000000000000e+00 5.747126436781609116e-03 2.298850574712643646e-02 4.597701149425287293e-02
1.000000000000000000e+00 4.741379310344827347e-02 1.724137931034482735e-02 0.000000000000000000e+00 0.000000000000000000e+00 0.000000000000000000e+00 2.155172413793103314e-01 0.000000000000000000e+00 0.000000000000000000e+00 0.000000000000000000e+00 0.000000000000000000e+00 8.146551724137931494e-01 0.000000000000000000e+00
0.000000000000000000e+00 2.807017543859648967e-01 0.000000000000000000e+00 0.000000000000000000e+00 0.000000000000000000e+00 0.000000000000000000e+00 1.000000000000000000e+00 0.000000000000000000e+00 0.000000000000000000e+00 0.000000000000000000e+00 0.000000000000000000e+00 0.000000000000000000e+00 0.000000000000000000e+00
0.000000000000000000e+00 6.211180124223602064e-03 9.316770186335403270e-02 1.242236024844720413e-02 0.000000000000000000e+00 0.000000000000000000e+00 9.192546583850931263e-01 1.000000000000000000e+00 0.000000000000000000e+00 2.484472049689440826e-02 0.000000000000000000e+00 1.242236024844720413e-02 1.180124223602484479e-01
0.000000000000000000e+00 0.000000000000000000e+00 0.000000000000000000e+00 0.000000000000000000e+00 0.000000000000000000e+00 0.000000000000000000e+00 0.000000000000000000e+00 0.000000000000000000e+00 0.000000000000000000e+00 0.000000000000000000e+00 0.000000000000000000e+00 0.000000000000000000e+00 0.000000000000000000e+00
0.000000000000000000e+00 0.000000000000000000e+00 0.000000000000000000e+00 0.000000000000000000e+00 0.000000000000000000e+00 0.000000000000000000e+00 0.000000000000000000e+00 1.000000000000000000e+00 4.000000000000000222e-01 0.000000000000000000e+00 0.000000000000000000e+00 0.000000000000000000e+00 0.000000000000000000e+00
0.000000000000000000e+00 1.000000000000000000e+00 2.618453865336658470e-01 0.000000000000000000e+00 0.000000000000000000e+00 0.000000000000000000e+00 0.000000000000000000e+00 0.000000000000000000e+00 0.000000000000000000e+00 5.486284289276807669e-02 0.000000000000000000e+00 0.000000000000000000e+00 0.000000000000000000e+00
0.000000000000000000e+00 4.577464788732394513e-02 7.042253521126760896e-02 1.000000000000000000e+00 0.000000000000000000e+00 0.000000000000000000e+00 6.478873239436619969e-01 0.000000000000000000e+00 0.000000000000000000e+00 2.112676056338028130e-02 0.000000000000000000e+00 1.690140845070422504e-01 7.500000000000000000e-01
3.030303030303030387e-02 0.000000000000000000e+00 0.000000000000000000e+00 0.000000000000000000e+00 0.000000000000000000e+00 6.060606060606060774e-02 0.000000000000000000e+00 1.000000000000000000e+00 0.000000000000000000e+00 0.000000000000000000e+00 0.000000000000000000e+00 9.090909090909091161e-02 9.090909090909091161e-02
0.000000000000000000e+00 1.000000000000000000e+00 8.000000000000000167e-02 0.000000000000000000e+00 0.000000000000000000e+00 0.000000000000000000e+00 2.399999999999999911e-01 0.000000000000000000e+00 0.000000000000000000e+00 0.000000000000000000e+00 0.000000000000000000e+00 0.000000000000000000e+00 0.000000000000000000e+00
0.000000000000000000e+00 0.000000000000000000e+00 0.000000000000000000e+00 0.000000000000000000e+00 0.000000000000000000e+00 0.000000000000000000e+00 0.000000000000000000e+00 1.000000000000000000e+00 0.000000000000000000e+00 0.000000000000000000e+00 0.000000000000000000e+00 0.000000000000000000e+00 0.000000000000000000e+00
0.000000000000000000e+00 1.010101010101010187e-02 0.000000000000000000e+00 1.666666666666666574e-01 0.000000000000000000e+00 0.000000000000000000e+00 0.000000000000000000e+00 1.000000000000000000e+00 0.000000000000000000e+00 0.000000000000000000e+00 0.000000000000000000e+00 1.010101010101010187e-02 7.070707070707070441e-02
0.000000000000000000e+00 1.020408163265306041e-02 0.000000000000000000e+00 1.632653061224489666e-01 0.000000000000000000e+00 0.000000000000000000e+00 1.326530612244898044e-01 1.000000000000000000e+00 0.000000000000000000e+00 5.102040816326530205e-03 0.000000000000000000e+00 0.000000000000000000e+00 0.000000000000000000e+00
