5.419580419580419806e-01 5.769230769230769551e-02 0.000000000000000000e+00 8.741258741258741902e-03 0.000000000000000000e+00 0.000000000000000000e+00 0.000000000000000000e+00 1.000000000000000000e+00 0.000000000000000000e+00 0.000000000000000000e+00 5.244755244755244968e-03 3.496503496503496500e-03 1.048951048951048994e-02 0.000000000000000000e+00 0.000000000000000000e+00
3.300330033003300023e-02 9.900990099009901110e-03 0.000000000000000000e+00 9.900990099009901110e-03 0.000000000000000000e+00 0.000000000000000000e+00 0.000000000000000000e+00 2.244224422442244182e-01 0.000000000000000000e+00 1.000000000000000000e+00 0.000000000000000000e+00 3.300330033003300370e-03 0.000000000000000000e+00 0.000000000000000000e+00 0.000000000000000000e+00
0.000000000000000000e+00 0.000000000000000000e+00 0.000000000000000000e+00 0.000000000000000000e+00 0.000000000000000000e+00 8.823529411764706454e-02 0.000000000000000000e+00 0.000000000000000000e+00 1.000000000000000000e+00 0.000000000000000000e+00 0.000000000000000000e+00 0.000000000000000000e+00 0.000000000000000000e+00 8.627450980392157298e-01 8.823529411764706454e-02
1.060606060606060635e-01 1.515151515151515194e-02 0.000000000000000000e+00 0.000000000000000000e+00 0.000000000000000000e+00 0.000000000000000000e+00 0.000000000000000000e+00 1.000000000000000000e+00 0.000000000000000000e+00 0.000000000000000000e+00 4.545454545454545581e-02 0.000000000000000000e+00 7.272727272727272929e-01 0.000000000000000000e+00 0.000000000000000000e+00
8.000000000000000167e-02 1.000000000000000021e-02 0.000000000000000000e+00 4.000000000000000083e-02 2.000000000000000042e-02 0.000000000000000000e+00 0.000000000000000000e+00 1.000000000000000000e+00 8.800000000000000044e-01 1.000000000000000021e-02 0.000000000000000000e+00 2.999999999999999889e-02 0.000000000000000000e+00 0.000000000000000000e+00 8.999999999999999667e-02
0.000000000000000000e+00 0.000000000000000000e+00 5.590062111801242378e-02 0.000000000000000000e+00 1.863354037267080793e-02 0.000000000000000000e+00 0.000000000000000000e+00 1.863354037267080793e-02 1.000000000000000000e+00 0.000000000000000000e+00 0.000000000000000000e+00 0.000000000000000000e+00 0.000000000000000000e+00 0.000000000000000000e+00 1.242236024844720482e-01
0.000000000000000000e+00 0.000000000000000000e+00 0.000000000000000000e+00 0.000000000000000000e+00 0.000000000000000000e+00 0.000000000000000000e+00 0.000000000000000000e+00 0.000000000000000000e+00 0.000000000000000000e+00 0.000000000000000000e+00 0.000000000000000000e+00 0.000000000000000000e+00 0.000000000000000000e+00 0.000000000000000000e+00 0.000000000000000000e+00
1.000000000000000000e+00 5.679012345679012030e-01 0.000000000000000000e+00 1.887125220458553687e-01 0.000000000000000000e+00 0.000000000000000000e+00 0.000000000000000000e+00 0.000000000000000000e+00 0.000000000000000000e+00 0.000000000000000000e+00 1.181657848324514926e-01 4.056437389770722879e-02 3.350970017636684117e-01 0.000000000000000000e+00 0.000000000000000000e+00
5.736137667304015524e-03 6.692160611854684922e-03 1.692160611854684471e-01 9.560229445506691816e-04 1.606118546845124173e-01 9.464627151051625831e-02 0.000000000000000000e+00 1.443594646271510462e-01 0.000000000000000000e+00 2.390057361376672976e-02 0.000000000000000000e+00 0.000000000000000000e+00 9.560229445506691816e-04 2.428298279158699891e-01 1.000000000000000000e+00
0.000000000000000000e+00 0.000000000000000000e+00 2.536231884057971175e-02 0.000000000000000000e+00 6.159420289855072755e-02 0.000000000000000000e+00 0.000000000000000000e+00 0.000000000000000000e+00 1.000000000000000000e+00 1.811594202898550790e-02 0.000000000000000000e+00 0.000000000000000000e+00 0.000000000000000000e+00 0.000000000000000000e+00 1.231884057971014551e-01
7.627118644067797104e-02 7.627118644067797104e-02 0.000000000000000000e+00 3.389830508474576259e-02 0.000000000000000000e+00 0.000000000000000000e+00 0.000000000000000000e+00 1.000000000000000000e+00 0.000000000000000000e+00 0.000000000000000000e+00 0.000000000000000000e+00 8.474576271186440649e-03 0.000000000000000000e+00 0.000000000000000000e+00 0.000000000000000000e+00
5.882352941176470507e-02 6.470588235294117974e-01 0.000000000000000000e+00 5.882352941176470507e-02 0.000000000000000000e+00 0.000000000000000000e+00 0.000000000000000000e+00 1.000000000000000000e+00 0.000000000000000000e+00 0.000000000000000000e+00 0.000000000000000000e+00 0.000000000000000000e+00 0.000000000000000000e+00 0.000000000000000000e+00 0.000000000000000000e+00
4.854368932038834877e-02 0.000000000000000000e+00 0.000000000000000000e+00 0.000000000000000000e+00 0.000000000000000000e+00 0.000000000000000000e+00 0.000000000000000000e+00 8.203883495145630755e-01 0.000000000000000000e+00 0.000000000000000000e+00 3.252427184466019638e-01 0.000000000000000000e+00 1.000000000000000000e+00 0.000000000000000000e+00 0.000000000000000000e+00
0.000000000000000000e+00 0.000000000000000000e+00 0.000000000000000000e+00 0.000000000000000000e+00 0.000000000000000000e+00 3.074074074074074070e-01 0.000000000000000000e+00 1.111111111111111154e-02 9.444444444444444198e-01 0.000000000000000000e+00 3.703703703703703845e-03 0.000000000000000000e+00 3.703703703703703845e-03 1.000000000000000000e+00 6.666666666666666574e-02
2.849002849002849145e-03 1.899335232668566097e-03 1.424501424501424529e-02 0.000000000000000000e+00 2.469135802469135665e-02 4.748338081671414808e-03 0.000000000000000000e+00 8.547008547008547868e-03 1.000000000000000000e+00 3.798670465337132193e-03 0.000000000000000000e+00 0.000000000000000000e+00 0.000000000000000000e+00 1.804368471035137575e-02 5.479582146248812569e-01
