1.851851851851851749e-02 0.000000000000000000e+00 0.000000000000000000e+00 2.314814814814814686e-02 0.000000000000000000e+00 0.000000000000000000e+00 0.000000000000000000e+00 0.000000000000000000e+00 0.000000000000000000e+00 1.000000000000000000e+00 0.000000000000000000e+00 0.000000000000000000e+00 0.000000000000000000e+00
3.675213675213675479e-01 2.564102564102564014e-02 8.547008547008547868e-03 0.000000000000000000e+00 0.000000000000000000e+00 1.000000000000000000e+00 1.880341880341880323e-01 0.000000000000000000e+00 0.000000000000000000e+00 0.000000000000000000e+00 4.529914529914529919e-01 1.196581196581196632e-01 0.000000000000000000e+00
0.000000000000000000e+00 4.098360655737704611e-02 8.381147540983606703e-01 0.000000000000000000e+00 0.000000000000000000e+00 0.000000000000000000e+00 1.000000000000000000e+00 0.000000000000000000e+00 0.000000000000000000e+00 0.000000000000000000e+00 4.098360655737705131e-03 0.000000000000000000e+00 0.000000000000000000e+00
0.000000000000000000e+00 0.000000000000000000e+00 8.333333333333332871e-02 0.000000000000000000e+00 0.000000000000000000e+00 0.000000000000000000e+00 8.333333333333332871e-02 0.000000000000000000e+00 8.333333333333333703e-01 0.000000000000000000e+00 4.166666666666666435e-02 1.000000000000000000e+00 1.250000000000000000e-01
0.000000000000000000e+00 0.000000000000000000e+00 0.000000000000000000e+00 0.000000000000000000e+00 0.000000000000000000e+00 0.000000000000000000e+00 0.000000000000000000e+00 0.000000000000000000e+00 0.000000000000000000e+00 0.000000000000000000e+00 0.000000000000000000e+00 0.000000000000000000e+00 0.000000000000000000e+00
0.000000000000000000e+00 0.000000000000000000e+00 0.000000000000000000e+00 0.000000000000000000e+00 0.000000000000000000e+00 2.173913043478260809e-02 0.000000000000000000e+00 1.000000000000000000e+00 0.000000000000000000e+00 0.000000000000000000e+00 0.000000000000000000e+00 0.000000000000000000e+00 0.000000000000000000e+00
0.000000000000000000e+00 3.567134268537074382e-01 1.000000000000000000e+00 0.000000000000000000e+00 0.000000000000000000e+00 0.000000000000000000e+00 0.000000000000000000e+00 0.000000000000000000e+00 0.000000000000000000e+00 0.000000000000000000e+00 4.008016032064128098e-02 0.000000000000000000e+00 0.000000000000000000e+00
1.000000000000000000e+00 0.000000000000000000e+00 0.000000000000000000e+00 0.000000000000000000e+00 0.000000000000000000e+00 7.282608695652174058e-01 0.000000000000000000e+00 4.347826086956521618e-02 0.000000000000000000e+00 0.000000000000000000e+00 0.000000000000000000e+00 3.369565217391304324e-01 0.000000000000000000e+00
0.000000000000000000e+00 0.000000000000000000e+00 1.006711409395973089e-02 3.523489932885905812e-02 0.000000000000000000e+00 0.000000000000000000e+00 2.583892617449664586e-01 0.000000000000000000e+00 0.000000000000000000e+00 0.000000000000000000e+00 1.677852348993288554e-03 4.697986577181208212e-02 1.000000000000000000e+00
6.488549618320610390e-01 0.000000000000000000e+00 0.000000000000000000e+00 0.000000000000000000e+00 0.000000000000000000e+00 0.000000000000000000e+00 0.000000000000000000e+00 0.000000000000000000e+00 0.000000000000000000e+00 3.053435114503816675e-02 0.000000000000000000e+00 1.000000000000000000e+00 0.000000000000000000e+00
0.000000000000000000e+00 1.000000000000000000e+00 0.000000000000000000e+00 0.000000000000000000e+00 0.000000000000000000e+00 0.000000000000000000e+00 3.396226415094339424e-01 1.132075471698113234e-01 0.000000000000000000e+00 0.000000000000000000e+00 0.000000000000000000e+00 0.000000000000000000e+00 0.000000000000000000e+00
0.000000000000000000e+00 0.000000000000000000e+00 0.000000000000000000e+00 1.428571428571428492e-01 0.000000000000000000e+00 0.000000000000000000e+00 5.494505494505494934e-03 0.000000000000000000e+00 1.000000000000000000e+00 0.000000000000000000e+00 0.000000000000000000e+00 0.000000000000000000e+00 1.153846153846153910e-01
0.000000000000000000e+00 0.000000000000000000e+00 3.311258278145695361e-03 0.000000000000000000e+00 0.000000000000000000e+00 0.000000000000000000e+00 1.986754966887417304e-02 0.000000000000000000e+00 1.000000000000000000e+00 0.000000000000000000e+00 0.000000000000000000e+00 3.311258278145695361e-03 6.456953642384105629e-01
