0.000000000000000000e+00 0.000000000000000000e+00 0.000000000000000000e+00 0.000000000000000000e+00 0.000000000000000000e+00 0.000000000000000000e+00 1.000000000000000000e+00 0.000000000000000000e+00 0.000000000000000000e+00 0.000000000000000000e+00
0.000000000000000000e+00 6.408045977011493921e-01 3.160919540229885361e-02 0.000000000000000000e+00 0.000000000000000000e+00 1.000000000000000000e+00 0.000000000000000000e+00 1.915708812260536300e-03 0.000000000000000000e+00 0.000000000000000000e+00
3.412969283276450633e-02 3.071672354948805361e-02 2.047781569965870241e-02 0.000000000000000000e+00 0.000000000000000000e+00 2.969283276450511710e-01 0.000000000000000000e+00 3.412969283276450546e-03 1.000000000000000000e+00 0.000000000000000000e+00
0.000000000000000000e+00 1.467889908256880815e-01 0.000000000000000000e+00 0.000000000000000000e+00 0.000000000000000000e+00 1.000000000000000000e+00 8.440366972477064689e-01 3.669724770642202039e-02 3.669724770642202039e-02 1.192660550458715663e-01
0.000000000000000000e+00 0.000000000000000000e+00 0.000000000000000000e+00 0.000000000000000000e+00 0.000000000000000000e+00 0.000000000000000000e+00 0.000000000000000000e+00 0.000000000000000000e+00 0.000000000000000000e+00 0.000000000000000000e+00
0.000000000000000000e+00 1.000000000000000000e+00 3.224568138195777478e-01 0.000000000000000000e+00 0.000000000000000000e+00 0.000000000000000000e+00 0.000000000000000000e+00 3.934740882917466681e-02 0.000000000000000000e+00 0.000000000000000000e+00
0.000000000000000000e+00 6.008010680907877217e-03 4.672897196261681894e-03 1.214953271028037379e-01 0.000000000000000000e+00 9.746328437917223253e-02 0.000000000000000000e+00 0.000000000000000000e+00 3.271028037383177239e-02 1.000000000000000000e+00
0.000000000000000000e+00 4.000000000000000083e-02 1.000000000000000000e+00 0.000000000000000000e+00 0.000000000000000000e+00 8.800000000000000044e-01 0.000000000000000000e+00 0.000000000000000000e+00 0.000000000000000000e+00 0.000000000000000000e+00
0.000000000000000000e+00 0.000000000000000000e+00 0.000000000000000000e+00 8.833922261484099259e-02 0.000000000000000000e+00 3.533568904593639530e-03 1.000000000000000000e+00 0.000000000000000000e+00 1.766784452296819852e-02 1.484098939929328620e-01
0.000000000000000000e+00 1.328021248339973344e-03 0.000000000000000000e+00 2.058432934926958738e-02 0.000000000000000000e+00 6.640106241699867372e-03 1.000000000000000000e+00 0.000000000000000000e+00 2.656042496679946689e-03 7.104913678618858253e-01
