0.000000000000000000e+00 0.000000000000000000e+00 0.000000000000000000e+00 0.000000000000000000e+00 0.000000000000000000e+00 1.082089552238805902e-01 0.000000000000000000e+00 2.238805970149253602e-02 1.000000000000000000e+00 3.731343283582089481e-03
0.000000000000000000e+00 6.574394463667819766e-01 6.401384083044982243e-02 0.000000000000000000e+00 0.000000000000000000e+00 0.000000000000000000e+00 1.000000000000000000e+00 0.000000000000000000e+00 0.000000000000000000e+00 0.000000000000000000e+00
1.000000000000000000e+00 1.320132013201320148e-02 0.000000000000000000e+00 0.000000000000000000e+00 0.000000000000000000e+00 0.000000000000000000e+00 1.485148514851485080e-01 0.000000000000000000e+00 0.000000000000000000e+00 0.000000000000000000e+00
0.000000000000000000e+00 1.456310679611650394e-01 0.000000000000000000e+00 0.000000000000000000e+00 0.000000000000000000e+00 0.000000000000000000e+00 1.000000000000000000e+00 6.019417475728154887e-01 0.000000000000000000e+00 8.737864077669903196e-02
0.000000000000000000e+00 0.000000000000000000e+00 0.000000000000000000e+00 0.000000000000000000e+00 0.000000000000000000e+00 0.000000000000000000e+00 0.000000000000000000e+00 0.000000000000000000e+00 0.000000000000000000e+00 0.000000000000000000e+00
0.000000000000000000e+00 0.000000000000000000e+00 0.000000000000000000e+00 0.000000000000000000e+00 0.000000000000000000e+00 6.982758620689655249e-01 0.000000000000000000e+00 6.034482758620689918e-02 1.000000000000000000e+00 2.155172413793103592e-02
0.000000000000000000e+00 1.000000000000000000e+00 5.273972602739726012e-01 0.000000000000000000e+00 0.000000000000000000e+00 0.000000000000000000e+00 0.000000000000000000e+00 0.000000000000000000e+00 0.000000000000000000e+00 0.000000000000000000e+00
0.000000000000000000e+00 1.051248357424441546e-02 6.570302233902759227e-03 2.339027595269382309e-01 0.000000000000000000e+00 0.000000000000000000e+00 2.063074901445466625e-01 0.000000000000000000e+00 0.000000000000000000e+00 1.000000000000000000e+00
0.000000000000000000e+00 0.000000000000000000e+00 0.000000000000000000e+00 0.000000000000000000e+00 0.000000000000000000e+00 8.473282442748091281e-01 0.000000000000000000e+00 1.000000000000000000e+00 0.000000000000000000e+00 6.106870229007633349e-02
0.000000000000000000e+00 5.228758169934640161e-03 3.921568627450980338e-03 1.437908496732026066e-02 0.000000000000000000e+00 0.000000000000000000e+00 1.176470588235294101e-02 1.000000000000000000e+00 0.000000000000000000e+00 5.529411764705882693e-01
