0.000000000000000000e+00 0.000000000000000000e+00 0.000000000000000000e+00 0.000000000000000000e+00 0.000000000000000000e+00 0.000000000000000000e+00 0.000000000000000000e+00 0.000000000000000000e+00 0.000000000000000000e+00 1.000000000000000000e+00 6.666666666666666574e-02 0.000000000000000000e+00 0.000000000000000000e+00 0.000000000000000000e+00 0.000000000000000000e+00 6.666666666666666574e-02
0.000000000000000000e+00 6.857887874837027553e-01 5.606258148631029781e-02 0.000000000000000000e+00 7.822685788787484343e-03 0.000000000000000000e+00 0.000000000000000000e+00 0.000000000000000000e+00 1.000000000000000000e+00 0.000000000000000000e+00 0.000000000000000000e+00 0.000000000000000000e+00 0.000000000000000000e+00 3.389830508474576259e-02 0.000000000000000000e+00 0.000000000000000000e+00
4.761904761904761640e-02 2.521008403361344602e-02 1.680672268907562952e-02 0.000000000000000000e+00 5.602240896358543464e-03 0.000000000000000000e+00 0.000000000000000000e+00 0.000000000000000000e+00 2.689075630252100724e-01 0.000000000000000000e+00 1.000000000000000000e+00 0.000000000000000000e+00 0.000000000000000000e+00 2.801120448179271732e-03 0.000000000000000000e+00 0.000000000000000000e+00
0.000000000000000000e+00 0.000000000000000000e+00 0.000000000000000000e+00 0.000000000000000000e+00 0.000000000000000000e+00 0.000000000000000000e+00 0.000000000000000000e+00 0.000000000000000000e+00 0.000000000000000000e+00 2.173913043478260809e-01 0.000000000000000000e+00 0.000000000000000000e+00 0.000000000000000000e+00 0.000000000000000000e+00 1.000000000000000000e+00 1.449275362318840597e-02
0.000000000000000000e+00 6.818181818181817677e-02 0.000000000000000000e+00 0.000000000000000000e+00 0.000000000000000000e+00 0.000000000000000000e+00 0.000000000000000000e+00 0.000000000000000000e+00 1.818181818181818232e-01 0.000000000000000000e+00 0.000000000000000000e+00 0.000000000000000000e+00 0.000000000000000000e+00 1.000000000000000000e+00 0.000000000000000000e+00 0.000000000000000000e+00
0.000000000000000000e+00 1.408450704225352179e-01 0.000000000000000000e+00 0.000000000000000000e+00 7.042253521126760722e-03 0.000000000000000000e+00 0.000000000000000000e+00 0.000000000000000000e+00 1.000000000000000000e+00 4.718309859154929398e-01 1.408450704225352144e-02 0.000000000000000000e+00 7.042253521126760722e-03 0.000000000000000000e+00 0.000000000000000000e+00 3.521126760563380448e-02
0.000000000000000000e+00 0.000000000000000000e+00 0.000000000000000000e+00 0.000000000000000000e+00 0.000000000000000000e+00 1.388888888888888812e-02 0.000000000000000000e+00 0.000000000000000000e+00 1.388888888888888812e-02 1.000000000000000000e+00 0.000000000000000000e+00 0.000000000000000000e+00 0.000000000000000000e+00 0.000000000000000000e+00 0.000000000000000000e+00 4.166666666666666435e-02
0.000000000000000000e+00 0.000000000000000000e+00 0.000000000000000000e+00 0.000000000000000000e+00 0.000000000000000000e+00 0.000000000000000000e+00 0.000000000000000000e+00 0.000000000000000000e+00 0.000000000000000000e+00 0.000000000000000000e+00 0.000000000000000000e+00 0.000000000000000000e+00 0.000000000000000000e+00 0.000000000000000000e+00 0.000000000000000000e+00 0.000000000000000000e+00
0.000000000000000000e+00 1.000000000000000000e+00 5.356679636835278702e-01 0.000000000000000000e+00 5.966277561608301222e-02 0.000000000000000000e+00 0.000000000000000000e+00 0.000000000000000000e+00 0.000000000000000000e+00 0.000000000000000000e+00 0.000000000000000000e+00 2.464332036316472033e-02 2.594033722438391851e-02 2.347600518806744474e-01 0.000000000000000000e+00 0.000000000000000000e+00
0.000000000000000000e+00 1.213818860877684432e-02 1.027077497665732954e-02 7.189542483660130157e-02 0.000000000000000000e+00 1.895424836601307117e-01 1.120448179271708693e-02 0.000000000000000000e+00 1.540616246498599518e-01 0.000000000000000000e+00 2.147525676937441647e-02 0.000000000000000000e+00 0.000000000000000000e+00 0.000000000000000000e+00 2.819794584500466827e-01 1.000000000000000000e+00
0.000000000000000000e+00 0.000000000000000000e+00 0.000000000000000000e+00 5.970149253731343343e-03 0.000000000000000000e+00 5.373134328358208922e-02 0.000000000000000000e+00 0.000000000000000000e+00 0.000000000000000000e+00 1.000000000000000000e+00 2.985074626865671672e-03 0.000000000000000000e+00 0.000000000000000000e+00 0.000000000000000000e+00 0.000000000000000000e+00 8.955223880597014408e-02
0.000000000000000000e+00 5.172413793103448204e-02 5.172413793103448204e-02 0.000000000000000000e+00 0.000000000000000000e+00 0.000000000000000000e+00 0.000000000000000000e+00 0.000000000000000000e+00 1.000000000000000000e+00 0.000000000000000000e+00 0.000000000000000000e+00 0.000000000000000000e+00 0.000000000000000000e+00 0.000000000000000000e+00 0.000000000000000000e+00 0.000000000000000000e+00
0.000000000000000000e+00 0.000000000000000000e+00 7.500000000000000000e-01 0.000000000000000000e+00 0.000000000000000000e+00 0.000000000000000000e+00 0.000000000000000000e+00 0.000000000000000000e+00 1.000000000000000000e+00 0.000000000000000000e+00 0.000000000000000000e+00 8.333333333333332871e-02 0.000000000000000000e+00 0.000000000000000000e+00 0.000000000000000000e+00 0.000000000000000000e+00
0.000000000000000000e+00 2.459016393442622905e-02 1.170960187353629976e-03 0.000000000000000000e+00 0.000000000000000000e+00 0.000000000000000000e+00 0.000000000000000000e+00 0.000000000000000000e+00 2.248243559718969553e-01 0.000000000000000000e+00 0.000000000000000000e+00 5.152224824355972066e-02 1.170960187353629976e-03 1.000000000000000000e+00 0.000000000000000000e+00 0.000000000000000000e+00
0.000000000000000000e+00 0.000000000000000000e+00 0.000000000000000000e+00 0.000000000000000000e+00 0.000000000000000000e+00 0.000000000000000000e+00 5.051302288871349633e-02 0.000000000000000000e+00 7.892659826361483801e-04 2.336227308602999153e-01 0.000000000000000000e+00 0.000000000000000000e+00 0.000000000000000000e+00 4.735595895816890714e-03 1.000000000000000000e+00 2.131018153117600691e-02
0.000000000000000000e+00 1.857010213556174565e-03 2.785515320334261847e-03 5.571030640668523694e-03 0.000000000000000000e+00 1.485608170844939652e-02 9.285051067780872823e-04 0.000000000000000000e+00 7.428040854224698258e-03 1.000000000000000000e+00 9.285051067780872823e-04 0.000000000000000000e+00 0.000000000000000000e+00 9.285051067780872823e-04 2.135561745589600879e-02 6.545961002785515293e-01
