0.000000000000000000e+00 0.000000000000000000e+00 0.000000000000000000e+00 0.000000000000000000e+00 1.411764705882352922e-01 0.000000000000000000e+00 1.000000000000000000e+00 9.294117647058823817e-01 0.000000000000000000e+00 1.058823529411764691e-01
1.000000000000000000e+00 0.000000000000000000e+00 0.000000000000000000e+00 0.000000000000000000e+00 0.000000000000000000e+00 0.000000000000000000e+00 0.000000000000000000e+00 0.000000000000000000e+00 6.378378378378378732e-01 0.000000000000000000e+00
0.000000000000000000e+00 4.552352048558421654e-02 5.857359635811836274e-01 0.000000000000000000e+00 0.000000000000000000e+00 1.000000000000000000e+00 0.000000000000000000e+00 0.000000000000000000e+00 0.000000000000000000e+00 0.000000000000000000e+00
0.000000000000000000e+00 0.000000000000000000e+00 0.000000000000000000e+00 0.000000000000000000e+00 0.000000000000000000e+00 0.000000000000000000e+00 0.000000000000000000e+00 0.000000000000000000e+00 0.000000000000000000e+00 0.000000000000000000e+00
0.000000000000000000e+00 0.000000000000000000e+00 0.000000000000000000e+00 0.000000000000000000e+00 1.000000000000000000e+00 0.000000000000000000e+00 1.818181818181818232e-01 8.636363636363636465e-01 0.000000000000000000e+00 9.090909090909091161e-02
0.000000000000000000e+00 4.095665171898355550e-01 1.000000000000000000e+00 0.000000000000000000e+00 0.000000000000000000e+00 0.000000000000000000e+00 0.000000000000000000e+00 0.000000000000000000e+00 0.000000000000000000e+00 0.000000000000000000e+00
0.000000000000000000e+00 0.000000000000000000e+00 1.530612244897959148e-02 0.000000000000000000e+00 0.000000000000000000e+00 2.714285714285714080e-01 0.000000000000000000e+00 0.000000000000000000e+00 0.000000000000000000e+00 1.000000000000000000e+00
0.000000000000000000e+00 0.000000000000000000e+00 0.000000000000000000e+00 0.000000000000000000e+00 1.710526315789473728e-01 0.000000000000000000e+00 1.000000000000000000e+00 0.000000000000000000e+00 0.000000000000000000e+00 1.184210526315789408e-01
0.000000000000000000e+00 0.000000000000000000e+00 0.000000000000000000e+00 0.000000000000000000e+00 0.000000000000000000e+00 9.708737864077669061e-03 1.000000000000000000e+00 0.000000000000000000e+00 0.000000000000000000e+00 1.456310679611650394e-01
0.000000000000000000e+00 0.000000000000000000e+00 5.035246727089627387e-03 0.000000000000000000e+00 0.000000000000000000e+00 1.711983887210473398e-02 1.000000000000000000e+00 0.000000000000000000e+00 0.000000000000000000e+00 5.468277945619335334e-01
