1.000000000000000000e+00 0.000000000000000000e+00 0.000000000000000000e+00 0.000000000000000000e+00 0.000000000000000000e+00 8.272727272727272707e-01 0.000000000000000000e+00 9.090909090909090468e-03 3.090909090909090828e-01 1.818181818181818094e-02 0.000000000000000000e+00 0.000000000000000000e+00 9.090909090909090468e-03 0.000000000000000000e+00 1.818181818181818094e-02
0.000000000000000000e+00 0.000000000000000000e+00 2.941176470588235253e-02 0.000000000000000000e+00 0.000000000000000000e+00 0.000000000000000000e+00 0.000000000000000000e+00 6.323529411764705621e-01 0.000000000000000000e+00 5.882352941176470784e-01 1.470588235294117627e-02 5.882352941176470507e-02 1.000000000000000000e+00 0.000000000000000000e+00 0.000000000000000000e+00
0.000000000000000000e+00 6.060606060606060774e-02 6.060606060606060774e-02 0.000000000000000000e+00 0.000000000000000000e+00 0.000000000000000000e+00 0.000000000000000000e+00 3.535353535353535359e-01 0.000000000000000000e+00 5.050505050505050934e-03 2.020202020202020374e-02 4.040404040404040747e-02 5.050505050505050934e-03 1.000000000000000000e+00 0.000000000000000000e+00
1.000000000000000000e+00 0.000000000000000000e+00 0.000000000000000000e+00 0.000000000000000000e+00 0.000000000000000000e+00 5.851063829787234161e-01 0.000000000000000000e+00 1.063829787234042527e-02 6.382978723404255650e-01 3.191489361702127409e-02 0.000000000000000000e+00 1.063829787234042527e-02 0.000000000000000000e+00 1.063829787234042527e-02 3.191489361702127409e-02
0.000000000000000000e+00 2.372881355932203451e-01 0.000000000000000000e+00 1.694915254237288130e-02 0.000000000000000000e+00 1.694915254237288130e-02 0.000000000000000000e+00 1.000000000000000000e+00 8.474576271186440302e-02 0.000000000000000000e+00 1.694915254237288130e-02 1.016949152542372947e-01 0.000000000000000000e+00 1.694915254237288130e-02 0.000000000000000000e+00
0.000000000000000000e+00 7.575757575757575968e-03 4.545454545454545581e-02 1.893939393939393923e-01 1.742424242424242542e-01 0.000000000000000000e+00 0.000000000000000000e+00 9.090909090909091161e-02 1.000000000000000000e+00 0.000000000000000000e+00 0.000000000000000000e+00 1.515151515151515194e-02 0.000000000000000000e+00 0.000000000000000000e+00 6.060606060606060774e-02
0.000000000000000000e+00 0.000000000000000000e+00 0.000000000000000000e+00 0.000000000000000000e+00 0.000000000000000000e+00 0.000000000000000000e+00 0.000000000000000000e+00 0.000000000000000000e+00 0.000000000000000000e+00 0.000000000000000000e+00 0.000000000000000000e+00 0.000000000000000000e+00 0.000000000000000000e+00 0.000000000000000000e+00 0.000000000000000000e+00
0.000000000000000000e+00 4.278606965174129306e-01 1.000000000000000000e+00 0.000000000000000000e+00 0.000000000000000000e+00 0.000000000000000000e+00 0.000000000000000000e+00 0.000000000000000000e+00 0.000000000000000000e+00 2.487562189054726425e-01 1.094527363184079616e-01 3.432835820895522305e-01 1.243781094527363212e-01 0.000000000000000000e+00 0.000000000000000000e+00
2.348993288590603967e-01 7.382550335570470246e-02 1.275167785234899431e-01 1.000000000000000000e+00 3.557046979865771674e-01 3.959731543624160910e-01 0.000000000000000000e+00 2.684563758389261756e-01 0.000000000000000000e+00 2.013422818791946178e-02 6.711409395973154217e-03 6.040268456375839229e-02 0.000000000000000000e+00 1.342281879194630843e-02 3.691275167785235123e-01
0.000000000000000000e+00 1.944444444444444475e-01 2.870370370370370350e-01 0.000000000000000000e+00 0.000000000000000000e+00 0.000000000000000000e+00 0.000000000000000000e+00 1.000000000000000000e+00 0.000000000000000000e+00 0.000000000000000000e+00 9.259259259259258745e-03 9.259259259259258745e-02 0.000000000000000000e+00 0.000000000000000000e+00 0.000000000000000000e+00
0.000000000000000000e+00 9.523809523809523281e-02 1.000000000000000000e+00 0.000000000000000000e+00 0.000000000000000000e+00 0.000000000000000000e+00 0.000000000000000000e+00 3.333333333333333148e-01 0.000000000000000000e+00 4.761904761904761640e-02 0.000000000000000000e+00 0.000000000000000000e+00 4.761904761904761640e-02 0.000000000000000000e+00 0.000000000000000000e+00
0.000000000000000000e+00 1.282051282051281937e-01 1.794871794871794879e-01 0.000000000000000000e+00 0.000000000000000000e+00 0.000000000000000000e+00 0.000000000000000000e+00 1.000000000000000000e+00 0.000000000000000000e+00 6.410256410256409687e-02 1.282051282051282007e-02 0.000000000000000000e+00 1.282051282051282007e-02 0.000000000000000000e+00 0.000000000000000000e+00
0.000000000000000000e+00 0.000000000000000000e+00 1.282051282051282007e-02 0.000000000000000000e+00 0.000000000000000000e+00 0.000000000000000000e+00 0.000000000000000000e+00 3.846153846153846367e-01 0.000000000000000000e+00 8.461538461538461453e-01 0.000000000000000000e+00 0.000000000000000000e+00 1.000000000000000000e+00 0.000000000000000000e+00 0.000000000000000000e+00
6.369426751592357008e-03 0.000000000000000000e+00 0.000000000000000000e+00 1.592356687898089096e-01 2.547770700636942803e-02 0.000000000000000000e+00 0.000000000000000000e+00 0.000000000000000000e+00 1.000000000000000000e+00 0.000000000000000000e+00 0.000000000000000000e+00 0.000000000000000000e+00 0.000000000000000000e+00 1.910828025477706929e-02 1.019108280254777121e-01
2.083333333333333218e-02 2.083333333333333218e-02 0.000000000000000000e+00 3.750000000000000000e-01 1.666666666666666574e-01 6.250000000000000000e-02 0.000000000000000000e+00 8.333333333333332871e-02 1.000000000000000000e+00 0.000000000000000000e+00 2.083333333333333218e-02 0.000000000000000000e+00 0.000000000000000000e+00 0.000000000000000000e+00 0.000000000000000000e+00
