0.000000000000000000e+00 5.586592178770949900e-03 3.910614525139664843e-02 0.000000000000000000e+00 0.000000000000000000e+00 8.938547486033519840e-02 0.000000000000000000e+00 5.642458100558659373e-01 1.000000000000000000e+00 0.000000000000000000e+00
1.000000000000000000e+00 0.000000000000000000e+00 0.000000000000000000e+00 0.000000000000000000e+00 0.000000000000000000e+00 0.000000000000000000e+00 4.620462046204620171e-02 0.000000000000000000e+00 0.000000000000000000e+00 3.300330033003300370e-03
0.000000000000000000e+00 2.645502645502645356e-03 3.465608465608465694e-01 4.232804232804232569e-02 0.000000000000000000e+00 0.000000000000000000e+00 2.645502645502645356e-02 1.000000000000000000e+00 0.000000000000000000e+00 5.291005291005290712e-03
0.000000000000000000e+00 0.000000000000000000e+00 9.166666666666666019e-02 0.000000000000000000e+00 0.000000000000000000e+00 0.000000000000000000e+00 6.333333333333333037e-01 1.000000000000000000e+00 0.000000000000000000e+00 5.833333333333333426e-02
0.000000000000000000e+00 0.000000000000000000e+00 0.000000000000000000e+00 0.000000000000000000e+00 0.000000000000000000e+00 0.000000000000000000e+00 0.000000000000000000e+00 0.000000000000000000e+00 0.000000000000000000e+00 0.000000000000000000e+00
0.000000000000000000e+00 0.000000000000000000e+00 1.499999999999999944e-01 0.000000000000000000e+00 0.000000000000000000e+00 5.000000000000000000e-01 0.000000000000000000e+00 4.000000000000000222e-01 1.000000000000000000e+00 0.000000000000000000e+00
0.000000000000000000e+00 1.000000000000000000e+00 0.000000000000000000e+00 0.000000000000000000e+00 0.000000000000000000e+00 0.000000000000000000e+00 0.000000000000000000e+00 0.000000000000000000e+00 0.000000000000000000e+00 6.587030716723549784e-01
0.000000000000000000e+00 8.042895442359249483e-03 1.000000000000000000e+00 5.308310991957104763e-01 0.000000000000000000e+00 0.000000000000000000e+00 4.932975871313672878e-01 0.000000000000000000e+00 0.000000000000000000e+00 5.361930294906166322e-02
0.000000000000000000e+00 0.000000000000000000e+00 7.602339181286549286e-02 0.000000000000000000e+00 0.000000000000000000e+00 8.771929824561403022e-02 0.000000000000000000e+00 1.000000000000000000e+00 0.000000000000000000e+00 0.000000000000000000e+00
0.000000000000000000e+00 1.039603960396039556e-01 0.000000000000000000e+00 0.000000000000000000e+00 0.000000000000000000e+00 0.000000000000000000e+00 1.000000000000000000e+00 0.000000000000000000e+00 0.000000000000000000e+00 4.108910891089108675e-01
