5.781584582441113840e-01 3.747323340471091918e-02 0.000000000000000000e+00 0.000000000000000000e+00 0.000000000000000000e+00 0.000000000000000000e+00 1.000000000000000000e+00 0.000000000000000000e+00 0.000000000000000000e+00 0.000000000000000000e+00 3.211991434689507458e-03 0.000000000000000000e+00 0.000000000000000000e+00
1.415094339622641542e-02 9.433962264150943036e-03 0.000000000000000000e+00 0.000000000000000000e+00 0.000000000000000000e+00 1.000000000000000000e+00 1.933962264150943522e-01 0.000000000000000000e+00 0.000000000000000000e+00 0.000000000000000000e+00 3.867924528301887044e-01 1.132075471698113234e-01 2.924528301886792359e-01
4.940711462450592985e-03 9.881422924901185102e-04 6.106719367588933078e-01 2.964426877470355531e-03 0.000000000000000000e+00 0.000000000000000000e+00 1.679841897233201597e-02 0.000000000000000000e+00 1.000000000000000000e+00 0.000000000000000000e+00 0.000000000000000000e+00 2.964426877470355531e-03 0.000000000000000000e+00
2.439024390243902524e-02 0.000000000000000000e+00 2.195121951219512202e-01 0.000000000000000000e+00 0.000000000000000000e+00 0.000000000000000000e+00 7.317073170731706877e-02 0.000000000000000000e+00 6.829268292682927344e-01 0.000000000000000000e+00 0.000000000000000000e+00 1.000000000000000000e+00 0.000000000000000000e+00
0.000000000000000000e+00 0.000000000000000000e+00 0.000000000000000000e+00 0.000000000000000000e+00 0.000000000000000000e+00 0.000000000000000000e+00 0.000000000000000000e+00 0.000000000000000000e+00 0.000000000000000000e+00 0.000000000000000000e+00 0.000000000000000000e+00 0.000000000000000000e+00 0.000000000000000000e+00
0.000000000000000000e+00 0.000000000000000000e+00 0.000000000000000000e+00 0.000000000000000000e+00 0.000000000000000000e+00 3.194888178913737886e-02 0.000000000000000000e+00 1.000000000000000000e+00 0.000000000000000000e+00 0.000000000000000000e+00 0.000000000000000000e+00 0.000000000000000000e+00 0.000000000000000000e+00
1.000000000000000000e+00 3.179871520342612556e-01 0.000000000000000000e+00 0.000000000000000000e+00 0.000000000000000000e+00 0.000000000000000000e+00 0.000000000000000000e+00 0.000000000000000000e+00 0.000000000000000000e+00 0.000000000000000000e+00 3.854389721627408949e-02 0.000000000000000000e+00 0.000000000000000000e+00
0.000000000000000000e+00 0.000000000000000000e+00 0.000000000000000000e+00 0.000000000000000000e+00 0.000000000000000000e+00 6.273291925465838137e-01 0.000000000000000000e+00 6.211180124223602411e-02 0.000000000000000000e+00 0.000000000000000000e+00 0.000000000000000000e+00 3.478260869565217295e-01 1.000000000000000000e+00
2.920443101711983971e-02 2.014098690835850955e-03 1.000000000000000000e+00 2.316213494461228511e-02 0.000000000000000000e+00 0.000000000000000000e+00 2.437059415911379534e-01 0.000000000000000000e+00 0.000000000000000000e+00 0.000000000000000000e+00 3.021148036253776432e-03 3.927492447129909275e-02 0.000000000000000000e+00
0.000000000000000000e+00 0.000000000000000000e+00 0.000000000000000000e+00 0.000000000000000000e+00 0.000000000000000000e+00 0.000000000000000000e+00 0.000000000000000000e+00 0.000000000000000000e+00 0.000000000000000000e+00 7.834101382488478649e-02 0.000000000000000000e+00 1.000000000000000000e+00 7.142857142857143016e-01
0.000000000000000000e+00 1.000000000000000000e+00 0.000000000000000000e+00 0.000000000000000000e+00 0.000000000000000000e+00 0.000000000000000000e+00 3.258426966292135019e-01 6.741573033707864981e-02 0.000000000000000000e+00 0.000000000000000000e+00 1.123595505617977497e-02 0.000000000000000000e+00 0.000000000000000000e+00
0.000000000000000000e+00 0.000000000000000000e+00 1.340206185567010266e-01 1.683848797250859231e-01 0.000000000000000000e+00 0.000000000000000000e+00 3.436426116838487907e-03 0.000000000000000000e+00 1.000000000000000000e+00 0.000000000000000000e+00 0.000000000000000000e+00 6.872852233676975814e-03 0.000000000000000000e+00
0.000000000000000000e+00 0.000000000000000000e+00 0.000000000000000000e+00 1.881720430107526945e-02 0.000000000000000000e+00 0.000000000000000000e+00 0.000000000000000000e+00 0.000000000000000000e+00 0.000000000000000000e+00 1.000000000000000000e+00 0.000000000000000000e+00 0.000000000000000000e+00 4.569892473118279674e-02
