4.297520661157024913e-01 0.000000000000000000e+00 0.000000000000000000e+00 0.000000000000000000e+00 0.000000000000000000e+00 3.223140495867768407e-01 0.000000000000000000e+00 8.264462809917355601e-03 1.000000000000000000e+00 0.000000000000000000e+00 0.000000000000000000e+00 8.264462809917355601e-03 0.000000000000000000e+00 5.785123966942148921e-02
0.000000000000000000e+00 6.099110546378653241e-01 3.939008894536213251e-02 0.000000000000000000e+00 0.000000000000000000e+00 0.000000000000000000e+00 0.000000000000000000e+00 1.000000000000000000e+00 0.000000000000000000e+00 0.000000000000000000e+00 2.287166454891994757e-02 1.016518424396442230e-02 2.414231257941550080e-02 0.000000000000000000e+00
0.000000000000000000e+00 2.640264026402640296e-02 0.000000000000000000e+00 0.000000000000000000e+00 0.000000000000000000e+00 0.000000000000000000e+00 0.000000000000000000e+00 1.683168316831683275e-01 0.000000000000000000e+00 1.000000000000000000e+00 0.000000000000000000e+00 0.000000000000000000e+00 6.600660066006600740e-03 0.000000000000000000e+00
2.387387387387387427e-01 4.504504504504504465e-03 0.000000000000000000e+00 0.000000000000000000e+00 0.000000000000000000e+00 1.621621621621621712e-01 0.000000000000000000e+00 1.351351351351351426e-02 1.000000000000000000e+00 0.000000000000000000e+00 0.000000000000000000e+00 0.000000000000000000e+00 0.000000000000000000e+00 7.657657657657657158e-02
0.000000000000000000e+00 1.081081081081081141e-01 0.000000000000000000e+00 0.000000000000000000e+00 0.000000000000000000e+00 0.000000000000000000e+00 0.000000000000000000e+00 1.000000000000000000e+00 4.054054054054054279e-01 0.000000000000000000e+00 0.000000000000000000e+00 0.000000000000000000e+00 2.702702702702702853e-02 4.504504504504504292e-02
0.000000000000000000e+00 0.000000000000000000e+00 3.690036900369003583e-03 3.690036900369003670e-02 2.214022140221402063e-02 0.000000000000000000e+00 0.000000000000000000e+00 1.845018450184501835e-02 1.000000000000000000e+00 0.000000000000000000e+00 0.000000000000000000e+00 0.000000000000000000e+00 0.000000000000000000e+00 6.642066420664206883e-02
0.000000000000000000e+00 0.000000000000000000e+00 0.000000000000000000e+00 0.000000000000000000e+00 0.000000000000000000e+00 0.000000000000000000e+00 0.000000000000000000e+00 0.000000000000000000e+00 0.000000000000000000e+00 0.000000000000000000e+00 0.000000000000000000e+00 0.000000000000000000e+00 0.000000000000000000e+00 0.000000000000000000e+00
0.000000000000000000e+00 1.000000000000000000e+00 4.061696658097686541e-01 0.000000000000000000e+00 0.000000000000000000e+00 0.000000000000000000e+00 0.000000000000000000e+00 0.000000000000000000e+00 0.000000000000000000e+00 0.000000000000000000e+00 2.814910025706940933e-01 1.426735218508997372e-01 3.341902313624678933e-01 0.000000000000000000e+00
1.403726708074534146e-01 6.211180124223602064e-03 2.484472049689441086e-03 3.540372670807453437e-01 1.850931677018633481e-01 2.745341614906832151e-01 0.000000000000000000e+00 1.627329192546583814e-01 0.000000000000000000e+00 0.000000000000000000e+00 4.968944099378882172e-03 0.000000000000000000e+00 6.211180124223602064e-03 1.000000000000000000e+00
0.000000000000000000e+00 0.000000000000000000e+00 0.000000000000000000e+00 4.477611940298507204e-02 0.000000000000000000e+00 3.731343283582089481e-03 0.000000000000000000e+00 0.000000000000000000e+00 1.000000000000000000e+00 0.000000000000000000e+00 0.000000000000000000e+00 0.000000000000000000e+00 0.000000000000000000e+00 8.582089552238805763e-02
0.000000000000000000e+00 7.042253521126760896e-02 4.577464788732394513e-02 0.000000000000000000e+00 0.000000000000000000e+00 0.000000000000000000e+00 0.000000000000000000e+00 1.000000000000000000e+00 0.000000000000000000e+00 0.000000000000000000e+00 0.000000000000000000e+00 0.000000000000000000e+00 2.112676056338028130e-02 0.000000000000000000e+00
0.000000000000000000e+00 1.359223300970873738e-01 0.000000000000000000e+00 0.000000000000000000e+00 0.000000000000000000e+00 0.000000000000000000e+00 0.000000000000000000e+00 1.000000000000000000e+00 0.000000000000000000e+00 0.000000000000000000e+00 4.466019417475728392e-01 6.213592233009708199e-01 0.000000000000000000e+00 0.000000000000000000e+00
0.000000000000000000e+00 9.090909090909091161e-02 0.000000000000000000e+00 0.000000000000000000e+00 0.000000000000000000e+00 0.000000000000000000e+00 0.000000000000000000e+00 1.000000000000000000e+00 0.000000000000000000e+00 0.000000000000000000e+00 1.818181818181818232e-01 2.171717171717171824e-01 0.000000000000000000e+00 0.000000000000000000e+00
3.783102143757881460e-03 8.827238335435057606e-03 2.522068095838587640e-03 3.152585119798234636e-02 2.648171500630517108e-02 1.765447667087011521e-02 0.000000000000000000e+00 1.261034047919293820e-02 1.000000000000000000e+00 0.000000000000000000e+00 0.000000000000000000e+00 0.000000000000000000e+00 0.000000000000000000e+00 5.296343001261033523e-01
