1.000000000000000000e+00 0.000000000000000000e+00 0.000000000000000000e+00 0.000000000000000000e+00 4.310344827586206837e-03 4.116379310344827624e-01 0.000000000000000000e+00 6.465517241379310255e-03 4.956896551724138122e-01 0.000000000000000000e+00 2.155172413793103418e-03 0.000000000000000000e+00 1.077586206896551796e-02 0.000000000000000000e+00 3.448275862068965469e-02
0.000000000000000000e+00 3.653846153846153633e-01 9.615384615384615918e-02 0.000000000000000000e+00 0.000000000000000000e+00 0.000000000000000000e+00 0.000000000000000000e+00 1.000000000000000000e+00 0.000000000000000000e+00 0.000000000000000000e+00 3.846153846153846367e-02 0.000000000000000000e+00 7.307692307692308098e-02 7.307692307692308098e-02 0.000000000000000000e+00
0.000000000000000000e+00 3.300330033003300370e-03 3.300330033003300370e-03 0.000000000000000000e+00 0.000000000000000000e+00 0.000000000000000000e+00 0.000000000000000000e+00 1.155115511551155077e-01 0.000000000000000000e+00 1.000000000000000000e+00 0.000000000000000000e+00 6.600660066006600740e-03 0.000000000000000000e+00 3.300330033003300370e-03 0.000000000000000000e+00
1.000000000000000000e+00 0.000000000000000000e+00 0.000000000000000000e+00 0.000000000000000000e+00 0.000000000000000000e+00 1.025641025641025605e-01 0.000000000000000000e+00 1.025641025641025640e-02 5.128205128205127750e-01 0.000000000000000000e+00 5.128205128205128201e-03 0.000000000000000000e+00 1.025641025641025640e-02 0.000000000000000000e+00 5.641025641025641107e-02
1.030927835051546372e-02 1.855670103092783574e-01 1.030927835051546372e-02 5.154639175257731687e-02 0.000000000000000000e+00 0.000000000000000000e+00 0.000000000000000000e+00 1.000000000000000000e+00 8.659793814432990011e-01 1.030927835051546372e-02 0.000000000000000000e+00 0.000000000000000000e+00 0.000000000000000000e+00 9.278350515463917869e-02 8.247422680412370977e-02
0.000000000000000000e+00 3.937007874015747977e-03 7.874015748031495954e-03 5.905511811023621965e-02 3.149606299212598381e-02 0.000000000000000000e+00 0.000000000000000000e+00 5.118110236220472370e-02 1.000000000000000000e+00 0.000000000000000000e+00 0.000000000000000000e+00 0.000000000000000000e+00 0.000000000000000000e+00 0.000000000000000000e+00 7.874015748031495954e-02
0.000000000000000000e+00 0.000000000000000000e+00 0.000000000000000000e+00 0.000000000000000000e+00 0.000000000000000000e+00 0.000000000000000000e+00 0.000000000000000000e+00 0.000000000000000000e+00 0.000000000000000000e+00 0.000000000000000000e+00 0.000000000000000000e+00 0.000000000000000000e+00 0.000000000000000000e+00 0.000000000000000000e+00 0.000000000000000000e+00
0.000000000000000000e+00 8.975265017667845013e-01 1.000000000000000000e+00 0.000000000000000000e+00 0.000000000000000000e+00 0.000000000000000000e+00 0.000000000000000000e+00 0.000000000000000000e+00 0.000000000000000000e+00 0.000000000000000000e+00 3.074204946996466625e-01 2.120141342756183891e-02 5.547703180212013585e-01 7.243816254416961531e-01 0.000000000000000000e+00
8.172413793103447954e-01 2.758620689655172376e-02 1.724137931034482735e-02 9.206896551724137456e-01 6.310344827586207295e-01 3.206896551724137678e-01 0.000000000000000000e+00 3.758620689655172153e-01 0.000000000000000000e+00 2.413793103448275829e-02 3.448275862068965469e-03 0.000000000000000000e+00 1.034482758620689641e-02 4.137931034482758563e-02 1.000000000000000000e+00
0.000000000000000000e+00 0.000000000000000000e+00 0.000000000000000000e+00 1.015625000000000000e-01 2.734375000000000000e-02 0.000000000000000000e+00 0.000000000000000000e+00 3.906250000000000000e-03 1.000000000000000000e+00 1.171875000000000000e-02 0.000000000000000000e+00 0.000000000000000000e+00 0.000000000000000000e+00 0.000000000000000000e+00 8.593750000000000000e-02
0.000000000000000000e+00 9.956709956709956788e-02 7.792207792207792028e-02 0.000000000000000000e+00 0.000000000000000000e+00 0.000000000000000000e+00 0.000000000000000000e+00 1.000000000000000000e+00 0.000000000000000000e+00 0.000000000000000000e+00 0.000000000000000000e+00 0.000000000000000000e+00 0.000000000000000000e+00 1.082251082251082241e-01 0.000000000000000000e+00
0.000000000000000000e+00 0.000000000000000000e+00 1.000000000000000000e+00 0.000000000000000000e+00 0.000000000000000000e+00 0.000000000000000000e+00 0.000000000000000000e+00 0.000000000000000000e+00 0.000000000000000000e+00 0.000000000000000000e+00 0.000000000000000000e+00 0.000000000000000000e+00 0.000000000000000000e+00 0.000000000000000000e+00 0.000000000000000000e+00
0.000000000000000000e+00 4.444444444444444614e-02 0.000000000000000000e+00 0.000000000000000000e+00 0.000000000000000000e+00 0.000000000000000000e+00 0.000000000000000000e+00 3.629629629629629872e-01 0.000000000000000000e+00 0.000000000000000000e+00 4.518518518518518379e-01 0.000000000000000000e+00 1.000000000000000000e+00 0.000000000000000000e+00 0.000000000000000000e+00
0.000000000000000000e+00 5.590062111801242378e-02 0.000000000000000000e+00 0.000000000000000000e+00 0.000000000000000000e+00 0.000000000000000000e+00 0.000000000000000000e+00 5.403726708074534368e-01 0.000000000000000000e+00 0.000000000000000000e+00 8.695652173913043237e-02 0.000000000000000000e+00 1.000000000000000000e+00 0.000000000000000000e+00 0.000000000000000000e+00
5.154639175257731687e-02 3.436426116838487907e-03 3.436426116838487907e-03 6.185567010309278579e-02 8.247422680412370977e-02 3.092783505154639290e-02 0.000000000000000000e+00 2.405498281786941708e-02 1.000000000000000000e+00 0.000000000000000000e+00 0.000000000000000000e+00 0.000000000000000000e+00 3.436426116838487907e-03 0.000000000000000000e+00 2.714776632302405290e-01
