2.835051546391752567e-02 0.000000000000000000e+00 0.000000000000000000e+00 2.061855670103092744e-02 0.000000000000000000e+00 0.000000000000000000e+00 0.000000000000000000e+00 0.000000000000000000e+00 0.000000000000000000e+00 1.000000000000000000e+00 0.000000000000000000e+00 0.000000000000000000e+00 0.000000000000000000e+00
0.000000000000000000e+00 6.769230769230769607e-01 4.519230769230769135e-02 0.000000000000000000e+00 0.000000000000000000e+00 0.000000000000000000e+00 1.000000000000000000e+00 0.000000000000000000e+00 0.000000000000000000e+00 0.000000000000000000e+00 2.884615384615384776e-03 0.000000000000000000e+00 0.000000000000000000e+00
3.989361702127659504e-01 1.595744680851063704e-02 4.787234042553191460e-02 0.000000000000000000e+00 0.000000000000000000e+00 1.000000000000000000e+00 3.989361702127659504e-01 0.000000000000000000e+00 0.000000000000000000e+00 0.000000000000000000e+00 4.361702127659574657e-01 1.436170212765957577e-01 0.000000000000000000e+00
0.000000000000000000e+00 0.000000000000000000e+00 0.000000000000000000e+00 2.380952380952380820e-02 0.000000000000000000e+00 0.000000000000000000e+00 2.380952380952380820e-02 0.000000000000000000e+00 6.904761904761904656e-01 0.000000000000000000e+00 0.000000000000000000e+00 1.000000000000000000e+00 2.380952380952380820e-02
0.000000000000000000e+00 0.000000000000000000e+00 0.000000000000000000e+00 0.000000000000000000e+00 0.000000000000000000e+00 0.000000000000000000e+00 0.000000000000000000e+00 0.000000000000000000e+00 0.000000000000000000e+00 0.000000000000000000e+00 0.000000000000000000e+00 0.000000000000000000e+00 0.000000000000000000e+00
0.000000000000000000e+00 0.000000000000000000e+00 0.000000000000000000e+00 0.000000000000000000e+00 0.000000000000000000e+00 3.355704697986577195e-02 0.000000000000000000e+00 1.000000000000000000e+00 0.000000000000000000e+00 0.000000000000000000e+00 0.000000000000000000e+00 0.000000000000000000e+00 0.000000000000000000e+00
0.000000000000000000e+00 1.000000000000000000e+00 2.849002849002849058e-01 0.000000000000000000e+00 0.000000000000000000e+00 0.000000000000000000e+00 0.000000000000000000e+00 0.000000000000000000e+00 0.000000000000000000e+00 0.000000000000000000e+00 7.027540360873693603e-02 0.000000000000000000e+00 0.000000000000000000e+00
1.000000000000000000e+00 0.000000000000000000e+00 0.000000000000000000e+00 0.000000000000000000e+00 0.000000000000000000e+00 6.748466257668711554e-01 0.000000000000000000e+00 6.134969325153374203e-02 0.000000000000000000e+00 0.000000000000000000e+00 0.000000000000000000e+00 2.331288343558282072e-01 0.000000000000000000e+00
0.000000000000000000e+00 3.206650831353919512e-02 0.000000000000000000e+00 2.731591448931116467e-02 0.000000000000000000e+00 0.000000000000000000e+00 2.980997624703087823e-01 0.000000000000000000e+00 0.000000000000000000e+00 0.000000000000000000e+00 5.938242280285035458e-03 3.681710213776721863e-02 1.000000000000000000e+00
6.796536796536796210e-01 0.000000000000000000e+00 0.000000000000000000e+00 0.000000000000000000e+00 0.000000000000000000e+00 0.000000000000000000e+00 0.000000000000000000e+00 0.000000000000000000e+00 0.000000000000000000e+00 4.761904761904761640e-02 0.000000000000000000e+00 1.000000000000000000e+00 0.000000000000000000e+00
0.000000000000000000e+00 1.941747572815533812e-02 1.000000000000000000e+00 0.000000000000000000e+00 0.000000000000000000e+00 0.000000000000000000e+00 4.368932038834951181e-01 1.359223300970873738e-01 0.000000000000000000e+00 0.000000000000000000e+00 1.941747572815533812e-02 0.000000000000000000e+00 0.000000000000000000e+00
0.000000000000000000e+00 0.000000000000000000e+00 0.000000000000000000e+00 1.307189542483660205e-01 0.000000000000000000e+00 0.000000000000000000e+00 0.000000000000000000e+00 0.000000000000000000e+00 1.000000000000000000e+00 0.000000000000000000e+00 0.000000000000000000e+00 3.267973856209150426e-03 8.496732026143791194e-02
0.000000000000000000e+00 5.924170616113743661e-03 0.000000000000000000e+00 2.369668246445497811e-03 0.000000000000000000e+00 0.000000000000000000e+00 1.777251184834123185e-02 0.000000000000000000e+00 1.000000000000000000e+00 0.000000000000000000e+00 0.000000000000000000e+00 3.554502369668246283e-03 6.777251184834123254e-01
