0.000000000000000000e+00 0.000000000000000000e+00 0.000000000000000000e+00 0.000000000000000000e+00 0.000000000000000000e+00 0.000000000000000000e+00 0.000000000000000000e+00 0.000000000000000000e+00 0.000000000000000000e+00 0.000000000000000000e+00 0.000000000000000000e+00 0.000000000000000000e+00 0.000000000000000000e+00 0.000000000000000000e+00 0.000000000000000000e+00 0.000000000000000000e+00 0.000000000000000000e+00 0.000000000000000000e+00 0.000000000000000000e+00
0.000000000000000000e+00 0.000000000000000000e+00 0.000000000000000000e+00 0.000000000000000000e+00 0.000000000000000000e+00 4.819277108433735191e-02 0.000000000000000000e+00 0.000000000000000000e+00 0.000000000000000000e+00 1.325301204819277212e-01 1.204819277108433798e-02 0.000000000000000000e+00 8.072289156626506479e-01 0.000000000000000000e+00 0.000000000000000000e+00 1.000000000000000000e+00 0.000000000000000000e+00 0.000000000000000000e+00 7.228915662650602092e-02
0.000000000000000000e+00 0.000000000000000000e+00 6.048387096774193727e-01 0.000000000000000000e+00 5.645161290322580488e-02 0.000000000000000000e+00 1.774193548387096794e-02 0.000000000000000000e+00 0.000000000000000000e+00 0.000000000000000000e+00 0.000000000000000000e+00 1.000000000000000000e+00 0.000000000000000000e+00 0.000000000000000000e+00 9.677419354838710103e-03 0.000000000000000000e+00 4.354838709677419373e-02 0.000000000000000000e+00 0.000000000000000000e+00
0.000000000000000000e+00 0.000000000000000000e+00 0.000000000000000000e+00 1.000000000000000000e+00 0.000000000000000000e+00 0.000000000000000000e+00 0.000000000000000000e+00 0.000000000000000000e+00 0.000000000000000000e+00 0.000000000000000000e+00 0.000000000000000000e+00 0.000000000000000000e+00 2.500000000000000000e-01 0.000000000000000000e+00 0.000000000000000000e+00 0.000000000000000000e+00 0.000000000000000000e+00 0.000000000000000000e+00 0.000000000000000000e+00
0.000000000000000000e+00 1.000000000000000000e+00 2.906976744186046471e-02 0.000000000000000000e+00 0.000000000000000000e+00 0.000000000000000000e+00 1.162790697674418589e-02 0.000000000000000000e+00 0.000000000000000000e+00 0.000000000000000000e+00 0.000000000000000000e+00 2.674418604651162545e-01 0.000000000000000000e+00 7.616279069767442067e-01 0.000000000000000000e+00 0.000000000000000000e+00 0.000000000000000000e+00 0.000000000000000000e+00 0.000000000000000000e+00
0.000000000000000000e+00 0.000000000000000000e+00 0.000000000000000000e+00 0.000000000000000000e+00 0.000000000000000000e+00 0.000000000000000000e+00 0.000000000000000000e+00 0.000000000000000000e+00 6.074766355140186896e-02 0.000000000000000000e+00 0.000000000000000000e+00 1.401869158878504655e-02 7.383177570093457653e-01 0.000000000000000000e+00 0.000000000000000000e+00 0.000000000000000000e+00 0.000000000000000000e+00 1.000000000000000000e+00 4.205607476635513792e-02
0.000000000000000000e+00 0.000000000000000000e+00 4.511278195488721554e-02 0.000000000000000000e+00 0.000000000000000000e+00 0.000000000000000000e+00 0.000000000000000000e+00 0.000000000000000000e+00 0.000000000000000000e+00 0.000000000000000000e+00 0.000000000000000000e+00 6.015037593984962072e-01 0.000000000000000000e+00 0.000000000000000000e+00 4.511278195488721554e-02 0.000000000000000000e+00 1.000000000000000000e+00 0.000000000000000000e+00 0.000000000000000000e+00
0.000000000000000000e+00 0.000000000000000000e+00 9.174311926605505096e-02 0.000000000000000000e+00 1.834862385321101019e-02 1.834862385321101019e-02 2.752293577981651529e-02 0.000000000000000000e+00 0.000000000000000000e+00 0.000000000000000000e+00 0.000000000000000000e+00 1.000000000000000000e+00 4.587155963302752548e-01 0.000000000000000000e+00 0.000000000000000000e+00 0.000000000000000000e+00 0.000000000000000000e+00 0.000000000000000000e+00 6.422018348623853568e-02
0.000000000000000000e+00 0.000000000000000000e+00 0.000000000000000000e+00 0.000000000000000000e+00 3.039513677811550140e-03 4.255319148936170109e-02 0.000000000000000000e+00 2.735562310030395169e-02 0.000000000000000000e+00 0.000000000000000000e+00 0.000000000000000000e+00 1.823708206686929997e-02 1.000000000000000000e+00 0.000000000000000000e+00 0.000000000000000000e+00 0.000000000000000000e+00 0.000000000000000000e+00 0.000000000000000000e+00 8.206686930091185161e-02
0.000000000000000000e+00 0.000000000000000000e+00 0.000000000000000000e+00 0.000000000000000000e+00 0.000000000000000000e+00 5.555555555555555247e-02 0.000000000000000000e+00 0.000000000000000000e+00 0.000000000000000000e+00 1.000000000000000000e+00 0.000000000000000000e+00 0.000000000000000000e+00 1.666666666666666574e-01 0.000000000000000000e+00 0.000000000000000000e+00 7.222222222222222099e-01 0.000000000000000000e+00 0.000000000000000000e+00 1.666666666666666574e-01
0.000000000000000000e+00 0.000000000000000000e+00 0.000000000000000000e+00 1.000000000000000000e+00 0.000000000000000000e+00 0.000000000000000000e+00 0.000000000000000000e+00 0.000000000000000000e+00 0.000000000000000000e+00 0.000000000000000000e+00 0.000000000000000000e+00 0.000000000000000000e+00 0.000000000000000000e+00 0.000000000000000000e+00 0.000000000000000000e+00 1.000000000000000000e+00 0.000000000000000000e+00 0.000000000000000000e+00 0.000000000000000000e+00
0.000000000000000000e+00 0.000000000000000000e+00 1.000000000000000000e+00 0.000000000000000000e+00 4.839743589743589758e-01 0.000000000000000000e+00 3.108974358974359031e-01 0.000000000000000000e+00 0.000000000000000000e+00 0.000000000000000000e+00 0.000000000000000000e+00 0.000000000000000000e+00 0.000000000000000000e+00 0.000000000000000000e+00 1.666666666666666574e-01 0.000000000000000000e+00 5.112179487179486781e-01 0.000000000000000000e+00 0.000000000000000000e+00
0.000000000000000000e+00 0.000000000000000000e+00 9.411764705882352117e-03 0.000000000000000000e+00 4.705882352941176058e-03 4.117647058823529216e-01 1.058823529411764656e-02 1.799999999999999933e-01 1.682352941176470662e-01 0.000000000000000000e+00 0.000000000000000000e+00 1.470588235294117696e-01 0.000000000000000000e+00 0.000000000000000000e+00 2.352941176470588029e-03 0.000000000000000000e+00 7.058823529411764955e-03 7.305882352941176494e-01 1.000000000000000000e+00
0.000000000000000000e+00 0.000000000000000000e+00 0.000000000000000000e+00 0.000000000000000000e+00 0.000000000000000000e+00 5.263157894736841813e-02 0.000000000000000000e+00 0.000000000000000000e+00 0.000000000000000000e+00 0.000000000000000000e+00 0.000000000000000000e+00 0.000000000000000000e+00 1.000000000000000000e+00 0.000000000000000000e+00 0.000000000000000000e+00 0.000000000000000000e+00 0.000000000000000000e+00 0.000000000000000000e+00 1.052631578947368363e-01
0.000000000000000000e+00 0.000000000000000000e+00 6.542056074766354479e-02 0.000000000000000000e+00 6.074766355140186896e-02 0.000000000000000000e+00 2.336448598130841034e-02 0.000000000000000000e+00 0.000000000000000000e+00 0.000000000000000000e+00 0.000000000000000000e+00 1.000000000000000000e+00 0.000000000000000000e+00 0.000000000000000000e+00 0.000000000000000000e+00 0.000000000000000000e+00 0.000000000000000000e+00 0.000000000000000000e+00 0.000000000000000000e+00
0.000000000000000000e+00 0.000000000000000000e+00 0.000000000000000000e+00 0.000000000000000000e+00 0.000000000000000000e+00 3.749999999999999861e-02 0.000000000000000000e+00 0.000000000000000000e+00 0.000000000000000000e+00 1.125000000000000028e-01 1.250000000000000069e-02 0.000000000000000000e+00 1.000000000000000000e+00 0.000000000000000000e+00 0.000000000000000000e+00 0.000000000000000000e+00 0.000000000000000000e+00 1.250000000000000069e-02 3.749999999999999861e-02
0.000000000000000000e+00 0.000000000000000000e+00 4.523424878836833363e-02 0.000000000000000000e+00 0.000000000000000000e+00 0.000000000000000000e+00 0.000000000000000000e+00 0.000000000000000000e+00 0.000000000000000000e+00 0.000000000000000000e+00 0.000000000000000000e+00 5.363489499192245491e-01 0.000000000000000000e+00 0.000000000000000000e+00 2.067851373182552632e-01 0.000000000000000000e+00 1.000000000000000000e+00 0.000000000000000000e+00 0.000000000000000000e+00
0.000000000000000000e+00 0.000000000000000000e+00 0.000000000000000000e+00 0.000000000000000000e+00 0.000000000000000000e+00 0.000000000000000000e+00 0.000000000000000000e+00 0.000000000000000000e+00 2.274633123689727421e-01 0.000000000000000000e+00 0.000000000000000000e+00 0.000000000000000000e+00 6.446540880503144333e-01 0.000000000000000000e+00 0.000000000000000000e+00 0.000000000000000000e+00 3.144654088050314635e-03 1.000000000000000000e+00 4.612159329140461117e-02
0.000000000000000000e+00 0.000000000000000000e+00 4.683840749414519902e-03 0.000000000000000000e+00 0.000000000000000000e+00 1.990632318501171089e-02 1.170960187353629976e-03 2.459016393442622905e-02 1.522248243559718925e-02 0.000000000000000000e+00 0.000000000000000000e+00 9.367681498829039805e-03 1.000000000000000000e+00 0.000000000000000000e+00 0.000000000000000000e+00 0.000000000000000000e+00 0.000000000000000000e+00 5.035128805620608938e-02 6.651053864168617880e-01
