1.975308641975308532e-01 1.234567901234567833e-02 0.000000000000000000e+00 0.000000000000000000e+00 0.000000000000000000e+00 7.530864197530864335e-01 0.000000000000000000e+00 1.234567901234567833e-02 1.000000000000000000e+00 0.000000000000000000e+00 2.469135802469135665e-02 0.000000000000000000e+00 0.000000000000000000e+00 0.000000000000000000e+00 7.407407407407406996e-02
0.000000000000000000e+00 5.438596491228070429e-01 4.723346828609986670e-02 0.000000000000000000e+00 0.000000000000000000e+00 0.000000000000000000e+00 0.000000000000000000e+00 1.000000000000000000e+00 0.000000000000000000e+00 0.000000000000000000e+00 7.287449392712549989e-02 1.349527665317138943e-03 1.079622132253711154e-02 9.851551956815114697e-02 0.000000000000000000e+00
0.000000000000000000e+00 6.600660066006600740e-03 2.310231023102310086e-02 0.000000000000000000e+00 0.000000000000000000e+00 0.000000000000000000e+00 0.000000000000000000e+00 4.950495049504950729e-02 0.000000000000000000e+00 1.000000000000000000e+00 0.000000000000000000e+00 0.000000000000000000e+00 0.000000000000000000e+00 6.600660066006600740e-03 0.000000000000000000e+00
9.040333796940194788e-02 1.390820584144645275e-03 0.000000000000000000e+00 0.000000000000000000e+00 1.390820584144645275e-03 4.714881780250347876e-01 0.000000000000000000e+00 2.364394993045897120e-02 1.000000000000000000e+00 0.000000000000000000e+00 1.251738525730180726e-02 0.000000000000000000e+00 2.781641168289290551e-03 0.000000000000000000e+00 8.066759388038942380e-02
2.000000000000000111e-01 0.000000000000000000e+00 0.000000000000000000e+00 0.000000000000000000e+00 0.000000000000000000e+00 0.000000000000000000e+00 0.000000000000000000e+00 0.000000000000000000e+00 1.000000000000000000e+00 0.000000000000000000e+00 0.000000000000000000e+00 0.000000000000000000e+00 0.000000000000000000e+00 0.000000000000000000e+00 0.000000000000000000e+00
0.000000000000000000e+00 2.383790226460071396e-03 0.000000000000000000e+00 2.526817640047676061e-01 0.000000000000000000e+00 0.000000000000000000e+00 0.000000000000000000e+00 2.264600715137067913e-02 1.000000000000000000e+00 0.000000000000000000e+00 0.000000000000000000e+00 0.000000000000000000e+00 0.000000000000000000e+00 5.959475566150178490e-03 7.866507747318235433e-02
0.000000000000000000e+00 0.000000000000000000e+00 0.000000000000000000e+00 0.000000000000000000e+00 0.000000000000000000e+00 0.000000000000000000e+00 0.000000000000000000e+00 0.000000000000000000e+00 0.000000000000000000e+00 0.000000000000000000e+00 0.000000000000000000e+00 0.000000000000000000e+00 0.000000000000000000e+00 0.000000000000000000e+00 0.000000000000000000e+00
0.000000000000000000e+00 8.661327231121281889e-01 2.768878718535469075e-01 0.000000000000000000e+00 0.000000000000000000e+00 0.000000000000000000e+00 0.000000000000000000e+00 0.000000000000000000e+00 0.000000000000000000e+00 0.000000000000000000e+00 8.443935926773454836e-01 2.288329519450800834e-02 9.954233409610983851e-02 1.000000000000000000e+00 0.000000000000000000e+00
8.710407239819004110e-02 1.244343891402714848e-02 0.000000000000000000e+00 1.000000000000000000e+00 3.393665158371040810e-03 7.748868778280543212e-01 0.000000000000000000e+00 2.058823529411764608e-01 0.000000000000000000e+00 4.524886877828054703e-03 1.809954751131221881e-02 0.000000000000000000e+00 2.262443438914027351e-03 1.809954751131221881e-02 7.986425339366516329e-01
0.000000000000000000e+00 0.000000000000000000e+00 0.000000000000000000e+00 1.729957805907172963e-01 8.438818565400843172e-03 0.000000000000000000e+00 0.000000000000000000e+00 4.219409282700421586e-03 1.000000000000000000e+00 8.438818565400843172e-03 0.000000000000000000e+00 0.000000000000000000e+00 0.000000000000000000e+00 0.000000000000000000e+00 1.139240506329113889e-01
0.000000000000000000e+00 8.924731182795699047e-02 4.193548387096774493e-02 0.000000000000000000e+00 0.000000000000000000e+00 0.000000000000000000e+00 0.000000000000000000e+00 1.000000000000000000e+00 0.000000000000000000e+00 0.000000000000000000e+00 2.150537634408602149e-03 5.376344086021505805e-03 0.000000000000000000e+00 2.010752688172043057e-01 0.000000000000000000e+00
0.000000000000000000e+00 0.000000000000000000e+00 3.888888888888888951e-01 0.000000000000000000e+00 0.000000000000000000e+00 0.000000000000000000e+00 0.000000000000000000e+00 1.000000000000000000e+00 0.000000000000000000e+00 0.000000000000000000e+00 0.000000000000000000e+00 0.000000000000000000e+00 5.555555555555555247e-02 0.000000000000000000e+00 0.000000000000000000e+00
0.000000000000000000e+00 7.692307692307692735e-02 0.000000000000000000e+00 0.000000000000000000e+00 0.000000000000000000e+00 0.000000000000000000e+00 0.000000000000000000e+00 1.000000000000000000e+00 0.000000000000000000e+00 0.000000000000000000e+00 8.241758241758241343e-01 0.000000000000000000e+00 1.978021978021977934e-01 0.000000000000000000e+00 0.000000000000000000e+00
0.000000000000000000e+00 6.340057636887608261e-02 0.000000000000000000e+00 0.000000000000000000e+00 0.000000000000000000e+00 0.000000000000000000e+00 0.000000000000000000e+00 1.000000000000000000e+00 0.000000000000000000e+00 0.000000000000000000e+00 5.043227665706051521e-01 0.000000000000000000e+00 1.051873198847262242e-01 1.440922190201729012e-03 0.000000000000000000e+00
1.276595744680850998e-02 5.673758865248227333e-03 0.000000000000000000e+00 1.049645390070921974e-01 0.000000000000000000e+00 8.226950354609928462e-02 0.000000000000000000e+00 1.276595744680850998e-02 1.000000000000000000e+00 0.000000000000000000e+00 0.000000000000000000e+00 0.000000000000000000e+00 0.000000000000000000e+00 5.673758865248227333e-03 5.815602836879432136e-01
