4.934210526315789547e-02 0.000000000000000000e+00 0.000000000000000000e+00 9.868421052631578400e-03 0.000000000000000000e+00 0.000000000000000000e+00 0.000000000000000000e+00 0.000000000000000000e+00 0.000000000000000000e+00 1.000000000000000000e+00 0.000000000000000000e+00 0.000000000000000000e+00 0.000000000000000000e+00
0.000000000000000000e+00 6.724832214765100735e-01 5.234899328859060619e-02 0.000000000000000000e+00 0.000000000000000000e+00 0.000000000000000000e+00 1.000000000000000000e+00 0.000000000000000000e+00 0.000000000000000000e+00 0.000000000000000000e+00 5.369127516778523200e-03 0.000000000000000000e+00 0.000000000000000000e+00
3.926380368098159601e-01 3.680981595092024800e-02 8.588957055214724301e-02 0.000000000000000000e+00 0.000000000000000000e+00 1.000000000000000000e+00 3.558282208588957052e-01 0.000000000000000000e+00 0.000000000000000000e+00 0.000000000000000000e+00 5.337423312883435855e-01 1.595092024539877251e-01 0.000000000000000000e+00
0.000000000000000000e+00 2.151898734177215278e-01 1.265822784810126563e-02 3.797468354430379861e-02 0.000000000000000000e+00 0.000000000000000000e+00 9.873417721518987777e-01 0.000000000000000000e+00 1.000000000000000000e+00 0.000000000000000000e+00 2.531645569620253125e-02 5.569620253164556667e-01 8.860759493670886111e-02
0.000000000000000000e+00 0.000000000000000000e+00 0.000000000000000000e+00 0.000000000000000000e+00 0.000000000000000000e+00 0.000000000000000000e+00 0.000000000000000000e+00 0.000000000000000000e+00 0.000000000000000000e+00 0.000000000000000000e+00 0.000000000000000000e+00 0.000000000000000000e+00 0.000000000000000000e+00
0.000000000000000000e+00 0.000000000000000000e+00 0.000000000000000000e+00 0.000000000000000000e+00 0.000000000000000000e+00 1.538461538461538547e-02 0.000000000000000000e+00 1.000000000000000000e+00 0.000000000000000000e+00 0.000000000000000000e+00 0.000000000000000000e+00 0.000000000000000000e+00 0.000000000000000000e+00
0.000000000000000000e+00 1.000000000000000000e+00 3.582887700534759245e-01 0.000000000000000000e+00 0.000000000000000000e+00 0.000000000000000000e+00 0.000000000000000000e+00 0.000000000000000000e+00 0.000000000000000000e+00 0.000000000000000000e+00 3.609625668449197716e-02 0.000000000000000000e+00 0.000000000000000000e+00
1.000000000000000000e+00 0.000000000000000000e+00 0.000000000000000000e+00 0.000000000000000000e+00 0.000000000000000000e+00 7.760000000000000231e-01 0.000000000000000000e+00 3.200000000000000067e-02 0.000000000000000000e+00 0.000000000000000000e+00 0.000000000000000000e+00 3.920000000000000151e-01 0.000000000000000000e+00
0.000000000000000000e+00 1.029748283752860392e-02 5.720823798627002084e-03 1.750572082379862615e-01 0.000000000000000000e+00 0.000000000000000000e+00 1.578947368421052544e-01 0.000000000000000000e+00 0.000000000000000000e+00 0.000000000000000000e+00 0.000000000000000000e+00 2.860411899313501302e-02 1.000000000000000000e+00
6.290322580645161255e-01 0.000000000000000000e+00 0.000000000000000000e+00 5.376344086021505805e-03 0.000000000000000000e+00 0.000000000000000000e+00 0.000000000000000000e+00 0.000000000000000000e+00 0.000000000000000000e+00 7.526881720430107781e-02 0.000000000000000000e+00 1.000000000000000000e+00 0.000000000000000000e+00
0.000000000000000000e+00 2.272727272727272790e-02 1.000000000000000000e+00 0.000000000000000000e+00 0.000000000000000000e+00 0.000000000000000000e+00 2.159090909090909116e-01 1.250000000000000000e-01 0.000000000000000000e+00 0.000000000000000000e+00 5.681818181818181629e-02 0.000000000000000000e+00 0.000000000000000000e+00
0.000000000000000000e+00 3.921568627450980338e-03 1.176470588235294101e-02 1.725490196078431349e-01 0.000000000000000000e+00 0.000000000000000000e+00 0.000000000000000000e+00 0.000000000000000000e+00 1.000000000000000000e+00 0.000000000000000000e+00 0.000000000000000000e+00 7.843137254901960675e-03 1.098039215686274495e-01
0.000000000000000000e+00 5.747126436781609116e-03 1.149425287356321823e-03 3.103448275862068922e-02 0.000000000000000000e+00 0.000000000000000000e+00 5.747126436781609116e-03 0.000000000000000000e+00 1.000000000000000000e+00 0.000000000000000000e+00 0.000000000000000000e+00 1.149425287356321823e-03 6.229885057471263865e-01
