9.550561797752808724e-02 0.000000000000000000e+00 5.617977528089887485e-03 1.123595505617977497e-02 0.000000000000000000e+00 1.292134831460674260e-01 0.000000000000000000e+00 0.000000000000000000e+00 0.000000000000000000e+00 5.112359550561798027e-01 1.000000000000000000e+00 0.000000000000000000e+00 1.011235955056179747e-01 5.617977528089887485e-03 2.808988764044943742e-02
1.000000000000000000e+00 1.568627450980392135e-02 3.921568627450980338e-03 0.000000000000000000e+00 0.000000000000000000e+00 0.000000000000000000e+00 1.254901960784313708e-01 2.745098039215686236e-02 0.000000000000000000e+00 0.000000000000000000e+00 0.000000000000000000e+00 9.019607843137254777e-02 0.000000000000000000e+00 0.000000000000000000e+00 0.000000000000000000e+00
0.000000000000000000e+00 2.235294117647058931e-01 0.000000000000000000e+00 0.000000000000000000e+00 0.000000000000000000e+00 0.000000000000000000e+00 0.000000000000000000e+00 1.000000000000000000e+00 0.000000000000000000e+00 0.000000000000000000e+00 0.000000000000000000e+00 0.000000000000000000e+00 0.000000000000000000e+00 0.000000000000000000e+00 0.000000000000000000e+00
0.000000000000000000e+00 0.000000000000000000e+00 0.000000000000000000e+00 0.000000000000000000e+00 0.000000000000000000e+00 0.000000000000000000e+00 0.000000000000000000e+00 3.125000000000000000e-02 0.000000000000000000e+00 1.000000000000000000e+00 0.000000000000000000e+00 0.000000000000000000e+00 0.000000000000000000e+00 0.000000000000000000e+00 1.562500000000000000e-01
0.000000000000000000e+00 0.000000000000000000e+00 0.000000000000000000e+00 0.000000000000000000e+00 0.000000000000000000e+00 0.000000000000000000e+00 0.000000000000000000e+00 0.000000000000000000e+00 0.000000000000000000e+00 0.000000000000000000e+00 0.000000000000000000e+00 0.000000000000000000e+00 0.000000000000000000e+00 0.000000000000000000e+00 0.000000000000000000e+00
0.000000000000000000e+00 0.000000000000000000e+00 0.000000000000000000e+00 0.000000000000000000e+00 0.000000000000000000e+00 0.000000000000000000e+00 0.000000000000000000e+00 0.000000000000000000e+00 0.000000000000000000e+00 4.000000000000000222e-01 1.000000000000000000e+00 0.000000000000000000e+00 2.999999999999999889e-01 0.000000000000000000e+00 0.000000000000000000e+00
0.000000000000000000e+00 0.000000000000000000e+00 0.000000000000000000e+00 0.000000000000000000e+00 0.000000000000000000e+00 2.352941176470588203e-01 0.000000000000000000e+00 0.000000000000000000e+00 1.000000000000000000e+00 0.000000000000000000e+00 6.470588235294117974e-01 0.000000000000000000e+00 0.000000000000000000e+00 0.000000000000000000e+00 0.000000000000000000e+00
0.000000000000000000e+00 1.000000000000000000e+00 2.661870503597122406e-01 0.000000000000000000e+00 0.000000000000000000e+00 0.000000000000000000e+00 0.000000000000000000e+00 0.000000000000000000e+00 0.000000000000000000e+00 0.000000000000000000e+00 0.000000000000000000e+00 3.237410071942446038e-02 0.000000000000000000e+00 0.000000000000000000e+00 0.000000000000000000e+00
1.000000000000000000e+00 0.000000000000000000e+00 0.000000000000000000e+00 0.000000000000000000e+00 0.000000000000000000e+00 0.000000000000000000e+00 0.000000000000000000e+00 0.000000000000000000e+00 0.000000000000000000e+00 0.000000000000000000e+00 0.000000000000000000e+00 0.000000000000000000e+00 0.000000000000000000e+00 0.000000000000000000e+00 0.000000000000000000e+00
0.000000000000000000e+00 1.255230125523012531e-02 1.171548117154811719e-01 2.092050209205020828e-02 0.000000000000000000e+00 0.000000000000000000e+00 0.000000000000000000e+00 1.000000000000000000e+00 0.000000000000000000e+00 0.000000000000000000e+00 0.000000000000000000e+00 1.255230125523012531e-02 0.000000000000000000e+00 8.786610878661087198e-02 5.523012552301255207e-01
5.882352941176470507e-02 0.000000000000000000e+00 0.000000000000000000e+00 1.307189542483660170e-02 0.000000000000000000e+00 1.568627450980392135e-01 0.000000000000000000e+00 1.307189542483660170e-02 0.000000000000000000e+00 1.000000000000000000e+00 0.000000000000000000e+00 0.000000000000000000e+00 1.307189542483660205e-01 6.535947712418301025e-02 6.535947712418301025e-02
0.000000000000000000e+00 1.000000000000000000e+00 0.000000000000000000e+00 0.000000000000000000e+00 0.000000000000000000e+00 0.000000000000000000e+00 0.000000000000000000e+00 5.555555555555555247e-02 6.111111111111111605e-01 0.000000000000000000e+00 2.777777777777777901e-01 0.000000000000000000e+00 0.000000000000000000e+00 0.000000000000000000e+00 0.000000000000000000e+00
1.000000000000000000e+00 0.000000000000000000e+00 0.000000000000000000e+00 0.000000000000000000e+00 0.000000000000000000e+00 0.000000000000000000e+00 0.000000000000000000e+00 0.000000000000000000e+00 0.000000000000000000e+00 5.000000000000000000e-01 2.307692307692307820e-01 0.000000000000000000e+00 0.000000000000000000e+00 0.000000000000000000e+00 7.692307692307692735e-02
0.000000000000000000e+00 0.000000000000000000e+00 0.000000000000000000e+00 1.000000000000000000e+00 0.000000000000000000e+00 0.000000000000000000e+00 0.000000000000000000e+00 0.000000000000000000e+00 0.000000000000000000e+00 1.428571428571428492e-01 0.000000000000000000e+00 0.000000000000000000e+00 0.000000000000000000e+00 0.000000000000000000e+00 3.571428571428571230e-02
0.000000000000000000e+00 7.936507936507936067e-03 0.000000000000000000e+00 7.936507936507936067e-03 0.000000000000000000e+00 0.000000000000000000e+00 0.000000000000000000e+00 2.063492063492063378e-01 0.000000000000000000e+00 1.000000000000000000e+00 0.000000000000000000e+00 0.000000000000000000e+00 0.000000000000000000e+00 7.936507936507936067e-03 0.000000000000000000e+00
