0.000000000000000000e+00 9.543568464730289858e-02 0.000000000000000000e+00 1.000000000000000000e+00 4.149377593360995854e-03 0.000000000000000000e+00 0.000000000000000000e+00 0.000000000000000000e+00 0.000000000000000000e+00 0.000000000000000000e+00 4.149377593360995854e-03 0.000000000000000000e+00 1.576763485477178373e-01 0.000000000000000000e+00 4.149377593360995854e-03 0.000000000000000000e+00 0.000000000000000000e+00 8.298755186721991708e-03 4.149377593360995854e-03 0.000000000000000000e+00 0.000000000000000000e+00 8.298755186721991708e-03
5.128205128205128201e-03 8.410256410256410353e-01 0.000000000000000000e+00 1.000000000000000000e+00 0.000000000000000000e+00 0.000000000000000000e+00 6.153846153846154188e-02 0.000000000000000000e+00 2.051282051282051280e-02 0.000000000000000000e+00 0.000000000000000000e+00 0.000000000000000000e+00 6.666666666666666574e-02 0.000000000000000000e+00 5.128205128205128201e-03 1.128205128205128221e-01 0.000000000000000000e+00 1.025641025641025640e-02 0.000000000000000000e+00 0.000000000000000000e+00 0.000000000000000000e+00 4.615384615384615641e-02
0.000000000000000000e+00 0.000000000000000000e+00 0.000000000000000000e+00 0.000000000000000000e+00 0.000000000000000000e+00 0.000000000000000000e+00 0.000000000000000000e+00 9.416195856873822581e-04 8.003766478342749791e-02 0.000000000000000000e+00 0.000000000000000000e+00 9.416195856873822581e-04 0.000000000000000000e+00 0.000000000000000000e+00 2.824858757062146883e-03 0.000000000000000000e+00 1.694915254237288130e-02 1.958568738229755080e-01 2.730696798493408711e-02 0.000000000000000000e+00 2.824858757062146883e-03 1.000000000000000000e+00
2.136752136752136794e-02 8.205128205128204844e-01 1.282051282051282007e-02 0.000000000000000000e+00 0.000000000000000000e+00 0.000000000000000000e+00 2.777777777777777901e-01 0.000000000000000000e+00 2.991452991452991581e-02 0.000000000000000000e+00 1.709401709401709574e-02 0.000000000000000000e+00 8.931623931623932089e-01 0.000000000000000000e+00 4.700854700854700807e-02 1.000000000000000000e+00 0.000000000000000000e+00 1.153846153846153910e-01 0.000000000000000000e+00 0.000000000000000000e+00 0.000000000000000000e+00 7.136752136752136932e-01
0.000000000000000000e+00 0.000000000000000000e+00 0.000000000000000000e+00 0.000000000000000000e+00 0.000000000000000000e+00 0.000000000000000000e+00 0.000000000000000000e+00 0.000000000000000000e+00 0.000000000000000000e+00 0.000000000000000000e+00 0.000000000000000000e+00 0.000000000000000000e+00 0.000000000000000000e+00 0.000000000000000000e+00 0.000000000000000000e+00 0.000000000000000000e+00 0.000000000000000000e+00 0.000000000000000000e+00 1.000000000000000000e+00 0.000000000000000000e+00 0.000000000000000000e+00 5.000000000000000000e-01
0.000000000000000000e+00 0.000000000000000000e+00 0.000000000000000000e+00 0.000000000000000000e+00 0.000000000000000000e+00 0.000000000000000000e+00 0.000000000000000000e+00 0.000000000000000000e+00 0.000000000000000000e+00 0.000000000000000000e+00 0.000000000000000000e+00 1.000000000000000000e+00 0.000000000000000000e+00 0.000000000000000000e+00 0.000000000000000000e+00 0.000000000000000000e+00 0.000000000000000000e+00 0.000000000000000000e+00 0.000000000000000000e+00 0.000000000000000000e+00 0.000000000000000000e+00 0.000000000000000000e+00
0.000000000000000000e+00 5.625000000000000139e-02 0.000000000000000000e+00 1.000000000000000000e+00 0.000000000000000000e+00 0.000000000000000000e+00 0.000000000000000000e+00 0.000000000000000000e+00 1.250000000000000069e-02 0.000000000000000000e+00 0.000000000000000000e+00 0.000000000000000000e+00 2.687499999999999889e-01 0.000000000000000000e+00 0.000000000000000000e+00 6.250000000000000347e-03 0.000000000000000000e+00 4.374999999999999722e-02 0.000000000000000000e+00 0.000000000000000000e+00 0.000000000000000000e+00 8.125000000000000278e-02
0.000000000000000000e+00 0.000000000000000000e+00 0.000000000000000000e+00 0.000000000000000000e+00 0.000000000000000000e+00 0.000000000000000000e+00 0.000000000000000000e+00 6.281755196304850131e-01 0.000000000000000000e+00 0.000000000000000000e+00 0.000000000000000000e+00 6.004618937644341792e-02 0.000000000000000000e+00 8.314087759815241840e-02 0.000000000000000000e+00 0.000000000000000000e+00 1.000000000000000000e+00 0.000000000000000000e+00 0.000000000000000000e+00 3.233256351039261178e-02 7.159353348729792510e-02 0.000000000000000000e+00
0.000000000000000000e+00 0.000000000000000000e+00 6.336088154269972628e-02 0.000000000000000000e+00 1.377410468319559267e-03 0.000000000000000000e+00 0.000000000000000000e+00 2.754820936639118534e-03 6.074380165289255951e-01 0.000000000000000000e+00 0.000000000000000000e+00 0.000000000000000000e+00 0.000000000000000000e+00 0.000000000000000000e+00 1.349862258953168082e-01 0.000000000000000000e+00 6.887052341597796334e-03 1.019283746556473857e-01 2.617079889807162607e-02 0.000000000000000000e+00 2.754820936639118534e-03 1.000000000000000000e+00
0.000000000000000000e+00 0.000000000000000000e+00 0.000000000000000000e+00 0.000000000000000000e+00 0.000000000000000000e+00 0.000000000000000000e+00 0.000000000000000000e+00 0.000000000000000000e+00 0.000000000000000000e+00 0.000000000000000000e+00 0.000000000000000000e+00 0.000000000000000000e+00 0.000000000000000000e+00 0.000000000000000000e+00 0.000000000000000000e+00 0.000000000000000000e+00 0.000000000000000000e+00 0.000000000000000000e+00 0.000000000000000000e+00 0.000000000000000000e+00 0.000000000000000000e+00 0.000000000000000000e+00
0.000000000000000000e+00 0.000000000000000000e+00 0.000000000000000000e+00 1.000000000000000000e+00 0.000000000000000000e+00 0.000000000000000000e+00 0.000000000000000000e+00 0.000000000000000000e+00 0.000000000000000000e+00 0.000000000000000000e+00 0.000000000000000000e+00 0.000000000000000000e+00 0.000000000000000000e+00 0.000000000000000000e+00 0.000000000000000000e+00 0.000000000000000000e+00 0.000000000000000000e+00 0.000000000000000000e+00 0.000000000000000000e+00 0.000000000000000000e+00 0.000000000000000000e+00 2.500000000000000000e-01
1.000000000000000000e+00 0.000000000000000000e+00 0.000000000000000000e+00 0.000000000000000000e+00 0.000000000000000000e+00 0.000000000000000000e+00 0.000000000000000000e+00 0.000000000000000000e+00 0.000000000000000000e+00 0.000000000000000000e+00 0.000000000000000000e+00 3.300330033003300370e-03 0.000000000000000000e+00 0.000000000000000000e+00 0.000000000000000000e+00 0.000000000000000000e+00 5.610561056105610456e-02 0.000000000000000000e+00 0.000000000000000000e+00 0.000000000000000000e+00 3.300330033003300370e-03 0.000000000000000000e+00
0.000000000000000000e+00 4.761904761904761640e-02 1.190476190476190410e-02 5.297619047619047672e-01 0.000000000000000000e+00 0.000000000000000000e+00 1.547619047619047672e-01 0.000000000000000000e+00 0.000000000000000000e+00 0.000000000000000000e+00 0.000000000000000000e+00 0.000000000000000000e+00 5.952380952380952051e-03 0.000000000000000000e+00 4.761904761904761640e-02 1.000000000000000000e+00 0.000000000000000000e+00 0.000000000000000000e+00 0.000000000000000000e+00 0.000000000000000000e+00 0.000000000000000000e+00 2.976190476190476025e-02
0.000000000000000000e+00 0.000000000000000000e+00 0.000000000000000000e+00 0.000000000000000000e+00 0.000000000000000000e+00 0.000000000000000000e+00 0.000000000000000000e+00 3.225806451612903136e-02 0.000000000000000000e+00 0.000000000000000000e+00 0.000000000000000000e+00 0.000000000000000000e+00 0.000000000000000000e+00 1.000000000000000000e+00 0.000000000000000000e+00 0.000000000000000000e+00 6.432062561094818998e-01 0.000000000000000000e+00 0.000000000000000000e+00 3.782991202346041026e-01 9.775171065493646130e-04 0.000000000000000000e+00
0.000000000000000000e+00 0.000000000000000000e+00 3.685491723466406966e-01 0.000000000000000000e+00 0.000000000000000000e+00 0.000000000000000000e+00 0.000000000000000000e+00 0.000000000000000000e+00 4.917234664070107425e-02 0.000000000000000000e+00 0.000000000000000000e+00 0.000000000000000000e+00 0.000000000000000000e+00 3.407984420642648504e-03 1.000000000000000000e+00 0.000000000000000000e+00 1.947419668938656350e-03 9.737098344693281751e-04 0.000000000000000000e+00 1.947419668938656350e-03 0.000000000000000000e+00 6.066212268743914615e-01
0.000000000000000000e+00 6.235565819861432074e-02 9.237875288683602623e-03 5.427251732101616710e-01 0.000000000000000000e+00 0.000000000000000000e+00 3.048498845265588675e-01 0.000000000000000000e+00 2.309468822170900656e-03 0.000000000000000000e+00 0.000000000000000000e+00 0.000000000000000000e+00 6.928406466512702401e-03 0.000000000000000000e+00 3.695150115473441049e-02 1.000000000000000000e+00 0.000000000000000000e+00 0.000000000000000000e+00 0.000000000000000000e+00 0.000000000000000000e+00 0.000000000000000000e+00 1.616628175519630589e-02
0.000000000000000000e+00 0.000000000000000000e+00 0.000000000000000000e+00 0.000000000000000000e+00 0.000000000000000000e+00 0.000000000000000000e+00 0.000000000000000000e+00 6.990595611285266298e-01 0.000000000000000000e+00 0.000000000000000000e+00 0.000000000000000000e+00 4.043887147335423204e-01 0.000000000000000000e+00 1.000000000000000000e+00 0.000000000000000000e+00 0.000000000000000000e+00 0.000000000000000000e+00 0.000000000000000000e+00 0.000000000000000000e+00 4.216300940438871270e-01 7.899686520376175691e-01 0.000000000000000000e+00
0.000000000000000000e+00 0.000000000000000000e+00 1.566757493188010997e-01 0.000000000000000000e+00 0.000000000000000000e+00 0.000000000000000000e+00 0.000000000000000000e+00 1.362397820163487689e-03 5.858310626702997043e-02 0.000000000000000000e+00 0.000000000000000000e+00 0.000000000000000000e+00 0.000000000000000000e+00 1.226158038147139029e-02 1.000000000000000000e+00 0.000000000000000000e+00 1.362397820163487689e-03 1.362397820163487689e-03 0.000000000000000000e+00 0.000000000000000000e+00 0.000000000000000000e+00 6.539509536784741117e-01
0.000000000000000000e+00 0.000000000000000000e+00 0.000000000000000000e+00 0.000000000000000000e+00 0.000000000000000000e+00 1.086956521739130405e-02 0.000000000000000000e+00 4.347826086956521618e-02 1.413043478260869457e-01 0.000000000000000000e+00 0.000000000000000000e+00 1.086956521739130405e-02 0.000000000000000000e+00 0.000000000000000000e+00 0.000000000000000000e+00 0.000000000000000000e+00 8.260869565217391353e-01 2.065217391304347838e-01 0.000000000000000000e+00 0.000000000000000000e+00 7.608695652173913526e-02 1.000000000000000000e+00
0.000000000000000000e+00 0.000000000000000000e+00 0.000000000000000000e+00 0.000000000000000000e+00 0.000000000000000000e+00 0.000000000000000000e+00 0.000000000000000000e+00 6.204379562043795676e-02 0.000000000000000000e+00 0.000000000000000000e+00 0.000000000000000000e+00 6.021897810218978381e-02 0.000000000000000000e+00 0.000000000000000000e+00 0.000000000000000000e+00 0.000000000000000000e+00 1.000000000000000000e+00 0.000000000000000000e+00 0.000000000000000000e+00 0.000000000000000000e+00 2.025547445255474477e-01 0.000000000000000000e+00
0.000000000000000000e+00 0.000000000000000000e+00 0.000000000000000000e+00 0.000000000000000000e+00 0.000000000000000000e+00 0.000000000000000000e+00 0.000000000000000000e+00 4.232804232804232569e-02 0.000000000000000000e+00 0.000000000000000000e+00 0.000000000000000000e+00 0.000000000000000000e+00 0.000000000000000000e+00 1.000000000000000000e+00 0.000000000000000000e+00 0.000000000000000000e+00 6.111111111111111605e-01 0.000000000000000000e+00 0.000000000000000000e+00 1.296296296296296224e-01 0.000000000000000000e+00 0.000000000000000000e+00
0.000000000000000000e+00 0.000000000000000000e+00 3.867093674939952042e-01 0.000000000000000000e+00 8.006405124099278889e-04 0.000000000000000000e+00 0.000000000000000000e+00 2.401921537229783667e-03 5.740592473979183596e-01 0.000000000000000000e+00 0.000000000000000000e+00 1.601281024819855778e-03 0.000000000000000000e+00 8.807045636509207645e-03 1.000000000000000000e+00 0.000000000000000000e+00 9.927942353883106863e-02 8.342674139311448966e-01 1.297037630104083128e-01 2.401921537229783667e-03 1.120896717373899044e-02 0.000000000000000000e+00
