1.000000000000000000e+00 0.000000000000000000e+00 0.000000000000000000e+00 0.000000000000000000e+00 0.000000000000000000e+00 0.000000000000000000e+00 0.000000000000000000e+00 2.367066895368782065e-01 0.000000000000000000e+00 0.000000000000000000e+00 5.145797598627787663e-03 6.569468267581475285e-01 0.000000000000000000e+00 0.000000000000000000e+00 0.000000000000000000e+00 3.430531732418524819e-03 0.000000000000000000e+00 8.233276157804460260e-02
0.000000000000000000e+00 0.000000000000000000e+00 0.000000000000000000e+00 0.000000000000000000e+00 0.000000000000000000e+00 0.000000000000000000e+00 0.000000000000000000e+00 0.000000000000000000e+00 0.000000000000000000e+00 0.000000000000000000e+00 0.000000000000000000e+00 0.000000000000000000e+00 0.000000000000000000e+00 0.000000000000000000e+00 0.000000000000000000e+00 0.000000000000000000e+00 0.000000000000000000e+00 0.000000000000000000e+00
0.000000000000000000e+00 0.000000000000000000e+00 0.000000000000000000e+00 0.000000000000000000e+00 0.000000000000000000e+00 3.636363636363636187e-02 0.000000000000000000e+00 0.000000000000000000e+00 1.090909090909090856e-01 0.000000000000000000e+00 0.000000000000000000e+00 1.000000000000000000e+00 0.000000000000000000e+00 0.000000000000000000e+00 9.454545454545454364e-01 0.000000000000000000e+00 0.000000000000000000e+00 7.272727272727272374e-02
0.000000000000000000e+00 0.000000000000000000e+00 0.000000000000000000e+00 6.302158273381295306e-01 6.618705035971222950e-02 0.000000000000000000e+00 0.000000000000000000e+00 0.000000000000000000e+00 0.000000000000000000e+00 0.000000000000000000e+00 1.000000000000000000e+00 0.000000000000000000e+00 0.000000000000000000e+00 1.007194244604316460e-02 0.000000000000000000e+00 3.309352517985611475e-02 2.014388489208632921e-02 0.000000000000000000e+00
0.000000000000000000e+00 0.000000000000000000e+00 1.000000000000000000e+00 8.438818565400843172e-03 0.000000000000000000e+00 0.000000000000000000e+00 0.000000000000000000e+00 0.000000000000000000e+00 0.000000000000000000e+00 0.000000000000000000e+00 1.181434599156118148e-01 0.000000000000000000e+00 6.329113924050633333e-01 0.000000000000000000e+00 0.000000000000000000e+00 0.000000000000000000e+00 0.000000000000000000e+00 0.000000000000000000e+00
1.000000000000000000e+00 0.000000000000000000e+00 0.000000000000000000e+00 0.000000000000000000e+00 0.000000000000000000e+00 0.000000000000000000e+00 0.000000000000000000e+00 1.515151515151515194e-02 0.000000000000000000e+00 0.000000000000000000e+00 7.575757575757575968e-03 8.787878787878787845e-01 0.000000000000000000e+00 0.000000000000000000e+00 0.000000000000000000e+00 7.575757575757575968e-03 0.000000000000000000e+00 1.136363636363636326e-01
0.000000000000000000e+00 0.000000000000000000e+00 0.000000000000000000e+00 4.575163398692810163e-02 0.000000000000000000e+00 4.575163398692810163e-02 0.000000000000000000e+00 0.000000000000000000e+00 0.000000000000000000e+00 0.000000000000000000e+00 6.274509803921568540e-01 1.000000000000000000e+00 0.000000000000000000e+00 0.000000000000000000e+00 0.000000000000000000e+00 6.535947712418300852e-03 1.960784313725490169e-02 7.843137254901960675e-02
0.000000000000000000e+00 0.000000000000000000e+00 0.000000000000000000e+00 4.651162790697674354e-03 0.000000000000000000e+00 1.395348837209302306e-02 4.186046511627906919e-02 0.000000000000000000e+00 0.000000000000000000e+00 0.000000000000000000e+00 2.325581395348837177e-02 1.000000000000000000e+00 0.000000000000000000e+00 0.000000000000000000e+00 0.000000000000000000e+00 0.000000000000000000e+00 0.000000000000000000e+00 8.372093023255813837e-02
0.000000000000000000e+00 0.000000000000000000e+00 0.000000000000000000e+00 0.000000000000000000e+00 0.000000000000000000e+00 0.000000000000000000e+00 0.000000000000000000e+00 0.000000000000000000e+00 1.000000000000000000e+00 0.000000000000000000e+00 0.000000000000000000e+00 2.631578947368420907e-01 0.000000000000000000e+00 0.000000000000000000e+00 5.263157894736841813e-01 0.000000000000000000e+00 0.000000000000000000e+00 1.578947368421052544e-01
0.000000000000000000e+00 0.000000000000000000e+00 0.000000000000000000e+00 0.000000000000000000e+00 0.000000000000000000e+00 0.000000000000000000e+00 0.000000000000000000e+00 0.000000000000000000e+00 0.000000000000000000e+00 0.000000000000000000e+00 0.000000000000000000e+00 1.000000000000000000e+00 0.000000000000000000e+00 0.000000000000000000e+00 0.000000000000000000e+00 0.000000000000000000e+00 0.000000000000000000e+00 0.000000000000000000e+00
0.000000000000000000e+00 0.000000000000000000e+00 0.000000000000000000e+00 1.000000000000000000e+00 4.937931034482758719e-01 0.000000000000000000e+00 0.000000000000000000e+00 0.000000000000000000e+00 0.000000000000000000e+00 0.000000000000000000e+00 0.000000000000000000e+00 0.000000000000000000e+00 0.000000000000000000e+00 8.137931034482757953e-02 0.000000000000000000e+00 3.131034482758620618e-01 1.186206896551724177e-01 0.000000000000000000e+00
3.125493291239147542e-01 0.000000000000000000e+00 0.000000000000000000e+00 1.262825572217837408e-02 4.735595895816890714e-03 1.799526440410418315e-01 1.902131018153117581e-01 7.576953433307025143e-02 0.000000000000000000e+00 0.000000000000000000e+00 1.728492501973165063e-01 0.000000000000000000e+00 0.000000000000000000e+00 0.000000000000000000e+00 0.000000000000000000e+00 5.524861878453038444e-03 1.578531965272296760e-03 1.000000000000000000e+00
0.000000000000000000e+00 0.000000000000000000e+00 0.000000000000000000e+00 0.000000000000000000e+00 0.000000000000000000e+00 2.255639097744360777e-02 0.000000000000000000e+00 0.000000000000000000e+00 0.000000000000000000e+00 0.000000000000000000e+00 0.000000000000000000e+00 1.000000000000000000e+00 0.000000000000000000e+00 0.000000000000000000e+00 0.000000000000000000e+00 0.000000000000000000e+00 0.000000000000000000e+00 1.052631578947368363e-01
0.000000000000000000e+00 0.000000000000000000e+00 0.000000000000000000e+00 5.932203389830508627e-02 5.932203389830508627e-02 0.000000000000000000e+00 0.000000000000000000e+00 0.000000000000000000e+00 0.000000000000000000e+00 0.000000000000000000e+00 1.000000000000000000e+00 0.000000000000000000e+00 0.000000000000000000e+00 0.000000000000000000e+00 0.000000000000000000e+00 0.000000000000000000e+00 8.474576271186440649e-03 0.000000000000000000e+00
0.000000000000000000e+00 0.000000000000000000e+00 0.000000000000000000e+00 0.000000000000000000e+00 0.000000000000000000e+00 2.000000000000000042e-02 0.000000000000000000e+00 0.000000000000000000e+00 5.999999999999999778e-02 1.000000000000000021e-02 0.000000000000000000e+00 1.000000000000000000e+00 0.000000000000000000e+00 0.000000000000000000e+00 0.000000000000000000e+00 0.000000000000000000e+00 0.000000000000000000e+00 5.000000000000000278e-02
0.000000000000000000e+00 0.000000000000000000e+00 0.000000000000000000e+00 9.236947791164658306e-02 0.000000000000000000e+00 0.000000000000000000e+00 0.000000000000000000e+00 0.000000000000000000e+00 0.000000000000000000e+00 0.000000000000000000e+00 9.076305220883533753e-01 0.000000000000000000e+00 0.000000000000000000e+00 2.650602409638554424e-01 0.000000000000000000e+00 1.000000000000000000e+00 0.000000000000000000e+00 0.000000000000000000e+00
0.000000000000000000e+00 0.000000000000000000e+00 0.000000000000000000e+00 7.407407407407406996e-02 0.000000000000000000e+00 0.000000000000000000e+00 0.000000000000000000e+00 0.000000000000000000e+00 0.000000000000000000e+00 0.000000000000000000e+00 8.703703703703703498e-01 0.000000000000000000e+00 0.000000000000000000e+00 1.851851851851851749e-02 0.000000000000000000e+00 1.000000000000000000e+00 0.000000000000000000e+00 0.000000000000000000e+00
3.645007923930269206e-02 0.000000000000000000e+00 0.000000000000000000e+00 0.000000000000000000e+00 7.923930269413629462e-04 1.584786053882725892e-02 2.297939778129952371e-02 1.188589540412044419e-02 0.000000000000000000e+00 0.000000000000000000e+00 1.347068145800317009e-02 1.000000000000000000e+00 0.000000000000000000e+00 0.000000000000000000e+00 0.000000000000000000e+00 0.000000000000000000e+00 0.000000000000000000e+00 5.808240887480190517e-01
