0.000000000000000000e+00 0.000000000000000000e+00 0.000000000000000000e+00 0.000000000000000000e+00 1.428571428571428492e-01 0.000000000000000000e+00 8.961038961038960693e-01 1.000000000000000000e+00 0.000000000000000000e+00 1.558441558441558406e-01
0.000000000000000000e+00 5.549645390070921946e-01 4.432624113475177458e-02 0.000000000000000000e+00 0.000000000000000000e+00 1.000000000000000000e+00 0.000000000000000000e+00 0.000000000000000000e+00 0.000000000000000000e+00 0.000000000000000000e+00
1.000000000000000000e+00 0.000000000000000000e+00 0.000000000000000000e+00 0.000000000000000000e+00 0.000000000000000000e+00 0.000000000000000000e+00 0.000000000000000000e+00 0.000000000000000000e+00 7.928994082840237212e-01 0.000000000000000000e+00
0.000000000000000000e+00 0.000000000000000000e+00 0.000000000000000000e+00 0.000000000000000000e+00 0.000000000000000000e+00 0.000000000000000000e+00 0.000000000000000000e+00 0.000000000000000000e+00 0.000000000000000000e+00 0.000000000000000000e+00
0.000000000000000000e+00 0.000000000000000000e+00 0.000000000000000000e+00 0.000000000000000000e+00 1.000000000000000000e+00 0.000000000000000000e+00 3.333333333333333148e-01 6.250000000000000000e-01 0.000000000000000000e+00 1.250000000000000000e-01
0.000000000000000000e+00 1.000000000000000000e+00 4.884955752212389313e-01 0.000000000000000000e+00 0.000000000000000000e+00 0.000000000000000000e+00 0.000000000000000000e+00 0.000000000000000000e+00 0.000000000000000000e+00 0.000000000000000000e+00
0.000000000000000000e+00 2.178217821782178071e-02 1.980198019801980222e-03 0.000000000000000000e+00 0.000000000000000000e+00 2.623762376237623872e-01 0.000000000000000000e+00 0.000000000000000000e+00 0.000000000000000000e+00 1.000000000000000000e+00
0.000000000000000000e+00 0.000000000000000000e+00 0.000000000000000000e+00 0.000000000000000000e+00 2.027027027027027140e-01 0.000000000000000000e+00 1.000000000000000000e+00 0.000000000000000000e+00 0.000000000000000000e+00 4.054054054054054279e-02
0.000000000000000000e+00 0.000000000000000000e+00 0.000000000000000000e+00 0.000000000000000000e+00 0.000000000000000000e+00 0.000000000000000000e+00 1.000000000000000000e+00 0.000000000000000000e+00 0.000000000000000000e+00 8.870967741935484319e-02
0.000000000000000000e+00 1.953125000000000000e-03 9.765625000000000000e-04 0.000000000000000000e+00 0.000000000000000000e+00 1.171875000000000000e-02 1.000000000000000000e+00 0.000000000000000000e+00 0.000000000000000000e+00 6.220703125000000000e-01
