0.000000000000000000e+00 0.000000000000000000e+00 5.235602094240838014e-03 5.235602094240838014e-03 0.000000000000000000e+00 1.047120418848167533e-01 0.000000000000000000e+00 4.607329842931937036e-01 1.000000000000000000e+00 1.570680628272251231e-02
1.000000000000000000e+00 0.000000000000000000e+00 3.300330033003300370e-03 0.000000000000000000e+00 0.000000000000000000e+00 0.000000000000000000e+00 6.600660066006600046e-02 0.000000000000000000e+00 0.000000000000000000e+00 0.000000000000000000e+00
0.000000000000000000e+00 1.734693877551020391e-01 3.469387755102040782e-01 0.000000000000000000e+00 0.000000000000000000e+00 0.000000000000000000e+00 1.000000000000000000e+00 0.000000000000000000e+00 0.000000000000000000e+00 0.000000000000000000e+00
0.000000000000000000e+00 8.000000000000000167e-03 2.400000000000000050e-02 0.000000000000000000e+00 0.000000000000000000e+00 0.000000000000000000e+00 5.679999999999999494e-01 1.000000000000000000e+00 0.000000000000000000e+00 7.199999999999999456e-02
0.000000000000000000e+00 0.000000000000000000e+00 0.000000000000000000e+00 0.000000000000000000e+00 0.000000000000000000e+00 0.000000000000000000e+00 0.000000000000000000e+00 0.000000000000000000e+00 0.000000000000000000e+00 0.000000000000000000e+00
0.000000000000000000e+00 0.000000000000000000e+00 0.000000000000000000e+00 0.000000000000000000e+00 0.000000000000000000e+00 4.615384615384615641e-01 0.000000000000000000e+00 5.769230769230768718e-01 1.000000000000000000e+00 1.153846153846153910e-01
0.000000000000000000e+00 1.000000000000000000e+00 7.062937062937062471e-01 0.000000000000000000e+00 0.000000000000000000e+00 0.000000000000000000e+00 0.000000000000000000e+00 0.000000000000000000e+00 0.000000000000000000e+00 0.000000000000000000e+00
0.000000000000000000e+00 1.028277634961439514e-02 5.655526992287917415e-02 4.832904884318766081e-01 0.000000000000000000e+00 0.000000000000000000e+00 4.858611825192802325e-01 0.000000000000000000e+00 0.000000000000000000e+00 1.000000000000000000e+00
0.000000000000000000e+00 0.000000000000000000e+00 0.000000000000000000e+00 0.000000000000000000e+00 0.000000000000000000e+00 1.297297297297297369e-01 0.000000000000000000e+00 1.000000000000000000e+00 0.000000000000000000e+00 4.324324324324324564e-02
0.000000000000000000e+00 0.000000000000000000e+00 2.638522427440633152e-03 5.277044854881266650e-02 0.000000000000000000e+00 0.000000000000000000e+00 3.166226912928760129e-02 1.000000000000000000e+00 0.000000000000000000e+00 2.902374670184696415e-01
