1.895734597156398249e-02 0.000000000000000000e+00 0.000000000000000000e+00 1.658767772511848468e-02 0.000000000000000000e+00 0.000000000000000000e+00 0.000000000000000000e+00 0.000000000000000000e+00 0.000000000000000000e+00 1.000000000000000000e+00 0.000000000000000000e+00 0.000000000000000000e+00 0.000000000000000000e+00
0.000000000000000000e+00 5.878679750223014810e-01 4.014272970561998111e-02 0.000000000000000000e+00 0.000000000000000000e+00 0.000000000000000000e+00 1.000000000000000000e+00 0.000000000000000000e+00 0.000000000000000000e+00 0.000000000000000000e+00 1.784121320249777059e-03 0.000000000000000000e+00 0.000000000000000000e+00
3.666666666666666408e-01 1.250000000000000069e-02 4.583333333333333010e-02 0.000000000000000000e+00 0.000000000000000000e+00 1.000000000000000000e+00 2.916666666666666852e-01 0.000000000000000000e+00 0.000000000000000000e+00 0.000000000000000000e+00 5.208333333333333703e-01 1.541666666666666741e-01 0.000000000000000000e+00
0.000000000000000000e+00 0.000000000000000000e+00 0.000000000000000000e+00 1.369863013698630061e-02 0.000000000000000000e+00 0.000000000000000000e+00 5.479452054794520244e-02 0.000000000000000000e+00 1.000000000000000000e+00 0.000000000000000000e+00 0.000000000000000000e+00 7.260273972602739878e-01 8.219178082191780366e-02
0.000000000000000000e+00 0.000000000000000000e+00 0.000000000000000000e+00 0.000000000000000000e+00 0.000000000000000000e+00 0.000000000000000000e+00 0.000000000000000000e+00 0.000000000000000000e+00 0.000000000000000000e+00 0.000000000000000000e+00 0.000000000000000000e+00 0.000000000000000000e+00 0.000000000000000000e+00
0.000000000000000000e+00 0.000000000000000000e+00 0.000000000000000000e+00 0.000000000000000000e+00 0.000000000000000000e+00 4.395604395604395948e-02 0.000000000000000000e+00 1.000000000000000000e+00 0.000000000000000000e+00 0.000000000000000000e+00 0.000000000000000000e+00 0.000000000000000000e+00 0.000000000000000000e+00
0.000000000000000000e+00 1.000000000000000000e+00 3.362910381543922078e-01 0.000000000000000000e+00 0.000000000000000000e+00 0.000000000000000000e+00 0.000000000000000000e+00 0.000000000000000000e+00 0.000000000000000000e+00 0.000000000000000000e+00 6.566104702750664990e-02 0.000000000000000000e+00 0.000000000000000000e+00
1.000000000000000000e+00 0.000000000000000000e+00 0.000000000000000000e+00 0.000000000000000000e+00 0.000000000000000000e+00 6.775956284153005216e-01 0.000000000000000000e+00 9.289617486338798413e-02 0.000000000000000000e+00 0.000000000000000000e+00 0.000000000000000000e+00 3.715846994535519365e-01 0.000000000000000000e+00
0.000000000000000000e+00 1.940993788819875623e-02 0.000000000000000000e+00 4.347826086956521618e-02 0.000000000000000000e+00 0.000000000000000000e+00 2.437888198757763858e-01 0.000000000000000000e+00 0.000000000000000000e+00 0.000000000000000000e+00 7.763975155279502580e-04 5.978260869565217572e-02 1.000000000000000000e+00
5.924528301886792248e-01 0.000000000000000000e+00 0.000000000000000000e+00 0.000000000000000000e+00 0.000000000000000000e+00 0.000000000000000000e+00 0.000000000000000000e+00 0.000000000000000000e+00 0.000000000000000000e+00 3.018867924528301910e-02 0.000000000000000000e+00 1.000000000000000000e+00 0.000000000000000000e+00
0.000000000000000000e+00 5.072463768115942351e-02 1.000000000000000000e+00 0.000000000000000000e+00 0.000000000000000000e+00 0.000000000000000000e+00 3.333333333333333148e-01 7.971014492753622505e-02 0.000000000000000000e+00 0.000000000000000000e+00 3.623188405797101580e-02 0.000000000000000000e+00 0.000000000000000000e+00
0.000000000000000000e+00 0.000000000000000000e+00 5.208333333333333044e-03 1.770833333333333426e-01 0.000000000000000000e+00 0.000000000000000000e+00 2.604166666666666522e-03 0.000000000000000000e+00 1.000000000000000000e+00 0.000000000000000000e+00 0.000000000000000000e+00 1.302083333333333391e-02 1.302083333333333426e-01
0.000000000000000000e+00 4.601226993865030999e-03 0.000000000000000000e+00 3.834355828220858877e-03 0.000000000000000000e+00 0.000000000000000000e+00 1.840490797546012400e-02 0.000000000000000000e+00 1.000000000000000000e+00 0.000000000000000000e+00 0.000000000000000000e+00 3.834355828220858877e-03 6.188650306748466612e-01
