0.000000000000000000e+00 0.000000000000000000e+00 0.000000000000000000e+00 0.000000000000000000e+00 1.274509803921568540e-01 0.000000000000000000e+00 1.000000000000000000e+00 7.843137254901960675e-01 0.000000000000000000e+00 8.823529411764706454e-02
1.000000000000000000e+00 0.000000000000000000e+00 0.000000000000000000e+00 0.000000000000000000e+00 0.000000000000000000e+00 0.000000000000000000e+00 0.000000000000000000e+00 0.000000000000000000e+00 4.852941176470588203e-01 0.000000000000000000e+00
0.000000000000000000e+00 4.814814814814814825e-02 6.740740740740740478e-01 0.000000000000000000e+00 0.000000000000000000e+00 1.000000000000000000e+00 0.000000000000000000e+00 0.000000000000000000e+00 0.000000000000000000e+00 0.000000000000000000e+00
0.000000000000000000e+00 0.000000000000000000e+00 0.000000000000000000e+00 0.000000000000000000e+00 0.000000000000000000e+00 0.000000000000000000e+00 0.000000000000000000e+00 0.000000000000000000e+00 0.000000000000000000e+00 0.000000000000000000e+00
0.000000000000000000e+00 0.000000000000000000e+00 0.000000000000000000e+00 0.000000000000000000e+00 1.000000000000000000e+00 0.000000000000000000e+00 5.555555555555555802e-01 8.333333333333333703e-01 0.000000000000000000e+00 1.666666666666666574e-01
0.000000000000000000e+00 5.072992700729926918e-01 1.000000000000000000e+00 0.000000000000000000e+00 0.000000000000000000e+00 0.000000000000000000e+00 0.000000000000000000e+00 0.000000000000000000e+00 0.000000000000000000e+00 0.000000000000000000e+00
0.000000000000000000e+00 0.000000000000000000e+00 1.194029850746268669e-02 0.000000000000000000e+00 0.000000000000000000e+00 2.706467661691542292e-01 0.000000000000000000e+00 0.000000000000000000e+00 0.000000000000000000e+00 1.000000000000000000e+00
0.000000000000000000e+00 0.000000000000000000e+00 0.000000000000000000e+00 0.000000000000000000e+00 2.027027027027027140e-01 0.000000000000000000e+00 1.000000000000000000e+00 0.000000000000000000e+00 0.000000000000000000e+00 8.108108108108108558e-02
0.000000000000000000e+00 0.000000000000000000e+00 0.000000000000000000e+00 0.000000000000000000e+00 0.000000000000000000e+00 0.000000000000000000e+00 1.000000000000000000e+00 0.000000000000000000e+00 0.000000000000000000e+00 8.695652173913043237e-02
0.000000000000000000e+00 0.000000000000000000e+00 5.934718100890207931e-03 0.000000000000000000e+00 0.000000000000000000e+00 1.384767556874381793e-02 1.000000000000000000e+00 0.000000000000000000e+00 0.000000000000000000e+00 5.895153313550939300e-01
