1.000000000000000000e+00 0.000000000000000000e+00 0.000000000000000000e+00 0.000000000000000000e+00 0.000000000000000000e+00 0.000000000000000000e+00 3.291139240506328889e-01 0.000000000000000000e+00 1.265822784810126563e-02 8.734177215189873333e-01 0.000000000000000000e+00 0.000000000000000000e+00 0.000000000000000000e+00 3.797468354430379861e-02
0.000000000000000000e+00 5.929095354523227224e-01 5.256723716381418027e-02 0.000000000000000000e+00 3.667481662591687026e-03 0.000000000000000000e+00 0.000000000000000000e+00 0.000000000000000000e+00 1.000000000000000000e+00 0.000000000000000000e+00 1.222493887530562342e-03 6.112469437652812143e-03 0.000000000000000000e+00 0.000000000000000000e+00
0.000000000000000000e+00 4.620462046204620171e-02 6.600660066006600740e-03 0.000000000000000000e+00 0.000000000000000000e+00 0.000000000000000000e+00 0.000000000000000000e+00 0.000000000000000000e+00 3.465346534653465094e-01 0.000000000000000000e+00 0.000000000000000000e+00 0.000000000000000000e+00 1.000000000000000000e+00 0.000000000000000000e+00
6.923076923076922906e-01 0.000000000000000000e+00 0.000000000000000000e+00 0.000000000000000000e+00 0.000000000000000000e+00 0.000000000000000000e+00 0.000000000000000000e+00 0.000000000000000000e+00 0.000000000000000000e+00 1.000000000000000000e+00 0.000000000000000000e+00 0.000000000000000000e+00 0.000000000000000000e+00 2.564102564102564014e-02
0.000000000000000000e+00 4.347826086956521618e-02 0.000000000000000000e+00 0.000000000000000000e+00 0.000000000000000000e+00 0.000000000000000000e+00 0.000000000000000000e+00 0.000000000000000000e+00 1.000000000000000000e+00 0.000000000000000000e+00 8.695652173913043237e-02 8.260869565217391353e-01 0.000000000000000000e+00 0.000000000000000000e+00
0.000000000000000000e+00 1.212121212121212155e-01 0.000000000000000000e+00 0.000000000000000000e+00 4.040404040404040747e-02 0.000000000000000000e+00 0.000000000000000000e+00 0.000000000000000000e+00 1.000000000000000000e+00 5.050505050505050414e-02 0.000000000000000000e+00 0.000000000000000000e+00 0.000000000000000000e+00 0.000000000000000000e+00
0.000000000000000000e+00 0.000000000000000000e+00 0.000000000000000000e+00 0.000000000000000000e+00 0.000000000000000000e+00 0.000000000000000000e+00 0.000000000000000000e+00 0.000000000000000000e+00 0.000000000000000000e+00 1.000000000000000000e+00 0.000000000000000000e+00 0.000000000000000000e+00 0.000000000000000000e+00 4.838709677419354704e-02
0.000000000000000000e+00 0.000000000000000000e+00 0.000000000000000000e+00 0.000000000000000000e+00 0.000000000000000000e+00 0.000000000000000000e+00 0.000000000000000000e+00 0.000000000000000000e+00 0.000000000000000000e+00 0.000000000000000000e+00 0.000000000000000000e+00 0.000000000000000000e+00 0.000000000000000000e+00 0.000000000000000000e+00
0.000000000000000000e+00 1.000000000000000000e+00 4.388753056234718786e-01 0.000000000000000000e+00 4.645476772616136812e-02 0.000000000000000000e+00 0.000000000000000000e+00 0.000000000000000000e+00 0.000000000000000000e+00 0.000000000000000000e+00 3.422982885085574384e-02 6.479217603911979761e-02 0.000000000000000000e+00 0.000000000000000000e+00
8.135168961201501292e-02 1.627033792240300397e-02 2.002503128911138977e-02 7.509386733416771598e-02 0.000000000000000000e+00 1.339173967459324210e-01 4.755944931163955114e-02 0.000000000000000000e+00 1.852315394242803614e-01 0.000000000000000000e+00 0.000000000000000000e+00 0.000000000000000000e+00 0.000000000000000000e+00 1.000000000000000000e+00
0.000000000000000000e+00 1.499999999999999944e-01 7.499999999999999722e-02 0.000000000000000000e+00 0.000000000000000000e+00 0.000000000000000000e+00 0.000000000000000000e+00 0.000000000000000000e+00 1.000000000000000000e+00 0.000000000000000000e+00 0.000000000000000000e+00 0.000000000000000000e+00 0.000000000000000000e+00 0.000000000000000000e+00
0.000000000000000000e+00 5.063291139240506250e-02 0.000000000000000000e+00 0.000000000000000000e+00 0.000000000000000000e+00 0.000000000000000000e+00 0.000000000000000000e+00 0.000000000000000000e+00 6.962025316455696666e-01 0.000000000000000000e+00 2.278481012658227778e-01 1.000000000000000000e+00 0.000000000000000000e+00 0.000000000000000000e+00
0.000000000000000000e+00 0.000000000000000000e+00 0.000000000000000000e+00 1.086956521739130405e-02 0.000000000000000000e+00 0.000000000000000000e+00 0.000000000000000000e+00 0.000000000000000000e+00 0.000000000000000000e+00 1.000000000000000000e+00 0.000000000000000000e+00 0.000000000000000000e+00 0.000000000000000000e+00 9.057971014492753603e-02
8.805031446540880283e-03 2.515723270440251447e-03 2.515723270440251447e-03 5.031446540880502895e-03 0.000000000000000000e+00 1.635220125786163506e-02 1.257861635220125724e-03 0.000000000000000000e+00 8.805031446540880283e-03 1.000000000000000000e+00 0.000000000000000000e+00 0.000000000000000000e+00 0.000000000000000000e+00 5.811320754716980952e-01
