3.043478260869565410e-01 0.000000000000000000e+00 0.000000000000000000e+00 0.000000000000000000e+00 3.478260869565217295e-01 0.000000000000000000e+00 1.086956521739130405e-02 1.000000000000000000e+00 0.000000000000000000e+00 0.000000000000000000e+00 0.000000000000000000e+00 0.000000000000000000e+00 2.173913043478260809e-02
0.000000000000000000e+00 7.055335968379446987e-01 3.162055335968379233e-02 0.000000000000000000e+00 0.000000000000000000e+00 0.000000000000000000e+00 1.000000000000000000e+00 0.000000000000000000e+00 0.000000000000000000e+00 1.581027667984189616e-02 5.928853754940711061e-03 2.371541501976284425e-02 0.000000000000000000e+00
0.000000000000000000e+00 0.000000000000000000e+00 0.000000000000000000e+00 0.000000000000000000e+00 0.000000000000000000e+00 0.000000000000000000e+00 0.000000000000000000e+00 0.000000000000000000e+00 1.000000000000000000e+00 0.000000000000000000e+00 0.000000000000000000e+00 0.000000000000000000e+00 0.000000000000000000e+00
2.283464566929133965e-01 0.000000000000000000e+00 0.000000000000000000e+00 0.000000000000000000e+00 1.259842519685039353e-01 0.000000000000000000e+00 0.000000000000000000e+00 1.000000000000000000e+00 0.000000000000000000e+00 7.874015748031495954e-03 0.000000000000000000e+00 0.000000000000000000e+00 5.511811023622047168e-02
0.000000000000000000e+00 0.000000000000000000e+00 0.000000000000000000e+00 1.408450704225352144e-02 0.000000000000000000e+00 0.000000000000000000e+00 1.408450704225352144e-02 1.000000000000000000e+00 0.000000000000000000e+00 0.000000000000000000e+00 0.000000000000000000e+00 0.000000000000000000e+00 8.450704225352112520e-02
0.000000000000000000e+00 0.000000000000000000e+00 0.000000000000000000e+00 0.000000000000000000e+00 0.000000000000000000e+00 0.000000000000000000e+00 0.000000000000000000e+00 0.000000000000000000e+00 0.000000000000000000e+00 0.000000000000000000e+00 0.000000000000000000e+00 0.000000000000000000e+00 0.000000000000000000e+00
0.000000000000000000e+00 1.000000000000000000e+00 2.572533849129594041e-01 0.000000000000000000e+00 0.000000000000000000e+00 0.000000000000000000e+00 0.000000000000000000e+00 0.000000000000000000e+00 0.000000000000000000e+00 1.895551257253385025e-01 1.373307543520309593e-01 1.992263056092843376e-01 0.000000000000000000e+00
1.293952180028129506e-01 1.125175808720112539e-02 0.000000000000000000e+00 2.320675105485232037e-01 1.462728551336146265e-01 0.000000000000000000e+00 1.729957805907172963e-01 0.000000000000000000e+00 0.000000000000000000e+00 2.812939521800281346e-03 1.406469760900140673e-03 4.219409282700421586e-03 1.000000000000000000e+00
0.000000000000000000e+00 0.000000000000000000e+00 0.000000000000000000e+00 1.574803149606299191e-02 0.000000000000000000e+00 0.000000000000000000e+00 0.000000000000000000e+00 1.000000000000000000e+00 0.000000000000000000e+00 0.000000000000000000e+00 0.000000000000000000e+00 0.000000000000000000e+00 1.811023622047244208e-01
0.000000000000000000e+00 7.812500000000000000e-02 2.343750000000000000e-02 0.000000000000000000e+00 0.000000000000000000e+00 0.000000000000000000e+00 1.000000000000000000e+00 0.000000000000000000e+00 0.000000000000000000e+00 0.000000000000000000e+00 0.000000000000000000e+00 2.343750000000000000e-02 0.000000000000000000e+00
0.000000000000000000e+00 4.000000000000000083e-02 0.000000000000000000e+00 0.000000000000000000e+00 0.000000000000000000e+00 0.000000000000000000e+00 1.000000000000000000e+00 0.000000000000000000e+00 0.000000000000000000e+00 3.333333333333333148e-01 5.200000000000000178e-01 0.000000000000000000e+00 0.000000000000000000e+00
0.000000000000000000e+00 6.410256410256409687e-02 0.000000000000000000e+00 0.000000000000000000e+00 0.000000000000000000e+00 0.000000000000000000e+00 1.000000000000000000e+00 0.000000000000000000e+00 0.000000000000000000e+00 1.282051282051281937e-01 3.589743589743589758e-01 0.000000000000000000e+00 0.000000000000000000e+00
8.321775312066573976e-03 2.773925104022191470e-03 0.000000000000000000e+00 1.525658807212205287e-02 8.321775312066573976e-03 0.000000000000000000e+00 1.248266296809986096e-02 1.000000000000000000e+00 0.000000000000000000e+00 0.000000000000000000e+00 0.000000000000000000e+00 0.000000000000000000e+00 7.073509015256588262e-01
