0.000000000000000000e+00 0.000000000000000000e+00 0.000000000000000000e+00 0.000000000000000000e+00 0.000000000000000000e+00 7.829181494661921481e-02 0.000000000000000000e+00 0.000000000000000000e+00 1.000000000000000000e+00 3.558718861209964231e-03
1.000000000000000000e+00 0.000000000000000000e+00 0.000000000000000000e+00 0.000000000000000000e+00 0.000000000000000000e+00 0.000000000000000000e+00 3.630363036303630581e-02 0.000000000000000000e+00 0.000000000000000000e+00 0.000000000000000000e+00
0.000000000000000000e+00 1.524390243902438991e-01 3.536585365853658347e-01 0.000000000000000000e+00 0.000000000000000000e+00 0.000000000000000000e+00 1.000000000000000000e+00 0.000000000000000000e+00 0.000000000000000000e+00 0.000000000000000000e+00
0.000000000000000000e+00 8.333333333333333218e-03 6.666666666666666574e-02 0.000000000000000000e+00 0.000000000000000000e+00 0.000000000000000000e+00 6.416666666666667185e-01 1.000000000000000000e+00 0.000000000000000000e+00 1.166666666666666685e-01
0.000000000000000000e+00 0.000000000000000000e+00 0.000000000000000000e+00 0.000000000000000000e+00 0.000000000000000000e+00 0.000000000000000000e+00 0.000000000000000000e+00 0.000000000000000000e+00 0.000000000000000000e+00 0.000000000000000000e+00
0.000000000000000000e+00 0.000000000000000000e+00 0.000000000000000000e+00 0.000000000000000000e+00 0.000000000000000000e+00 3.353293413173652482e-01 0.000000000000000000e+00 1.317365269461077959e-01 1.000000000000000000e+00 2.994011976047904200e-02
0.000000000000000000e+00 1.000000000000000000e+00 5.704225352112676228e-01 0.000000000000000000e+00 0.000000000000000000e+00 0.000000000000000000e+00 0.000000000000000000e+00 0.000000000000000000e+00 0.000000000000000000e+00 0.000000000000000000e+00
0.000000000000000000e+00 1.838235294117647120e-02 6.617647058823529493e-02 7.463235294117647189e-01 0.000000000000000000e+00 0.000000000000000000e+00 6.433823529411765163e-01 0.000000000000000000e+00 0.000000000000000000e+00 1.000000000000000000e+00
0.000000000000000000e+00 0.000000000000000000e+00 0.000000000000000000e+00 3.891050583657587603e-03 0.000000000000000000e+00 6.692607003891050121e-01 0.000000000000000000e+00 1.000000000000000000e+00 0.000000000000000000e+00 7.003891050583657685e-02
0.000000000000000000e+00 0.000000000000000000e+00 3.649635036496350245e-03 5.839416058394160391e-02 0.000000000000000000e+00 0.000000000000000000e+00 6.934306569343065552e-02 1.000000000000000000e+00 0.000000000000000000e+00 3.138686131386861367e-01
