0.000000000000000000e+00 0.000000000000000000e+00 0.000000000000000000e+00 0.000000000000000000e+00 0.000000000000000000e+00 0.000000000000000000e+00 0.000000000000000000e+00 0.000000000000000000e+00 0.000000000000000000e+00 2.631578947368420907e-02 0.000000000000000000e+00 0.000000000000000000e+00 3.421052631578947456e-01 0.000000000000000000e+00 1.000000000000000000e+00 0.000000000000000000e+00 0.000000000000000000e+00 0.000000000000000000e+00 2.631578947368420907e-02
0.000000000000000000e+00 0.000000000000000000e+00 0.000000000000000000e+00 0.000000000000000000e+00 0.000000000000000000e+00 0.000000000000000000e+00 0.000000000000000000e+00 0.000000000000000000e+00 0.000000000000000000e+00 0.000000000000000000e+00 0.000000000000000000e+00 0.000000000000000000e+00 0.000000000000000000e+00 0.000000000000000000e+00 0.000000000000000000e+00 0.000000000000000000e+00 0.000000000000000000e+00 0.000000000000000000e+00 0.000000000000000000e+00
0.000000000000000000e+00 0.000000000000000000e+00 0.000000000000000000e+00 0.000000000000000000e+00 0.000000000000000000e+00 0.000000000000000000e+00 0.000000000000000000e+00 5.649717514124293766e-03 0.000000000000000000e+00 1.412429378531073476e-01 3.389830508474576259e-02 0.000000000000000000e+00 1.129943502824858753e-02 0.000000000000000000e+00 1.000000000000000000e+00 0.000000000000000000e+00 0.000000000000000000e+00 0.000000000000000000e+00 0.000000000000000000e+00
7.118644067796610353e-02 0.000000000000000000e+00 0.000000000000000000e+00 1.000000000000000000e+00 0.000000000000000000e+00 0.000000000000000000e+00 0.000000000000000000e+00 0.000000000000000000e+00 0.000000000000000000e+00 1.864406779661017047e-02 0.000000000000000000e+00 0.000000000000000000e+00 5.084745762711864042e-03 0.000000000000000000e+00 2.322033898305084776e-01 0.000000000000000000e+00 0.000000000000000000e+00 1.694915254237288130e-02 0.000000000000000000e+00
0.000000000000000000e+00 0.000000000000000000e+00 1.000000000000000000e+00 0.000000000000000000e+00 0.000000000000000000e+00 0.000000000000000000e+00 4.761904761904762334e-03 0.000000000000000000e+00 0.000000000000000000e+00 0.000000000000000000e+00 0.000000000000000000e+00 1.000000000000000056e-01 0.000000000000000000e+00 0.000000000000000000e+00 0.000000000000000000e+00 1.428571428571428527e-02 0.000000000000000000e+00 0.000000000000000000e+00 0.000000000000000000e+00
0.000000000000000000e+00 0.000000000000000000e+00 0.000000000000000000e+00 0.000000000000000000e+00 0.000000000000000000e+00 0.000000000000000000e+00 0.000000000000000000e+00 0.000000000000000000e+00 1.324503311258278145e-02 0.000000000000000000e+00 0.000000000000000000e+00 0.000000000000000000e+00 3.973509933774834191e-01 0.000000000000000000e+00 0.000000000000000000e+00 0.000000000000000000e+00 6.622516556291390723e-03 1.000000000000000000e+00 6.622516556291390723e-03
0.000000000000000000e+00 0.000000000000000000e+00 0.000000000000000000e+00 0.000000000000000000e+00 0.000000000000000000e+00 0.000000000000000000e+00 0.000000000000000000e+00 0.000000000000000000e+00 0.000000000000000000e+00 0.000000000000000000e+00 0.000000000000000000e+00 4.333333333333333481e-01 0.000000000000000000e+00 4.444444444444444614e-02 0.000000000000000000e+00 2.222222222222222307e-02 1.000000000000000000e+00 0.000000000000000000e+00 0.000000000000000000e+00
0.000000000000000000e+00 0.000000000000000000e+00 0.000000000000000000e+00 0.000000000000000000e+00 0.000000000000000000e+00 6.349206349206348854e-02 7.936507936507936067e-02 0.000000000000000000e+00 0.000000000000000000e+00 0.000000000000000000e+00 0.000000000000000000e+00 1.000000000000000000e+00 8.253968253968253510e-01 0.000000000000000000e+00 0.000000000000000000e+00 9.523809523809523281e-02 0.000000000000000000e+00 0.000000000000000000e+00 7.936507936507936067e-02
0.000000000000000000e+00 0.000000000000000000e+00 0.000000000000000000e+00 0.000000000000000000e+00 0.000000000000000000e+00 3.125000000000000000e-02 0.000000000000000000e+00 1.041666666666666609e-02 0.000000000000000000e+00 0.000000000000000000e+00 0.000000000000000000e+00 1.562500000000000000e-02 1.000000000000000000e+00 0.000000000000000000e+00 0.000000000000000000e+00 5.208333333333333044e-03 0.000000000000000000e+00 0.000000000000000000e+00 8.854166666666667129e-02
0.000000000000000000e+00 0.000000000000000000e+00 0.000000000000000000e+00 6.010928961748633614e-02 0.000000000000000000e+00 5.464480874316939886e-03 0.000000000000000000e+00 0.000000000000000000e+00 5.464480874316939886e-03 7.759562841530054378e-01 3.278688524590164105e-02 0.000000000000000000e+00 7.650273224043716014e-02 0.000000000000000000e+00 1.000000000000000000e+00 0.000000000000000000e+00 0.000000000000000000e+00 0.000000000000000000e+00 5.464480874316939886e-03
0.000000000000000000e+00 0.000000000000000000e+00 0.000000000000000000e+00 1.000000000000000000e+00 0.000000000000000000e+00 0.000000000000000000e+00 0.000000000000000000e+00 0.000000000000000000e+00 0.000000000000000000e+00 3.571428571428571230e-02 0.000000000000000000e+00 0.000000000000000000e+00 1.785714285714285615e-02 0.000000000000000000e+00 1.964285714285714246e-01 0.000000000000000000e+00 0.000000000000000000e+00 1.785714285714285615e-02 0.000000000000000000e+00
0.000000000000000000e+00 0.000000000000000000e+00 0.000000000000000000e+00 0.000000000000000000e+00 5.180412371134021088e-01 0.000000000000000000e+00 2.680412371134020533e-01 0.000000000000000000e+00 0.000000000000000000e+00 0.000000000000000000e+00 0.000000000000000000e+00 0.000000000000000000e+00 0.000000000000000000e+00 1.159793814432989734e-01 0.000000000000000000e+00 1.000000000000000000e+00 9.020618556701031077e-01 0.000000000000000000e+00 0.000000000000000000e+00
0.000000000000000000e+00 0.000000000000000000e+00 0.000000000000000000e+00 0.000000000000000000e+00 5.494505494505494934e-03 3.186813186813186594e-01 3.663003663003663000e-03 2.124542124542124488e-01 8.791208791208791895e-02 0.000000000000000000e+00 0.000000000000000000e+00 1.813186813186813129e-01 0.000000000000000000e+00 0.000000000000000000e+00 0.000000000000000000e+00 7.326007326007326001e-03 5.494505494505494934e-03 8.260073260073259593e-01 1.000000000000000000e+00
0.000000000000000000e+00 0.000000000000000000e+00 0.000000000000000000e+00 0.000000000000000000e+00 5.343511450381679267e-02 0.000000000000000000e+00 5.343511450381679267e-02 0.000000000000000000e+00 0.000000000000000000e+00 0.000000000000000000e+00 0.000000000000000000e+00 1.000000000000000000e+00 0.000000000000000000e+00 0.000000000000000000e+00 0.000000000000000000e+00 5.343511450381679267e-02 0.000000000000000000e+00 0.000000000000000000e+00 0.000000000000000000e+00
6.179775280898876233e-02 0.000000000000000000e+00 0.000000000000000000e+00 7.640449438202246979e-01 0.000000000000000000e+00 5.617977528089887485e-02 0.000000000000000000e+00 0.000000000000000000e+00 0.000000000000000000e+00 1.000000000000000000e+00 3.314606741573033477e-01 0.000000000000000000e+00 7.921348314606742047e-01 0.000000000000000000e+00 0.000000000000000000e+00 0.000000000000000000e+00 0.000000000000000000e+00 1.685393258426966245e-02 4.494382022471909988e-02
0.000000000000000000e+00 0.000000000000000000e+00 0.000000000000000000e+00 0.000000000000000000e+00 6.775067750677506162e-02 0.000000000000000000e+00 3.523035230352303260e-02 0.000000000000000000e+00 0.000000000000000000e+00 0.000000000000000000e+00 0.000000000000000000e+00 1.000000000000000000e+00 0.000000000000000000e+00 1.355013550135501441e-02 0.000000000000000000e+00 7.452574525745256917e-01 8.401084010840108307e-02 0.000000000000000000e+00 0.000000000000000000e+00
0.000000000000000000e+00 0.000000000000000000e+00 0.000000000000000000e+00 0.000000000000000000e+00 0.000000000000000000e+00 0.000000000000000000e+00 1.798561151079136784e-03 0.000000000000000000e+00 0.000000000000000000e+00 0.000000000000000000e+00 0.000000000000000000e+00 3.156474820143884696e-01 0.000000000000000000e+00 8.633093525179856564e-02 0.000000000000000000e+00 2.877697841726618855e-02 1.000000000000000000e+00 0.000000000000000000e+00 0.000000000000000000e+00
0.000000000000000000e+00 0.000000000000000000e+00 0.000000000000000000e+00 0.000000000000000000e+00 0.000000000000000000e+00 0.000000000000000000e+00 0.000000000000000000e+00 0.000000000000000000e+00 9.307604994324630843e-02 0.000000000000000000e+00 0.000000000000000000e+00 2.270147559591373376e-03 2.502837684449489286e-01 1.135073779795686688e-03 0.000000000000000000e+00 0.000000000000000000e+00 3.405221339387060064e-03 1.000000000000000000e+00 1.986379114642451704e-02
0.000000000000000000e+00 0.000000000000000000e+00 0.000000000000000000e+00 0.000000000000000000e+00 0.000000000000000000e+00 3.795066413662238902e-02 1.897533206831119581e-03 3.036053130929791330e-02 1.138519924098671705e-02 0.000000000000000000e+00 0.000000000000000000e+00 1.518026565464895665e-02 1.000000000000000000e+00 0.000000000000000000e+00 0.000000000000000000e+00 0.000000000000000000e+00 0.000000000000000000e+00 6.831119544592030579e-02 6.963946869070208878e-01
