2.681992337164751036e-02 0.000000000000000000e+00 0.000000000000000000e+00 7.662835249042145198e-03 0.000000000000000000e+00 6.513409961685823202e-02 0.000000000000000000e+00 6.896551724137930939e-02 1.000000000000000000e+00 0.000000000000000000e+00 1.532567049808429040e-02 0.000000000000000000e+00 1.532567049808429040e-02
0.000000000000000000e+00 6.590604026845637842e-01 4.697986577181208212e-02 0.000000000000000000e+00 0.000000000000000000e+00 0.000000000000000000e+00 1.000000000000000000e+00 0.000000000000000000e+00 0.000000000000000000e+00 2.684563758389261600e-03 0.000000000000000000e+00 0.000000000000000000e+00 0.000000000000000000e+00
1.000000000000000000e+00 6.734006734006733712e-03 1.010101010101010187e-02 0.000000000000000000e+00 0.000000000000000000e+00 0.000000000000000000e+00 1.885521885521885543e-01 0.000000000000000000e+00 0.000000000000000000e+00 3.367003367003366856e-03 0.000000000000000000e+00 0.000000000000000000e+00 0.000000000000000000e+00
0.000000000000000000e+00 1.000000000000000056e-01 0.000000000000000000e+00 0.000000000000000000e+00 0.000000000000000000e+00 0.000000000000000000e+00 8.916666666666667185e-01 1.000000000000000000e+00 0.000000000000000000e+00 1.666666666666666644e-02 0.000000000000000000e+00 8.333333333333333218e-03 1.000000000000000056e-01
0.000000000000000000e+00 0.000000000000000000e+00 0.000000000000000000e+00 0.000000000000000000e+00 0.000000000000000000e+00 0.000000000000000000e+00 0.000000000000000000e+00 0.000000000000000000e+00 0.000000000000000000e+00 0.000000000000000000e+00 0.000000000000000000e+00 0.000000000000000000e+00 0.000000000000000000e+00
1.818181818181818094e-02 0.000000000000000000e+00 0.000000000000000000e+00 0.000000000000000000e+00 0.000000000000000000e+00 8.545454545454544970e-01 0.000000000000000000e+00 3.090909090909090828e-01 1.000000000000000000e+00 0.000000000000000000e+00 0.000000000000000000e+00 0.000000000000000000e+00 3.636363636363636187e-02
0.000000000000000000e+00 1.000000000000000000e+00 4.074074074074073848e-01 0.000000000000000000e+00 0.000000000000000000e+00 0.000000000000000000e+00 0.000000000000000000e+00 0.000000000000000000e+00 0.000000000000000000e+00 2.513227513227513088e-02 0.000000000000000000e+00 0.000000000000000000e+00 0.000000000000000000e+00
0.000000000000000000e+00 3.875968992248061962e-03 3.875968992248061962e-03 2.063953488372093081e-01 0.000000000000000000e+00 0.000000000000000000e+00 1.453488372093023340e-01 0.000000000000000000e+00 0.000000000000000000e+00 0.000000000000000000e+00 0.000000000000000000e+00 3.585271317829457488e-02 1.000000000000000000e+00
2.941176470588235253e-02 0.000000000000000000e+00 0.000000000000000000e+00 4.201680672268907381e-03 0.000000000000000000e+00 2.436974789915966333e-01 0.000000000000000000e+00 1.000000000000000000e+00 0.000000000000000000e+00 0.000000000000000000e+00 8.403361344537814762e-03 8.403361344537814762e-03 5.462184873949579855e-02
0.000000000000000000e+00 1.666666666666666574e-01 8.333333333333333703e-01 0.000000000000000000e+00 0.000000000000000000e+00 0.000000000000000000e+00 1.000000000000000000e+00 0.000000000000000000e+00 0.000000000000000000e+00 0.000000000000000000e+00 0.000000000000000000e+00 0.000000000000000000e+00 0.000000000000000000e+00
0.000000000000000000e+00 0.000000000000000000e+00 0.000000000000000000e+00 0.000000000000000000e+00 0.000000000000000000e+00 0.000000000000000000e+00 0.000000000000000000e+00 2.000000000000000111e-01 1.000000000000000000e+00 0.000000000000000000e+00 0.000000000000000000e+00 0.000000000000000000e+00 0.000000000000000000e+00
0.000000000000000000e+00 0.000000000000000000e+00 0.000000000000000000e+00 7.199999999999999734e-01 0.000000000000000000e+00 0.000000000000000000e+00 0.000000000000000000e+00 1.000000000000000000e+00 0.000000000000000000e+00 0.000000000000000000e+00 0.000000000000000000e+00 0.000000000000000000e+00 4.000000000000000083e-02
0.000000000000000000e+00 5.876591576885406218e-03 0.000000000000000000e+00 1.958863858961802304e-02 0.000000000000000000e+00 0.000000000000000000e+00 1.273261508325171376e-02 1.000000000000000000e+00 0.000000000000000000e+00 0.000000000000000000e+00 0.000000000000000000e+00 3.917727717923604434e-03 6.483839373163564623e-01
