0.000000000000000000e+00 0.000000000000000000e+00 0.000000000000000000e+00 0.000000000000000000e+00 0.000000000000000000e+00 0.000000000000000000e+00 1.000000000000000000e+00 0.000000000000000000e+00 0.000000000000000000e+00 0.000000000000000000e+00
0.000000000000000000e+00 6.853281853281852909e-01 3.957528957528957253e-02 0.000000000000000000e+00 0.000000000000000000e+00 1.000000000000000000e+00 0.000000000000000000e+00 0.000000000000000000e+00 0.000000000000000000e+00 0.000000000000000000e+00
2.711864406779660938e-02 2.711864406779660938e-02 0.000000000000000000e+00 0.000000000000000000e+00 0.000000000000000000e+00 2.271186440677966101e-01 0.000000000000000000e+00 0.000000000000000000e+00 1.000000000000000000e+00 0.000000000000000000e+00
0.000000000000000000e+00 1.403508771929824483e-01 0.000000000000000000e+00 0.000000000000000000e+00 0.000000000000000000e+00 1.000000000000000000e+00 2.807017543859648967e-01 0.000000000000000000e+00 0.000000000000000000e+00 3.508771929824561209e-02
0.000000000000000000e+00 0.000000000000000000e+00 0.000000000000000000e+00 0.000000000000000000e+00 0.000000000000000000e+00 0.000000000000000000e+00 0.000000000000000000e+00 0.000000000000000000e+00 0.000000000000000000e+00 0.000000000000000000e+00
0.000000000000000000e+00 1.000000000000000000e+00 3.224568138195777478e-01 0.000000000000000000e+00 0.000000000000000000e+00 0.000000000000000000e+00 0.000000000000000000e+00 4.798464491362763526e-03 0.000000000000000000e+00 0.000000000000000000e+00
0.000000000000000000e+00 5.376344086021505805e-03 1.344086021505376451e-03 1.001344086021505320e-01 0.000000000000000000e+00 1.014784946236559071e-01 0.000000000000000000e+00 0.000000000000000000e+00 2.688172043010752903e-03 1.000000000000000000e+00
0.000000000000000000e+00 0.000000000000000000e+00 0.000000000000000000e+00 0.000000000000000000e+00 0.000000000000000000e+00 1.000000000000000000e+00 0.000000000000000000e+00 0.000000000000000000e+00 0.000000000000000000e+00 0.000000000000000000e+00
0.000000000000000000e+00 0.000000000000000000e+00 0.000000000000000000e+00 3.717472118959107633e-03 0.000000000000000000e+00 0.000000000000000000e+00 1.000000000000000000e+00 0.000000000000000000e+00 1.486988847583643053e-02 1.152416356877323383e-01
0.000000000000000000e+00 2.009377093101138469e-03 0.000000000000000000e+00 1.071667782987273908e-02 0.000000000000000000e+00 6.697923643670462140e-03 1.000000000000000000e+00 0.000000000000000000e+00 6.697923643670461924e-04 7.153382451440053469e-01
