0.000000000000000000e+00 0.000000000000000000e+00 0.000000000000000000e+00 0.000000000000000000e+00 0.000000000000000000e+00 0.000000000000000000e+00 1.000000000000000000e+00 0.000000000000000000e+00 0.000000000000000000e+00 1.250000000000000000e-01
0.000000000000000000e+00 7.238493723849371841e-01 2.594142259414225840e-02 0.000000000000000000e+00 0.000000000000000000e+00 1.000000000000000000e+00 0.000000000000000000e+00 0.000000000000000000e+00 0.000000000000000000e+00 0.000000000000000000e+00
2.857142857142857054e-02 6.349206349206349201e-03 0.000000000000000000e+00 0.000000000000000000e+00 0.000000000000000000e+00 3.174603174603174427e-02 0.000000000000000000e+00 0.000000000000000000e+00 1.000000000000000000e+00 0.000000000000000000e+00
0.000000000000000000e+00 0.000000000000000000e+00 0.000000000000000000e+00 0.000000000000000000e+00 0.000000000000000000e+00 0.000000000000000000e+00 1.000000000000000000e+00 0.000000000000000000e+00 0.000000000000000000e+00 0.000000000000000000e+00
0.000000000000000000e+00 0.000000000000000000e+00 0.000000000000000000e+00 0.000000000000000000e+00 0.000000000000000000e+00 0.000000000000000000e+00 0.000000000000000000e+00 0.000000000000000000e+00 0.000000000000000000e+00 0.000000000000000000e+00
0.000000000000000000e+00 1.000000000000000000e+00 2.523051131601005692e-01 0.000000000000000000e+00 0.000000000000000000e+00 0.000000000000000000e+00 0.000000000000000000e+00 9.220452640402346245e-03 0.000000000000000000e+00 0.000000000000000000e+00
0.000000000000000000e+00 1.372549019607843118e-02 0.000000000000000000e+00 7.189542483660130330e-03 0.000000000000000000e+00 1.843137254901960898e-01 0.000000000000000000e+00 6.535947712418300201e-04 7.189542483660130330e-03 1.000000000000000000e+00
0.000000000000000000e+00 1.666666666666666574e-01 8.333333333333333703e-01 0.000000000000000000e+00 0.000000000000000000e+00 1.000000000000000000e+00 0.000000000000000000e+00 0.000000000000000000e+00 0.000000000000000000e+00 0.000000000000000000e+00
0.000000000000000000e+00 0.000000000000000000e+00 0.000000000000000000e+00 6.802721088435373896e-03 0.000000000000000000e+00 0.000000000000000000e+00 1.000000000000000000e+00 0.000000000000000000e+00 0.000000000000000000e+00 1.122448979591836732e-01
0.000000000000000000e+00 5.840363400389357411e-03 0.000000000000000000e+00 0.000000000000000000e+00 0.000000000000000000e+00 7.787151200519143793e-03 1.000000000000000000e+00 0.000000000000000000e+00 1.297858533419857154e-03 6.930564568462037611e-01
