0.000000000000000000e+00 0.000000000000000000e+00 0.000000000000000000e+00 0.000000000000000000e+00 0.000000000000000000e+00 0.000000000000000000e+00 5.000000000000000000e-01 0.000000000000000000e+00 0.000000000000000000e+00 0.000000000000000000e+00 3.750000000000000000e-01 8.750000000000000000e-01 0.000000000000000000e+00 0.000000000000000000e+00 0.000000000000000000e+00 0.000000000000000000e+00 1.000000000000000000e+00 0.000000000000000000e+00 0.000000000000000000e+00 0.000000000000000000e+00 8.750000000000000000e-01
0.000000000000000000e+00 0.000000000000000000e+00 0.000000000000000000e+00 0.000000000000000000e+00 0.000000000000000000e+00 0.000000000000000000e+00 0.000000000000000000e+00 0.000000000000000000e+00 0.000000000000000000e+00 0.000000000000000000e+00 0.000000000000000000e+00 0.000000000000000000e+00 0.000000000000000000e+00 0.000000000000000000e+00 0.000000000000000000e+00 0.000000000000000000e+00 0.000000000000000000e+00 0.000000000000000000e+00 0.000000000000000000e+00 0.000000000000000000e+00 0.000000000000000000e+00
0.000000000000000000e+00 0.000000000000000000e+00 0.000000000000000000e+00 0.000000000000000000e+00 0.000000000000000000e+00 6.060606060606060601e-03 9.090909090909091161e-02 1.818181818181818094e-02 0.000000000000000000e+00 0.000000000000000000e+00 1.090909090909090856e-01 2.424242424242424310e-01 0.000000000000000000e+00 0.000000000000000000e+00 0.000000000000000000e+00 0.000000000000000000e+00 1.000000000000000000e+00 0.000000000000000000e+00 0.000000000000000000e+00 0.000000000000000000e+00 3.757575757575757347e-01
0.000000000000000000e+00 0.000000000000000000e+00 0.000000000000000000e+00 0.000000000000000000e+00 0.000000000000000000e+00 0.000000000000000000e+00 9.090909090909091161e-02 1.818181818181818232e-01 0.000000000000000000e+00 9.090909090909091161e-02 0.000000000000000000e+00 0.000000000000000000e+00 0.000000000000000000e+00 3.636363636363636465e-01 1.000000000000000000e+00 0.000000000000000000e+00 0.000000000000000000e+00 0.000000000000000000e+00 0.000000000000000000e+00 0.000000000000000000e+00 6.363636363636363535e-01
1.829268292682926789e-01 0.000000000000000000e+00 0.000000000000000000e+00 0.000000000000000000e+00 1.000000000000000000e+00 0.000000000000000000e+00 0.000000000000000000e+00 0.000000000000000000e+00 0.000000000000000000e+00 3.658536585365853439e-02 4.878048780487805047e-02 0.000000000000000000e+00 0.000000000000000000e+00 1.219512195121951192e-01 0.000000000000000000e+00 0.000000000000000000e+00 1.585365853658536606e-01 0.000000000000000000e+00 0.000000000000000000e+00 0.000000000000000000e+00 9.756097560975610095e-02
0.000000000000000000e+00 0.000000000000000000e+00 1.000000000000000000e+00 0.000000000000000000e+00 0.000000000000000000e+00 3.300330033003300370e-03 0.000000000000000000e+00 0.000000000000000000e+00 3.300330033003300370e-03 0.000000000000000000e+00 0.000000000000000000e+00 0.000000000000000000e+00 2.640264026402640296e-02 0.000000000000000000e+00 0.000000000000000000e+00 0.000000000000000000e+00 0.000000000000000000e+00 0.000000000000000000e+00 6.600660066006600740e-03 3.300330033003300370e-03 0.000000000000000000e+00
0.000000000000000000e+00 0.000000000000000000e+00 0.000000000000000000e+00 8.097165991902833659e-04 0.000000000000000000e+00 8.097165991902833659e-04 0.000000000000000000e+00 2.348178137651821956e-02 8.097165991902833659e-04 1.773279352226720673e-01 0.000000000000000000e+00 0.000000000000000000e+00 3.238866396761133463e-03 1.000000000000000000e+00 0.000000000000000000e+00 1.619433198380566732e-03 0.000000000000000000e+00 0.000000000000000000e+00 8.097165991902834092e-03 0.000000000000000000e+00 2.348178137651821817e-01
0.000000000000000000e+00 0.000000000000000000e+00 0.000000000000000000e+00 1.098901098901098987e-02 0.000000000000000000e+00 3.663003663003663000e-03 3.369963369963370203e-01 3.443223443223443203e-01 0.000000000000000000e+00 1.208791208791208799e-01 0.000000000000000000e+00 0.000000000000000000e+00 1.465201465201465200e-02 2.161172161172161266e-01 3.663003663003663000e-03 0.000000000000000000e+00 0.000000000000000000e+00 0.000000000000000000e+00 0.000000000000000000e+00 7.326007326007326001e-03 1.000000000000000000e+00
0.000000000000000000e+00 0.000000000000000000e+00 0.000000000000000000e+00 0.000000000000000000e+00 0.000000000000000000e+00 1.323529411764705899e-01 0.000000000000000000e+00 0.000000000000000000e+00 4.044117647058823595e-01 0.000000000000000000e+00 0.000000000000000000e+00 0.000000000000000000e+00 1.000000000000000000e+00 0.000000000000000000e+00 0.000000000000000000e+00 8.088235294117647467e-02 0.000000000000000000e+00 0.000000000000000000e+00 2.426470588235294101e-01 1.617647058823529493e-01 0.000000000000000000e+00
0.000000000000000000e+00 0.000000000000000000e+00 0.000000000000000000e+00 5.698005698005698290e-03 0.000000000000000000e+00 0.000000000000000000e+00 5.194681861348527940e-01 7.977207977207977085e-02 3.798670465337132193e-03 9.496676163342830483e-04 0.000000000000000000e+00 0.000000000000000000e+00 4.653371320037986980e-02 4.748338081671414808e-03 5.698005698005698290e-03 0.000000000000000000e+00 0.000000000000000000e+00 9.496676163342830483e-04 0.000000000000000000e+00 1.614434947768281225e-02 1.000000000000000000e+00
0.000000000000000000e+00 0.000000000000000000e+00 0.000000000000000000e+00 0.000000000000000000e+00 1.304347826086956486e-01 0.000000000000000000e+00 8.695652173913043237e-02 1.739130434782608647e-01 0.000000000000000000e+00 0.000000000000000000e+00 4.347826086956521618e-01 2.608695652173912971e-01 0.000000000000000000e+00 0.000000000000000000e+00 0.000000000000000000e+00 0.000000000000000000e+00 1.000000000000000000e+00 0.000000000000000000e+00 0.000000000000000000e+00 0.000000000000000000e+00 3.478260869565217295e-01
2.000000000000000111e-01 0.000000000000000000e+00 0.000000000000000000e+00 0.000000000000000000e+00 1.000000000000000000e+00 0.000000000000000000e+00 0.000000000000000000e+00 0.000000000000000000e+00 0.000000000000000000e+00 5.000000000000000278e-02 5.000000000000000278e-02 0.000000000000000000e+00 0.000000000000000000e+00 2.999999999999999889e-01 0.000000000000000000e+00 0.000000000000000000e+00 3.250000000000000111e-01 0.000000000000000000e+00 0.000000000000000000e+00 0.000000000000000000e+00 7.499999999999999722e-02
0.000000000000000000e+00 0.000000000000000000e+00 0.000000000000000000e+00 0.000000000000000000e+00 0.000000000000000000e+00 5.191011235955056424e-01 0.000000000000000000e+00 0.000000000000000000e+00 2.966292134831460814e-01 0.000000000000000000e+00 0.000000000000000000e+00 0.000000000000000000e+00 0.000000000000000000e+00 0.000000000000000000e+00 0.000000000000000000e+00 3.213483146067415697e-01 0.000000000000000000e+00 1.573033707865168634e-02 7.595505617977528212e-01 1.000000000000000000e+00 0.000000000000000000e+00
0.000000000000000000e+00 0.000000000000000000e+00 0.000000000000000000e+00 1.003009027081243733e-03 0.000000000000000000e+00 0.000000000000000000e+00 1.337345369441658239e-03 2.407221664994984786e-02 0.000000000000000000e+00 4.102306920762286979e-01 0.000000000000000000e+00 0.000000000000000000e+00 3.009027081243730983e-03 1.000000000000000000e+00 3.343363423604145596e-04 3.343363423604145922e-03 0.000000000000000000e+00 0.000000000000000000e+00 9.361417586091607887e-03 0.000000000000000000e+00 2.383818121029755988e-01
0.000000000000000000e+00 0.000000000000000000e+00 0.000000000000000000e+00 0.000000000000000000e+00 0.000000000000000000e+00 0.000000000000000000e+00 4.666666666666666741e-01 6.666666666666666574e-02 0.000000000000000000e+00 0.000000000000000000e+00 0.000000000000000000e+00 0.000000000000000000e+00 6.666666666666666574e-02 6.666666666666666574e-02 0.000000000000000000e+00 0.000000000000000000e+00 0.000000000000000000e+00 0.000000000000000000e+00 0.000000000000000000e+00 0.000000000000000000e+00 1.000000000000000000e+00
0.000000000000000000e+00 0.000000000000000000e+00 0.000000000000000000e+00 0.000000000000000000e+00 0.000000000000000000e+00 1.093750000000000000e-01 0.000000000000000000e+00 0.000000000000000000e+00 8.203125000000000000e-02 0.000000000000000000e+00 0.000000000000000000e+00 0.000000000000000000e+00 1.000000000000000000e+00 0.000000000000000000e+00 0.000000000000000000e+00 0.000000000000000000e+00 0.000000000000000000e+00 3.906250000000000000e-03 3.906250000000000000e-03 3.750000000000000000e-01 0.000000000000000000e+00
5.357142857142856845e-02 0.000000000000000000e+00 0.000000000000000000e+00 0.000000000000000000e+00 8.928571428571428770e-02 0.000000000000000000e+00 2.767857142857143016e-01 6.250000000000000000e-02 0.000000000000000000e+00 1.785714285714285615e-02 1.696428571428571508e-01 2.410714285714285754e-01 0.000000000000000000e+00 7.142857142857142461e-02 0.000000000000000000e+00 0.000000000000000000e+00 0.000000000000000000e+00 0.000000000000000000e+00 0.000000000000000000e+00 0.000000000000000000e+00 1.000000000000000000e+00
0.000000000000000000e+00 0.000000000000000000e+00 0.000000000000000000e+00 0.000000000000000000e+00 0.000000000000000000e+00 1.000000000000000000e+00 0.000000000000000000e+00 0.000000000000000000e+00 0.000000000000000000e+00 0.000000000000000000e+00 0.000000000000000000e+00 0.000000000000000000e+00 1.428571428571428492e-01 0.000000000000000000e+00 0.000000000000000000e+00 0.000000000000000000e+00 0.000000000000000000e+00 0.000000000000000000e+00 1.428571428571428492e-01 4.285714285714285476e-01 0.000000000000000000e+00
0.000000000000000000e+00 0.000000000000000000e+00 0.000000000000000000e+00 0.000000000000000000e+00 0.000000000000000000e+00 7.524454477050413577e-04 0.000000000000000000e+00 0.000000000000000000e+00 2.106847253574115758e-02 0.000000000000000000e+00 0.000000000000000000e+00 0.000000000000000000e+00 2.565838976674191252e-01 0.000000000000000000e+00 0.000000000000000000e+00 4.191121143717080333e-01 0.000000000000000000e+00 7.524454477050413577e-04 1.000000000000000000e+00 7.524454477050413577e-04 0.000000000000000000e+00
0.000000000000000000e+00 0.000000000000000000e+00 0.000000000000000000e+00 0.000000000000000000e+00 0.000000000000000000e+00 0.000000000000000000e+00 0.000000000000000000e+00 0.000000000000000000e+00 1.775147928994082885e-02 0.000000000000000000e+00 0.000000000000000000e+00 0.000000000000000000e+00 2.445759368836291914e-01 0.000000000000000000e+00 0.000000000000000000e+00 1.558185404339250402e-01 0.000000000000000000e+00 1.972386587771203254e-03 1.000000000000000000e+00 0.000000000000000000e+00 0.000000000000000000e+00
0.000000000000000000e+00 0.000000000000000000e+00 0.000000000000000000e+00 1.193755739210284640e-02 0.000000000000000000e+00 0.000000000000000000e+00 1.000000000000000000e+00 2.442607897153351582e-01 2.754820936639118534e-03 2.617079889807162330e-01 0.000000000000000000e+00 0.000000000000000000e+00 9.825528007346188974e-02 6.730945821854912303e-01 5.509641873278237068e-03 3.673094582185491234e-03 0.000000000000000000e+00 0.000000000000000000e+00 7.346189164370982468e-03 3.397612488521579294e-02 0.000000000000000000e+00
