1.848428835489833617e-03
2.587800369685767238e-02
1.848428835489833617e-03
3.696857670979667235e-03
9.242144177449168954e-03
1.848428835489833617e-03
6.284658040665434819e-02
9.242144177449168954e-03
1.848428835489833617e-03
1.367837338262476998e-01
2.587800369685767238e-02
2.957486136783733788e-02
1.663585951940850169e-02
1.848428835489833617e-03
7.393715341959334469e-03
3.696857670979667235e-03
1.848428835489833617e-03
2.218114602587800341e-02
7.393715341959334469e-03
1.922365988909426893e-01
4.048059149722735839e-01
1.848428835489833791e-02
7.393715341959334469e-03
1.109057301293900170e-02
3.974121996303142113e-01
1.848428835489833617e-03
5.730129390018483954e-02
1.293900184842883619e-02
1.349353049907578428e-01
1.552680221811460204e-01
2.070240295748613790e-01
1.848428835489833617e-03
1.848428835489833617e-03
1.109057301293900170e-02
9.057301293900184291e-02
1.478743068391866894e-02
1.848428835489833617e-03
0.000000000000000000e+00
1.848428835489833617e-03
1.663585951940850169e-02
9.242144177449168954e-03
7.393715341959334469e-03
1.848428835489833617e-03
1.848428835489833617e-03
3.696857670979667235e-03
3.659889094269870857e-01
9.242144177449168607e-02
7.393715341959334469e-03
1.848428835489833617e-03
9.242144177449168954e-03
7.393715341959334469e-03
1.626617375231053653e-01
7.948243992606285335e-02
9.242144177449168954e-03
1.848428835489833617e-03
1.293900184842883619e-02
1.478743068391866894e-02
2.218114602587800341e-02
9.944547134935305399e-01
6.839186691312384991e-02
1.848428835489833617e-03
1.903881700554528600e-01
1.848428835489833617e-03
5.175600739371534476e-02
1.848428835489833617e-03
7.393715341959334469e-03
1.848428835489833617e-03
1.000000000000000000e+00
1.589648798521257067e-01
1.848428835489833791e-02
5.545286506469500852e-03
1.848428835489833617e-03
7.393715341959334469e-03
1.848428835489833617e-03
1.293900184842883619e-02
1.922365988909426893e-01
1.848428835489833617e-03
1.977818853974122049e-01
1.811460258780036858e-01
1.534195933456561911e-01
6.099815157116451197e-02
7.393715341959334469e-03
1.478743068391866894e-02
1.848428835489833617e-03
7.948243992606285335e-02
2.014787430683918634e-01
3.696857670979667235e-03
2.587800369685767238e-02
2.883548983364140339e-01
1.515711645101663618e-01
1.848428835489833617e-03
1.663585951940850169e-02
4.621072088724584304e-02
1.848428835489833617e-03
4.621072088724584304e-02
2.033271719038817066e-02
9.242144177449168607e-02
2.883548983364140339e-01
3.696857670979667235e-03
1.312384473197781842e-01
1.848428835489833617e-03
1.848428835489833617e-03
1.848428835489833617e-03
3.696857670979667235e-03
1.182994454713493515e-01
1.460258780036968462e-01
1.848428835489833617e-03
1.478743068391866894e-02
6.654343807763400676e-02
1.293900184842883619e-02
5.545286506469500852e-03
7.393715341959334469e-03
3.696857670979667235e-03
1.848428835489833791e-02
1.238447319778188532e-01
9.426987060998151535e-02
1.848428835489833617e-03
3.696857670979667235e-03
7.948243992606285335e-02
5.545286506469500852e-03
2.402957486136783616e-02
2.125693160813308669e-01
1.109057301293900170e-02
