6.393442622950820109e-01
1.001821493624772269e-01
1.311475409836065642e-01
6.320582877959927126e-01
3.096539162112932689e-02
1.821493624772313469e-02
3.096539162112932689e-02
1.839708561020036437e-01
3.169398907103825325e-01
0.000000000000000000e+00
2.003642987249544538e-02
7.030965391621128990e-01
5.282331511839708643e-02
7.468123861566484945e-02
2.003642987249544538e-01
5.464480874316939712e-02
8.251366120218579514e-01
1.129326047358834295e-01
4.408014571948998261e-01
8.196721311475409222e-02
7.468123861566484945e-02
1.000000000000000000e+00
