0.000000000000000000e+00
1.111702127659574407e-01
5.771276595744680993e-01
1.063829787234042571e-03
2.159574468085106447e-01
1.090425531914893664e-01
6.542553191489361430e-02
1.196808510638297934e-01
1.058510638297872342e-01
2.606382978723404201e-02
1.595744680851063748e-03
7.281914893617020823e-01
1.000000000000000000e+00
8.404255319148935810e-02
7.393617021276595314e-02
5.531914893617020934e-02
1.808510638297872175e-02
3.994680851063829863e-01
5.999999999999999778e-01
8.292553191489361319e-01
