9.654212114179623605e-02
1.000000000000000000e+00
9.654212114179623605e-02
3.527500580181016504e-02
8.215363193316314872e-02
3.559990717103736491e-01
4.337433279183104951e-01
3.622650266883267745e-01
0.000000000000000000e+00
9.422139707588768343e-02
1.647714086795080135e-01
6.590856347180319708e-02
1.202135066140635894e-01
8.168948711998143264e-02
8.394058946391274034e-01
9.176142956602459932e-01
2.213970758876769585e-01
8.737526108145741155e-01
3.696913436992341762e-01
7.055001160362033008e-02
7.426317010907403093e-02
7.565560454861916528e-02
3.304711069853794592e-01
3.188674866558366405e-01
6.590856347180319708e-02
