5.575702629193109855e-02
0.000000000000000000e+00
2.719854941069809601e-03
9.709882139619220309e-01
1.387126019945602862e-01
3.399818676337262174e-02
3.037171350861287561e-02
2.719854941069809601e-03
2.855847688123300254e-02
3.898458748866727441e-02
1.541251133272892107e-02
7.751586582048957119e-01
8.612873980054397069e-03
7.660924750679963813e-01
3.762466001813236788e-02
1.314596554850407974e-02
7.252946509519492269e-03
1.586582048957389107e-02
1.378059836808703531e-01
1.000000000000000000e+00
