1.780821917808219079e-01
1.799086757990867591e-01
1.890410958904109595e-01
3.369863013698630172e-01
9.132420091324200623e-04
2.739726027397260295e-03
2.831050228310502334e-02
8.301369863013698946e-01
8.118721461187214938e-01
0.000000000000000000e+00
4.566210045662100203e-03
2.118721461187214605e-01
4.474885844748858338e-02
9.771689497716895545e-02
2.328767123287671104e-01
3.378995433789954567e-02
8.566210045662100425e-01
1.780821917808219079e-01
1.013698630136986301e-01
1.123287671232876678e-01
1.004566210045662045e-01
1.000000000000000000e+00
