1.349527665317138943e-03
2.384165542060278850e-02
7.647323436797121184e-03
1.367521367521367659e-01
4.048582995951417046e-03
8.996851102114260344e-04
1.000000000000000000e+00
9.442195231668916167e-01
0.000000000000000000e+00
4.948268106162842864e-03
1.686909581646423850e-01
8.996851102114260344e-04
4.273504273504273587e-02
4.093567251461988077e-02
7.746288798920377694e-01
2.519118308591992636e-02
7.467386414754835500e-02
5.398110661268555772e-03
4.498425551057129955e-03
3.013945119208277096e-02
2.744039586144849177e-02
7.678812415654521217e-01
