5.557377049180327599e-01
9.344262295081967595e-02
9.950819672131147042e-01
5.754098360655737210e-01
2.622950819672131145e-02
2.131147540983606425e-02
7.377049180327868716e-02
1.967213114754098324e-01
2.262295081967213017e-01
3.016393442622951060e-01
0.000000000000000000e+00
3.114754098360655865e-02
6.180327868852458773e-01
1.000000000000000056e-01
4.491803278688524803e-01
1.000000000000000000e+00
3.344262295081967262e-01
7.918032786885246255e-01
3.032786885245901676e-01
3.754098360655737654e-01
1.311475409836065573e-02
1.475409836065573813e-02
1.721311475409836034e-01
1.409836065573770447e-01
