0.000000000000000000e+00
3.475006682705159000e-03
7.455225875434375871e-01
1.459502806736166780e-01
3.154236835070836631e-02
1.924619085805934215e-02
6.308473670141673262e-02
3.020582731889868977e-02
1.069232825447741231e-03
1.603849238171611846e-03
5.971665330125635052e-01
1.603849238171611846e-03
1.336541031809676539e-03
7.580860732424485882e-01
1.136059877038225058e-01
2.004811547714514808e-02
1.069232825447741231e-03
4.276931301790964923e-03
5.426356589147286746e-02
7.618283881315156270e-02
1.000000000000000000e+00
