1.476774758983347979e-01
2.708150744960560741e-01
9.912357581069237700e-01
3.098159509202453865e-01
5.258545135845749466e-03
1.928133216476774631e-02
7.449605609114811310e-03
6.765994741454863792e-01
1.000000000000000000e+00
8.851884312007012034e-02
0.000000000000000000e+00
1.402278702892199858e-02
1.586327782646801132e-01
1.358457493426818569e-02
1.625766871165644223e-01
2.892199824715162015e-01
1.840490797546012400e-02
6.498685363716039110e-01
9.027169149868535802e-02
1.099912357581069172e-01
1.314636283961437280e-02
1.314636283961437280e-02
5.214723926380367830e-02
4.425942156003506017e-02
