2.144686299615877201e-01
1.626120358514724640e-01
4.865556978233034902e-02
3.265044814340589130e-01
2.560819462227912832e-03
1.920614596670934624e-03
1.216389244558258725e-02
1.241997439180537732e-01
2.637644046094750339e-01
0.000000000000000000e+00
1.920614596670934537e-02
1.965428937259923181e-01
1.600512163892445563e-02
3.252240717029449280e-01
1.000000000000000000e+00
3.322663252240716791e-01
3.040973111395646744e-01
5.121638924455825664e-02
3.201024327784891040e-03
1.920614596670934537e-02
1.344430217669654280e-02
4.743918053777208543e-01
