2.211652794292509050e-01
8.846611177170036200e-01
1.545778834720570698e-02
2.330558858501783626e-01
1.022592152199762183e-01
1.991676575505350877e-01
9.322235434007134502e-01
9.940546967895362851e-01
6.956004756242568920e-02
0.000000000000000000e+00
2.199762187871581454e-01
3.757431629013079921e-01
1.682520808561236703e-01
3.424494649227110554e-01
1.973840665873959621e-01
3.234244946492271233e-01
2.282996432818073795e-01
4.583828775267538846e-01
1.000000000000000000e+00
6.956004756242568920e-02
1.319857312722948761e-01
1.973840665873959621e-01
1.997621878715814536e-01
1.189060642092746728e-01
1.206896551724137984e-01
1.688466111771700362e-01
