1.391721655668866353e-01
3.719256148770246073e-02
9.406118776244750679e-01
9.118176364727054173e-02
8.398320335932812908e-02
1.919616076784642911e-02
5.998800239952009096e-04
7.984403119376124458e-01
1.000000000000000000e+00
4.919016196760647719e-02
0.000000000000000000e+00
1.619676064787042499e-02
2.159568086382723517e-01
1.199760047990401819e-03
1.049790041991601613e-01
1.661667666466706550e-01
5.998800239952009096e-04
7.252549490101979357e-01
5.518896220755848542e-02
1.199760047990401993e-02
2.399520095980803985e-02
2.159568086382723448e-02
3.299340131973605567e-02
2.459508098380323859e-02
