1.325301204819277212e-01
0.000000000000000000e+00
4.252303330970942305e-03
8.483345145287030098e-01
2.615166548547129821e-01
3.827072997873848248e-02
3.260099220411055709e-02
1.218993621545003542e-01
3.472714386959602911e-02
1.048901488306165780e-01
1.842664776754075057e-02
8.242381289865343685e-01
1.700921332388376922e-02
9.376328844790928763e-01
3.614457831325301046e-02
1.275690999291282691e-02
8.504606661941884610e-03
1.133947554925584730e-02
2.154500354358610814e-01
1.000000000000000000e+00
