7.199646643109540445e-02
1.126325088339222638e-02
3.685954063604240383e-01
6.073321554770318154e-02
7.287985865724381368e-03
1.037985865724381541e-02
7.265901060070671658e-02
1.250000000000000000e-01
0.000000000000000000e+00
3.312720848056537222e-03
7.420494699646643100e-02
2.164310954063604353e-02
4.600265017667844458e-01
1.000000000000000000e+00
4.902826855123675054e-02
2.932862190812720593e-01
3.716872791519434394e-01
6.625441696113074444e-03
8.392226148409894643e-03
1.830830388692579469e-01
1.638692579505300340e-01
5.576413427561837111e-01
