1.000000000000000000e+00
0.000000000000000000e+00
3.662098404852841965e-02
4.493372275893057349e-03
7.324196809705683930e-02
3.765445967198382538e-01
4.762974612446640998e-02
3.700292069197932965e-01
1.348011682767917378e-03
2.920691979330487364e-03
1.768141990563918131e-01
2.785890811053695626e-01
3.235228038643001708e-02
2.120871714221523319e-01
9.885419006964726862e-03
4.493372275893057566e-04
2.381487306223320499e-02
5.699842731970343745e-01
1.992810604358571103e-01
4.156369355201078308e-02
