8.562605277933744985e-02
1.229646266142616490e-01
1.000000000000000000e+00
3.360471645143178199e-01
2.526670409882088731e-03
9.489051094890510463e-02
2.717574396406512993e-01
3.503649635036496512e-01
4.006176305446378372e-01
0.000000000000000000e+00
1.684446939921392487e-03
9.685569904548006759e-02
1.151038742279618249e-01
6.263335204941044010e-01
9.654688377316114067e-01
2.681078046041549534e-01
6.417742841100505524e-01
3.930376193149915931e-01
5.558674901740594948e-02
2.526670409882088731e-03
2.807411566535654001e-03
2.302077484559236498e-01
2.164514317798989229e-01
