3.030303030303030387e-02
5.151515151515151381e-01
3.030303030303030387e-02
3.030303030303030387e-02
3.030303030303030387e-02
3.030303030303030387e-02
3.030303030303030387e-02
5.757575757575758013e-01
3.030303030303030387e-02
6.060606060606060774e-02
3.030303030303030387e-02
6.060606060606060774e-02
3.030303030303030387e-02
3.030303030303030387e-02
6.060606060606060774e-02
1.515151515151515194e-01
3.030303030303030387e-02
6.060606060606060774e-02
3.030303030303030387e-02
3.030303030303030387e-02
1.212121212121212155e-01
3.030303030303030387e-02
3.030303030303030387e-02
3.030303030303030387e-02
6.060606060606060774e-02
3.030303030303030387e-02
4.242424242424242542e-01
3.030303030303030387e-02
6.060606060606060774e-02
4.545454545454545303e-01
2.424242424242424310e-01
6.060606060606060774e-02
6.060606060606060774e-02
3.030303030303030387e-02
2.121212121212121271e-01
3.030303030303030387e-02
9.090909090909091161e-02
3.030303030303030387e-02
6.060606060606060774e-02
9.090909090909091161e-02
1.212121212121212155e-01
6.060606060606060774e-02
3.030303030303030387e-02
3.030303030303030387e-02
3.030303030303030387e-02
3.030303030303030387e-02
3.030303030303030387e-02
6.060606060606060774e-02
3.030303030303030387e-02
2.727272727272727071e-01
6.060606060606060774e-02
3.030303030303030387e-02
6.060606060606060774e-02
1.515151515151515194e-01
3.030303030303030387e-02
3.030303030303030387e-02
3.030303030303030387e-02
3.030303030303030387e-02
1.515151515151515194e-01
3.030303030303030387e-02
3.030303030303030387e-02
3.030303030303030387e-02
3.030303030303030387e-02
9.090909090909091161e-02
3.030303030303030387e-02
3.030303030303030387e-02
3.030303030303030387e-02
3.030303030303030387e-02
3.030303030303030387e-02
9.090909090909091161e-02
6.060606060606060774e-02
1.818181818181818232e-01
9.090909090909091161e-02
3.030303030303030387e-02
6.060606060606060774e-02
9.090909090909091161e-02
3.030303030303030387e-02
3.030303030303030387e-02
3.030303030303030387e-02
6.969696969696970168e-01
3.030303030303030387e-02
3.030303030303030387e-02
3.030303030303030387e-02
3.030303030303030387e-02
3.030303030303030387e-02
3.030303030303030387e-02
4.848484848484848619e-01
6.060606060606060774e-02
3.030303030303030387e-02
3.030303030303030387e-02
6.060606060606060774e-02
3.030303030303030387e-02
9.090909090909091161e-02
9.090909090909091161e-02
9.090909090909091161e-02
3.030303030303030387e-02
6.060606060606060774e-02
3.030303030303030387e-02
2.121212121212121271e-01
3.030303030303030387e-02
9.090909090909091161e-02
6.060606060606060774e-02
3.030303030303030387e-02
6.060606060606060774e-02
3.030303030303030387e-02
3.030303030303030387e-02
6.060606060606060774e-02
3.030303030303030387e-02
2.424242424242424310e-01
1.212121212121212155e-01
9.090909090909091161e-02
6.060606060606060774e-02
3.030303030303030387e-02
3.030303030303030387e-02
6.060606060606060774e-02
1.212121212121212155e-01
2.727272727272727071e-01
8.181818181818182323e-01
1.818181818181818232e-01
3.030303030303030387e-02
6.060606060606060774e-02
8.787878787878787845e-01
6.060606060606060774e-02
6.060606060606060774e-02
9.696969696969697239e-01
3.030303030303030387e-02
3.030303030303030387e-02
9.090909090909090606e-01
3.030303030303030387e-02
3.030303030303030387e-02
1.515151515151515194e-01
3.030303030303030387e-02
3.030303030303030387e-02
1.515151515151515194e-01
6.060606060606060774e-02
3.030303030303030387e-02
1.212121212121212155e-01
3.030303030303030387e-02
6.060606060606060774e-02
3.030303030303030387e-02
3.030303030303030387e-02
6.060606060606060774e-02
8.787878787878787845e-01
3.030303030303030387e-02
3.030303030303030387e-02
6.060606060606060774e-02
3.030303030303030387e-02
9.090909090909091161e-02
3.030303030303030387e-02
6.060606060606060774e-02
1.212121212121212155e-01
9.090909090909091161e-02
3.030303030303030387e-02
6.060606060606060774e-02
5.151515151515151381e-01
1.212121212121212155e-01
3.030303030303030387e-02
3.030303030303030387e-02
3.030303030303030387e-02
3.030303030303030387e-02
3.030303030303030387e-02
6.060606060606060774e-02
3.030303030303030387e-02
3.030303030303030387e-02
6.060606060606060774e-02
3.030303030303030387e-02
9.090909090909091161e-02
9.090909090909091161e-02
3.030303030303030387e-02
3.030303030303030387e-02
3.333333333333333148e-01
4.848484848484848619e-01
3.030303030303030387e-02
3.030303030303030387e-02
3.030303030303030387e-02
9.090909090909091161e-02
1.212121212121212155e-01
3.030303030303030387e-02
1.818181818181818232e-01
3.030303030303030387e-02
3.030303030303030387e-02
3.030303030303030387e-02
3.030303030303030387e-02
3.333333333333333148e-01
3.030303030303030387e-02
5.454545454545454142e-01
3.030303030303030387e-02
9.090909090909091161e-02
1.818181818181818232e-01
6.060606060606060774e-02
0.000000000000000000e+00
3.030303030303030387e-02
3.030303030303030387e-02
2.121212121212121271e-01
3.030303030303030387e-02
6.060606060606060774e-02
3.030303030303030387e-02
3.030303030303030387e-02
3.030303030303030387e-02
1.818181818181818232e-01
3.030303030303030387e-02
3.030303030303030387e-01
3.030303030303030387e-02
3.030303030303030387e-02
9.090909090909091161e-02
6.060606060606060774e-02
6.060606060606060774e-02
5.454545454545454142e-01
1.818181818181818232e-01
2.424242424242424310e-01
9.090909090909091161e-02
3.030303030303030387e-02
6.060606060606060774e-02
3.030303030303030387e-02
6.060606060606060774e-02
3.030303030303030387e-02
3.030303030303030387e-02
6.060606060606060774e-02
6.060606060606060774e-02
3.030303030303030387e-02
3.030303030303030387e-02
3.030303030303030387e-02
4.242424242424242542e-01
6.060606060606060774e-02
6.060606060606060774e-02
9.090909090909091161e-02
1.212121212121212155e-01
3.030303030303030387e-02
3.030303030303030387e-02
9.090909090909091161e-02
1.515151515151515194e-01
3.030303030303030387e-02
9.090909090909091161e-02
1.212121212121212155e-01
3.030303030303030387e-02
3.030303030303030387e-02
3.030303030303030387e-02
9.090909090909091161e-02
3.030303030303030387e-02
3.030303030303030387e-02
3.030303030303030387e-02
6.060606060606060774e-02
1.515151515151515194e-01
6.060606060606060774e-02
3.030303030303030387e-02
3.030303030303030387e-02
3.030303030303030387e-02
3.030303030303030387e-02
3.030303030303030387e-02
3.030303030303030387e-02
3.030303030303030387e-02
6.060606060606060774e-02
9.090909090909091161e-02
3.030303030303030387e-02
6.060606060606060774e-02
6.060606060606060774e-02
3.030303030303030387e-02
9.090909090909091161e-02
9.090909090909091161e-02
3.030303030303030387e-02
6.060606060606060774e-02
1.515151515151515194e-01
6.060606060606060774e-02
2.424242424242424310e-01
3.030303030303030387e-02
6.060606060606060774e-02
9.090909090909091161e-02
3.030303030303030387e-02
3.030303030303030387e-02
1.818181818181818232e-01
6.060606060606060774e-02
3.030303030303030387e-02
3.030303030303030387e-02
3.030303030303030387e-02
3.030303030303030387e-02
6.060606060606060774e-02
3.030303030303030387e-02
3.030303030303030387e-02
9.090909090909091161e-02
3.030303030303030387e-02
3.030303030303030387e-02
3.030303030303030387e-02
1.212121212121212155e-01
3.030303030303030387e-02
9.090909090909091161e-02
3.030303030303030387e-02
5.454545454545454142e-01
1.515151515151515194e-01
3.030303030303030387e-02
6.060606060606060774e-02
1.000000000000000000e+00
1.515151515151515194e-01
3.030303030303030387e-02
6.060606060606060774e-02
6.060606060606060774e-02
2.424242424242424310e-01
3.030303030303030387e-02
6.060606060606060774e-02
9.090909090909091161e-02
9.090909090909091161e-02
3.030303030303030387e-02
9.090909090909091161e-02
3.030303030303030387e-02
3.030303030303030387e-02
3.030303030303030387e-02
3.030303030303030387e-02
3.030303030303030387e-02
6.060606060606060774e-02
3.030303030303030387e-02
9.090909090909091161e-02
9.090909090909091161e-02
3.030303030303030387e-02
6.060606060606060774e-02
1.515151515151515194e-01
3.030303030303030387e-02
