1.191785845251191744e-01
2.599926659332599810e-01
4.536120278694535934e-01
6.208287495416208168e-01
1.100110011001100051e-03
3.667033370003667018e-04
2.643931059772643977e-01
2.625595892922625851e-01
4.554455445544554615e-01
0.000000000000000000e+00
7.700770077007700574e-03
1.162449578291162439e-01
2.904290429042904464e-01
4.180418041804180584e-02
9.057572423909057702e-02
5.537220388705537538e-02
5.500550055005500871e-01
4.473780711404473642e-01
8.214154748808213946e-02
2.328566189952328558e-01
2.108544187752108556e-01
1.000000000000000000e+00
