4.395604395604395948e-02
8.791208791208791895e-02
1.098901098901098987e-02
1.098901098901098987e-02
1.098901098901098987e-02
1.098901098901098987e-02
1.098901098901098987e-02
1.098901098901098987e-02
1.098901098901098987e-02
2.197802197802197974e-02
2.197802197802197974e-02
2.197802197802197974e-02
4.395604395604395948e-02
1.098901098901098987e-02
1.098901098901098987e-02
2.197802197802197974e-02
3.296703296703296787e-02
1.098901098901098987e-02
1.098901098901098987e-02
1.428571428571428492e-01
3.956043956043955867e-01
1.208791208791208799e-01
4.395604395604395948e-02
4.505494505494505586e-01
2.197802197802197974e-02
1.098901098901098987e-02
2.197802197802197974e-02
1.098901098901098987e-02
1.098901098901098987e-02
1.098901098901098987e-02
3.296703296703296787e-02
3.736263736263736313e-01
2.197802197802197974e-02
4.395604395604395948e-02
3.296703296703296787e-02
1.538461538461538547e-01
1.098901098901098987e-02
1.098901098901098987e-02
2.197802197802197974e-02
5.494505494505494414e-02
3.296703296703296787e-02
2.197802197802197974e-02
1.098901098901098987e-02
3.296703296703296787e-02
1.098901098901098987e-02
3.296703296703296787e-02
1.098901098901098987e-02
5.494505494505494414e-02
6.593406593406593574e-02
1.098901098901098987e-02
1.098901098901098987e-02
4.395604395604395948e-02
1.098901098901098987e-02
1.098901098901098987e-02
3.296703296703296787e-02
4.395604395604395948e-02
1.098901098901098987e-02
1.648351648351648324e-01
1.098901098901098987e-02
2.197802197802197974e-02
4.395604395604395948e-02
1.000000000000000000e+00
2.197802197802197974e-02
1.098901098901098987e-02
1.098901098901098987e-02
1.098901098901098987e-02
0.000000000000000000e+00
1.098901098901098987e-02
1.098901098901098987e-02
1.318681318681318715e-01
1.098901098901098987e-02
1.098901098901098987e-02
1.098901098901098987e-02
4.395604395604395948e-02
1.098901098901098987e-02
1.098901098901098987e-02
6.593406593406593297e-01
1.098901098901098987e-02
2.087912087912087988e-01
4.285714285714285476e-01
2.197802197802197974e-02
4.395604395604395948e-02
2.087912087912087988e-01
2.197802197802197974e-02
2.197802197802197974e-02
1.098901098901098987e-02
1.208791208791208799e-01
3.296703296703296787e-02
1.098901098901098987e-02
4.395604395604395531e-01
5.494505494505494414e-02
1.098901098901098987e-02
1.098901098901098987e-02
4.395604395604395948e-02
4.395604395604395948e-02
1.098901098901098987e-02
6.593406593406593574e-02
8.791208791208791895e-02
3.076923076923077094e-01
1.098901098901098987e-02
5.824175824175824578e-01
6.593406593406593574e-02
1.098901098901098987e-02
1.978021978021977934e-01
2.197802197802197974e-02
2.197802197802197974e-02
8.791208791208791895e-02
3.516483516483516758e-01
1.098901098901098987e-02
2.197802197802197974e-02
1.098901098901098987e-02
2.197802197802197974e-02
5.494505494505494414e-02
1.098901098901098987e-02
1.208791208791208799e-01
1.098901098901098987e-02
1.098901098901098987e-02
3.186813186813186594e-01
1.098901098901098987e-02
2.197802197802197974e-02
3.076923076923077094e-01
7.692307692307692735e-02
3.296703296703296787e-02
1.098901098901098987e-02
5.494505494505494414e-02
1.098901098901098987e-02
2.197802197802197974e-02
3.296703296703296787e-02
2.307692307692307820e-01
1.098901098901098987e-02
3.296703296703296787e-02
1.978021978021977934e-01
4.395604395604395948e-02
1.098901098901098987e-02
1.098901098901098987e-02
3.296703296703296787e-02
4.395604395604395948e-02
3.296703296703296787e-02
8.791208791208791895e-02
1.098901098901098883e-01
5.494505494505494414e-02
3.296703296703296787e-02
5.494505494505494414e-02
1.098901098901098987e-02
7.692307692307692735e-02
5.494505494505494414e-02
6.593406593406593574e-02
4.615384615384615641e-01
1.098901098901098987e-02
8.791208791208791895e-02
3.296703296703296787e-02
1.098901098901098987e-02
1.098901098901098987e-02
1.098901098901098987e-02
6.593406593406593574e-02
1.098901098901098987e-02
9.890109890109889668e-02
1.758241758241758379e-01
1.868131868131868156e-01
1.098901098901098987e-02
1.098901098901098987e-02
1.098901098901098987e-02
1.098901098901098987e-02
7.032967032967033516e-01
1.098901098901098987e-02
3.296703296703296787e-02
6.593406593406593574e-02
1.098901098901098987e-02
4.395604395604395948e-02
1.098901098901098987e-02
3.626373626373626258e-01
2.087912087912087988e-01
1.208791208791208799e-01
1.428571428571428492e-01
2.527472527472527375e-01
2.197802197802197974e-02
9.890109890109889668e-02
1.098901098901098987e-02
1.098901098901098987e-02
9.890109890109889668e-02
1.098901098901098987e-02
3.296703296703296787e-02
1.098901098901098987e-02
2.197802197802197974e-02
