1.061814556331007048e-01
1.000000000000000000e+00
1.350947158524426761e-01
4.935194416749751067e-02
9.571286141575274797e-02
4.202392821535393952e-01
4.601196410767696698e-01
4.411764705882352811e-01
0.000000000000000000e+00
1.041874376869391799e-01
1.550348953140578134e-01
7.377866400797607194e-02
1.385842472582253238e-01
9.371884346959122314e-02
2.208374875373878277e-01
2.053838484546360865e-01
2.268195413758723744e-01
8.878364905284147346e-01
4.631106679960119710e-01
4.336989032901296393e-02
8.075772681954138110e-02
8.474576271186440302e-02
4.297108673978065618e-01
4.067796610169491789e-01
7.377866400797607194e-02
