2.360544217687074731e-01
2.224489795918367374e-01
1.346938775510204134e-01
3.768707482993197133e-01
1.020408163265306041e-02
5.442176870748298943e-03
1.020408163265306041e-02
6.557823129251700855e-01
9.108843537414965663e-01
0.000000000000000000e+00
2.789115646258503306e-02
2.455782312925170185e-01
2.721088435374149558e-02
9.387755102040816479e-02
1.646258503401360485e-01
2.176870748299319577e-02
7.414965986394558284e-01
1.217687074829931909e-01
1.333333333333333315e-01
7.551020408163265640e-02
6.734693877551020669e-02
1.000000000000000000e+00
