1.406419040750090110e-01
6.527226830147854486e-02
1.000000000000000000e+00
1.449693472773169733e-01
2.596465921384781897e-02
2.199783627839884542e-02
5.048683736025964992e-03
3.653083303281644545e-01
7.500901550667147255e-01
1.774251712946267601e-01
0.000000000000000000e+00
6.130544536602957305e-03
1.565091958168048913e-01
1.334294987378290692e-02
1.031373963216732775e-01
1.950955643707176224e-01
8.294266137756942797e-03
5.337179949513162214e-01
1.799495131626397404e-01
1.262170934006491274e-01
8.654886404615940235e-03
1.117922827262892230e-02
9.736747205192931853e-02
8.294266137756942103e-02
