4.006868918145392415e-03
8.792215226101889325e-01
2.346880366342301086e-02
2.032054951345163007e-01
3.377218088151116154e-02
1.144819690898683361e-03
8.317115054378935168e-01
1.000000000000000000e+00
3.205495134516313932e-02
0.000000000000000000e+00
1.888952489982827568e-02
2.776187750429307544e-01
1.144819690898683361e-03
1.511161991986262054e-01
1.528334287349742415e-01
5.724098454493417240e-03
8.299942759015455085e-01
3.319977103606182312e-02
9.101316542644533047e-02
2.919290211791642983e-02
1.659988551803091156e-02
3.148254149971379395e-02
3.033772180881511016e-02
