6.132226125838390052e-02
1.916320664324496891e-03
1.188118811881188064e-01
1.117853720855956599e-02
3.193867773874161666e-04
1.207282018524433037e-01
1.606515490258703382e-01
0.000000000000000000e+00
1.916320664324496891e-03
1.149792398594698117e-01
3.193867773874161666e-04
6.786969019482593790e-01
1.000000000000000000e+00
7.665282657297987565e-03
2.666879591184924680e-01
6.675183647396998321e-02
9.070584477802619283e-02
1.916320664324496891e-03
3.193867773874161666e-04
4.183966783775151799e-02
3.577131906739060979e-02
3.979559246247205140e-01
