2.078346028291621350e-01
8.204570184983678294e-01
2.208922742110990267e-01
9.249183895538629074e-02
1.849836779107725815e-01
9.989118607181719511e-01
8.204570184983678294e-01
1.109902067464635517e-01
0.000000000000000000e+00
2.067464635473340584e-01
3.394994559303590731e-01
1.403699673558215510e-01
2.546245919477693187e-01
1.893362350380848880e-01
2.916213275299238128e-01
2.110990206746463649e-01
4.417845484221980534e-01
1.000000000000000000e+00
1.153427638737758443e-01
4.787812840043525336e-02
1.588683351468987981e-01
1.686615886833514599e-01
1.762785636561479963e-01
1.664853101196953344e-01
1.381936887921653978e-01
