1.360424028268551189e-01
0.000000000000000000e+00
2.932862190812720593e-01
1.766784452296819765e-03
5.865724381625441186e-01
1.360424028268551189e-01
4.593639575971731476e-02
3.939929328621908367e-01
1.342756183745583143e-01
1.766784452296819852e-02
1.766784452296819765e-03
6.837455830388692313e-01
1.000000000000000000e+00
5.123674911660777709e-02
5.653710247349823248e-02
7.067137809187279060e-03
1.660777385159010466e-01
8.303886925795052332e-02
2.650176678445229639e-01
3.339222614840989256e-01
