0.000000000000000000e+00
3.086419753086419582e-03
3.971193415637860324e-01
3.590534979423868345e-01
1.851851851851851749e-01
1.646090534979423869e-01
2.201646090534979394e-01
1.676954732510288204e-01
3.137860082304526621e-01
2.777777777777777624e-02
8.168724279835390956e-01
1.440329218106995990e-01
1.646090534979424008e-02
1.000000000000000000e+00
3.631687242798353754e-01
2.160493827160493707e-02
1.954732510288065966e-02
2.057613168724279837e-02
3.271604938271605034e-01
5.092592592592593004e-01
