5.783866057838660257e-01
6.849315068493150305e-02
8.797564687975646391e-01
5.220700152207001787e-01
3.500761035007610156e-02
1.522070015220700068e-02
3.957382039573820176e-02
1.537290715372907068e-01
2.283105022831050102e-01
2.861491628614916127e-01
0.000000000000000000e+00
1.141552511415525051e-01
5.342465753424657793e-01
6.849315068493150305e-02
4.824961948249619215e-01
1.000000000000000000e+00
1.659056316590563074e-01
6.879756468797564306e-01
2.694063926940639120e-01
3.455098934550989154e-01
7.610350076103500339e-03
1.065449010654490047e-02
1.674277016742770074e-01
1.506849315068493067e-01
