2.005156115726153179e-03
6.132913205385276401e-01
2.893153824119163581e-02
8.708106559725006801e-02
8.307075336579776773e-03
1.632769979948438949e-02
1.097106846175880807e-01
1.415067315955313709e-01
4.050415353766829152e-01
0.000000000000000000e+00
9.452878831280434740e-03
8.937267258665139436e-02
1.661415067315955355e-02
7.774276711543970375e-01
1.000000000000000000e+00
4.640504153537668153e-02
4.921226009739329554e-01
4.270982526496706067e-01
8.593526210254941265e-04
1.088513319965625850e-02
8.593526210254940831e-03
3.265539959896877620e-01
3.030650243483242745e-01
