1.428571428571428527e-02
1.428571428571428527e-02
5.714285714285714107e-02
3.142857142857142794e-01
1.428571428571428527e-02
1.428571428571428527e-02
2.571428571428571175e-01
1.428571428571428527e-02
1.428571428571428527e-02
1.428571428571428527e-02
1.428571428571428527e-02
1.714285714285714302e-01
4.285714285714285754e-02
2.142857142857142738e-01
1.428571428571428527e-02
2.857142857142857054e-02
1.428571428571428492e-01
6.999999999999999556e-01
2.857142857142857054e-02
0.000000000000000000e+00
1.857142857142857206e-01
1.000000000000000000e+00
1.285714285714285587e-01
7.142857142857142461e-02
6.857142857142857206e-01
2.285714285714285643e-01
2.857142857142857054e-02
9.000000000000000222e-01
2.000000000000000111e-01
4.142857142857143127e-01
1.428571428571428527e-02
2.142857142857142738e-01
1.428571428571428527e-02
1.428571428571428527e-02
5.000000000000000000e-01
2.857142857142857054e-02
5.714285714285714107e-02
2.142857142857142738e-01
1.428571428571428527e-02
1.428571428571428527e-02
1.428571428571428527e-02
2.571428571428571175e-01
5.714285714285714107e-02
2.857142857142857054e-02
2.714285714285714080e-01
1.571428571428571397e-01
2.571428571428571175e-01
2.999999999999999889e-01
1.857142857142857206e-01
2.857142857142857054e-02
1.428571428571428527e-02
4.285714285714285754e-02
5.714285714285714107e-02
1.428571428571428527e-02
2.000000000000000111e-01
1.428571428571428527e-02
