9.007981755986317618e-02
3.135689851767388923e-03
0.000000000000000000e+00
8.665906499429874843e-02
3.854047890535917675e-01
1.710376282782212140e-03
1.046180159635119733e-01
4.484036488027365874e-01
5.558722919042189542e-02
4.421322690992018356e-01
1.111744583808437804e-02
8.266818700114024476e-03
6.992588369441277152e-01
1.000000000000000000e+00
5.701254275940707134e-03
2.967502850627137811e-01
3.164196123147092199e-02
1.425313568985176783e-03
5.530216647662485746e-02
2.827822120866590461e-01
5.099771949828962869e-01
