5.882352941176470507e-02
5.882352941176470507e-02
5.882352941176470507e-02
1.176470588235294101e-01
5.882352941176470507e-02
4.705882352941176405e-01
5.882352941176470507e-02
5.882352941176470507e-02
5.882352941176470507e-02
5.882352941176470507e-02
7.647058823529411242e-01
5.882352941176470507e-02
2.941176470588235392e-01
5.882352941176470507e-02
5.882352941176470507e-02
5.882352941176470507e-02
0.000000000000000000e+00
5.882352941176470784e-01
4.705882352941176405e-01
5.882352941176470507e-02
1.764705882352941291e-01
5.294117647058823595e-01
3.529411764705882582e-01
5.882352941176470507e-02
2.941176470588235392e-01
5.882352941176470507e-02
5.294117647058823595e-01
2.941176470588235392e-01
2.352941176470588203e-01
1.176470588235294101e-01
5.882352941176470507e-02
5.882352941176470507e-02
5.882352941176470507e-02
1.764705882352941291e-01
5.882352941176470507e-02
1.176470588235294101e-01
3.529411764705882582e-01
4.705882352941176405e-01
2.941176470588235392e-01
5.882352941176470507e-02
1.764705882352941291e-01
1.176470588235294101e-01
2.352941176470588203e-01
5.294117647058823595e-01
5.882352941176470507e-02
2.941176470588235392e-01
5.882352941176470507e-02
4.705882352941176405e-01
1.176470588235294101e-01
2.352941176470588203e-01
1.764705882352941291e-01
2.352941176470588203e-01
1.000000000000000000e+00
