9.478104379124174805e-02
1.589682063587282562e-02
6.178764247150569933e-02
6.898620275944811198e-02
7.198560287942411783e-03
1.319736052789442088e-02
5.998800239952009096e-04
1.058788242351529629e-01
1.448710257948410407e-01
0.000000000000000000e+00
3.299340131973605220e-03
1.358728254349130249e-01
4.199160167966406801e-03
5.638872225554889539e-01
1.000000000000000000e+00
2.129574085182963511e-02
2.597480503899219917e-01
5.938812237552489742e-02
4.709058188362327813e-02
4.109178164367126296e-02
3.809238152369526231e-02
3.110377924415116957e-01
