3.188405797101449002e-01
1.449275362318840597e-02
1.594202898550724501e-01
1.449275362318840597e-02
1.449275362318840597e-02
2.173913043478260809e-01
1.449275362318840597e-02
1.449275362318840597e-02
8.695652173913043237e-02
1.449275362318840597e-02
2.753623188405797118e-01
1.159420289855072478e-01
1.449275362318840632e-01
5.797101449275362389e-02
0.000000000000000000e+00
2.173913043478260809e-01
6.231884057971014412e-01
1.304347826086956486e-01
2.898550724637681195e-02
9.420289855072463414e-01
2.608695652173912971e-01
7.246376811594203160e-02
6.521739130434782705e-01
2.318840579710144956e-01
4.782608695652174058e-01
1.449275362318840597e-02
1.449275362318840597e-02
3.043478260869565410e-01
4.637681159420289911e-01
2.898550724637681195e-02
2.173913043478260809e-01
1.449275362318840597e-02
2.898550724637681195e-02
3.188405797101449002e-01
8.695652173913043237e-02
8.695652173913043237e-02
1.449275362318840597e-02
3.478260869565217295e-01
1.884057971014492794e-01
2.608695652173912971e-01
3.188405797101449002e-01
1.739130434782608647e-01
5.797101449275362389e-02
4.347826086956521618e-02
1.449275362318840597e-02
2.898550724637681195e-02
1.449275362318840597e-02
1.000000000000000000e+00
2.898550724637681195e-02
