5.130836326321190285e-03
1.000000000000000000e+00
2.411493073370959625e-02
1.621344279117496179e-01
1.436634171369933349e-02
6.157003591585428516e-03
6.151872755259106818e-01
7.408927655207798724e-01
1.708568496664956415e-01
0.000000000000000000e+00
1.231400718317085703e-02
1.980502821959979343e-01
6.157003591585428516e-03
2.734735761929194542e-01
3.689071318624935758e-01
1.693175987685992950e-02
8.255515649050795268e-01
1.765007696254489444e-01
9.132888660851719298e-02
2.052334530528476114e-02
2.052334530528476114e-02
1.328886608517188261e-01
1.251924063622370520e-01
