0.000000000000000000e+00
7.959092930191195847e-02
4.922187638950644706e-01
8.892841262783459126e-04
1.511783014673188097e-01
2.565584704313028097e-01
6.585148955091151279e-01
1.551800800355713772e-01
2.667852378835037716e-02
2.374388617163183668e-01
2.045353490440195501e-02
3.112494441974210640e-03
7.465540240106713910e-01
4.446420631391729563e-04
1.000000000000000000e+00
8.492663405958203460e-02
1.760782570031124983e-01
4.268563806136060207e-02
2.352156514006225052e-01
2.974655402401067406e-01
1.511783014673188062e-02
