2.222844344904815195e-01
9.042553191489361986e-01
2.122060470324748094e-01
8.230683090705487315e-02
1.976483762597984195e-01
8.157894736842105088e-01
7.928331466965286012e-01
1.063829787234042562e-01
0.000000000000000000e+00
2.189249720044792735e-01
3.594624860022396229e-01
1.612541993281075003e-01
3.073908174692049355e-01
1.937290033594624983e-01
4.344904815229563289e-01
3.745800671892497435e-01
4.540873460246360738e-01
1.000000000000000000e+00
1.131019036954087342e-01
1.181410974244120893e-01
1.713325867861142104e-01
1.752519596864501594e-01
1.595744680851063912e-01
1.511758118701007902e-01
1.550951847704367392e-01
