1.810841983852364556e-01
8.189158016147635166e-02
4.440599769319492768e-02
1.851211072664359913e-01
1.038062283737024166e-02
1.730103806228373755e-03
1.153402537485582503e-03
4.677047289504037142e-01
9.913494809688581100e-01
0.000000000000000000e+00
4.036908881199538328e-03
1.770472895040369199e-01
2.306805074971165007e-03
4.555940023068050793e-01
8.402537485582468602e-01
1.672433679354094413e-02
5.357554786620530862e-01
4.382929642445213686e-02
1.211072664359861585e-02
2.422145328719723170e-02
2.133794694348327414e-02
1.000000000000000000e+00
