1.760660247592847338e-01
1.980742778541953186e-01
1.251719394773039840e-01
2.847317744154057584e-01
1.375515818431911896e-02
5.502063273727647932e-03
1.375515818431911896e-02
4.635488308115543465e-01
8.693259972489684184e-01
0.000000000000000000e+00
1.375515818431911983e-03
1.801925722145804598e-01
2.200825309491059173e-02
1.375515818431911896e-01
3.782668500687758062e-01
1.925722145804676863e-02
5.722145804676753711e-01
1.251719394773039840e-01
1.375515818431911896e-02
6.189821182943603534e-02
5.226960110041265622e-02
1.000000000000000000e+00
