1.369863013698630148e-03
0.000000000000000000e+00
2.739726027397260122e-01
1.506849315068493206e-02
5.013698630136986800e-01
2.890410958904109373e-01
1.328767123287671326e-01
3.397260273972602662e-01
2.753424657534246367e-01
2.739726027397260295e-03
4.109589041095890009e-03
6.616438356164383583e-01
1.000000000000000000e+00
1.767123287671232834e-01
1.534246575342465835e-01
4.383561643835616473e-02
5.205479452054794648e-02
1.301369863013698558e-01
4.219178082191780699e-01
9.534246575342465446e-01
2.616438356164383361e-01
