2.255747126436781491e-01
2.011494252873563190e-02
1.000000000000000000e+00
1.580459770114942541e-01
4.310344827586207184e-02
4.166666666666666435e-02
7.183908045977011395e-03
2.614942528735632044e-01
3.534482758620689502e-01
2.916666666666666852e-01
0.000000000000000000e+00
1.436781609195402279e-02
2.643678160919540332e-01
2.155172413793103592e-02
2.887931034482758563e-01
7.413793103448276245e-01
3.879310344827586327e-02
5.991379310344827624e-01
2.945402298850574585e-01
2.126436781609195303e-01
1.580459770114942680e-02
1.149425287356321823e-02
1.494252873563218509e-01
1.307471264367816022e-01
