0.000000000000000000e+00
8.515482695810565328e-02
6.097449908925318685e-01
1.821493624772313295e-03
1.903460837887067381e-01
3.233151183970855991e-02
2.185792349726775954e-02
9.653916211293260552e-02
3.233151183970855991e-02
2.823315118397085738e-02
1.821493624772313295e-03
5.637522768670309992e-01
1.958105646630236771e-02
8.028233151183971072e-01
3.825136612021858007e-02
5.373406193078324178e-02
3.642987249544626591e-03
2.732240437158469856e-02
7.422586520947176136e-02
1.000000000000000000e+00
