5.751879699248120259e-01
3.947368421052631360e-02
1.428571428571428492e-01
3.947368421052631637e-01
7.518796992481202590e-03
9.398496240601503238e-03
3.759398496240601295e-03
1.917293233082706660e-01
3.176691729323308233e-01
0.000000000000000000e+00
3.759398496240601295e-03
6.503759398496240518e-01
1.315789473684210453e-02
3.289473684210526550e-01
5.864661654135338020e-01
2.631578947368420907e-02
7.725563909774436633e-01
1.466165413533834505e-01
3.778195488721804440e-01
8.458646616541352914e-02
6.954887218045112396e-02
1.000000000000000000e+00
