1.868583162217659077e-01
6.160164271047228156e-03
8.593429158110883481e-01
3.490759753593428855e-02
1.581108829568788621e-01
1.745379876796714427e-02
2.053388090349076052e-03
9.856262833675565049e-02
1.971252566735113010e-01
4.312114989733059622e-01
0.000000000000000000e+00
4.106776180698152104e-03
3.264887063655030897e-01
5.133470225872689696e-03
4.209445585215605967e-01
1.000000000000000000e+00
3.080082135523614078e-03
5.112936344969198910e-01
4.568788501026694315e-01
3.182751540041067750e-02
6.160164271047228156e-03
6.160164271047228156e-03
2.073921971252566665e-01
1.755646817248459890e-01
