2.039344262295081922e-01
7.213114754098361170e-02
9.895081967213115171e-01
1.816393442622950827e-01
5.245901639344262291e-03
1.049180327868852458e-02
6.557377049180327863e-04
6.767213114754098147e-01
9.508196721311474864e-01
4.852459016393442792e-02
0.000000000000000000e+00
4.590163934426229504e-03
2.819672131147540894e-01
1.311475409836065573e-03
6.832786885245901720e-01
1.000000000000000000e+00
1.770491803278688436e-02
8.229508196721311286e-01
5.377049180327869021e-02
8.918032786885246588e-02
1.311475409836065573e-02
1.311475409836065573e-02
3.540983606557376873e-02
3.016393442622950991e-02
