1.653225806451612823e-01
7.963709677419354982e-01
1.754032258064516236e-01
8.467741935483870386e-02
1.451612903225806550e-01
8.991935483870967527e-01
6.794354838709677491e-01
9.475806451612903136e-02
0.000000000000000000e+00
1.633064516129032195e-01
3.649193548387096864e-01
1.592741935483870941e-01
2.258064516129032195e-01
1.451612903225806550e-01
5.282258064516128782e-01
3.064516129032258118e-01
3.165322580645161255e-01
1.000000000000000000e+00
1.028225806451612961e-01
2.822580645161290244e-02
1.693548387096774077e-01
1.774193548387096864e-01
1.733870967741935609e-01
1.612903225806451568e-01
1.572580645161290314e-01
