4.662992793556591450e-03
1.610852055955913631e-02
8.885120813904197057e-01
3.009749894022890893e-02
1.983891479440440808e-01
2.331496396778295899e-02
8.478168715557439592e-04
7.689699025010597877e-01
1.000000000000000000e+00
4.366256888512081574e-02
0.000000000000000000e+00
1.738024586689275106e-02
2.395082662144976671e-01
8.478168715557439592e-04
5.510809665112335887e-02
5.892327257312420657e-02
7.278507842306062292e-01
4.620601949978804524e-02
1.195421788893599041e-01
1.992369648155998402e-02
1.653242899533700558e-02
3.476049173378550211e-02
3.052140737600678166e-02
