3.103103103103103111e-01
2.562562562562562540e-01
2.812812812812812702e-01
6.736736736736737008e-01
6.006006006006005954e-03
1.201201201201201191e-02
1.631631631631631496e-01
2.272272272272272409e-01
4.054054054054054279e-01
0.000000000000000000e+00
5.005005005005004962e-03
3.373373373373373396e-01
1.851851851851851749e-01
1.571571571571571679e-01
3.043043043043043294e-01
1.821821821821821841e-01
6.256256256256256254e-01
2.732732732732732761e-01
2.222222222222222099e-01
1.451451451451451491e-01
1.261261261261261146e-01
1.000000000000000000e+00
