2.117516629711751752e-01
1.000000000000000000e+00
2.028824833702882469e-01
8.148558758314855544e-02
1.829268292682926789e-01
8.115299334811529874e-01
9.451219512195121464e-01
1.241685144124168583e-01
0.000000000000000000e+00
2.089800443458980084e-01
3.597560975609755962e-01
1.568736141906873494e-01
2.699556541019955680e-01
1.829268292682926789e-01
3.780487804878048808e-01
3.497782705099778400e-01
4.151884700665188221e-01
9.079822616407982050e-01
1.269401330376940251e-01
1.424611973392461151e-01
1.696230598669623002e-01
1.768292682926829174e-01
1.596452328159645162e-01
1.529933481152993269e-01
1.568736141906873494e-01
