1.111111111111111049e-01
7.407407407407406996e-02
3.703703703703703498e-02
3.703703703703703498e-02
3.703703703703703498e-02
3.703703703703703498e-02
1.851851851851851749e-01
0.000000000000000000e+00
3.703703703703703498e-02
3.703703703703703498e-02
7.407407407407406996e-02
3.703703703703703498e-02
1.111111111111111049e-01
1.851851851851851749e-01
3.703703703703703498e-02
3.703703703703703498e-02
3.703703703703703498e-02
3.703703703703703498e-02
7.407407407407406996e-02
1.851851851851851749e-01
1.111111111111111049e-01
3.703703703703703498e-02
1.481481481481481399e-01
3.703703703703703498e-02
3.703703703703703498e-02
3.703703703703703498e-02
1.851851851851851749e-01
3.703703703703703498e-02
3.703703703703703498e-02
1.481481481481481399e-01
4.814814814814814548e-01
3.703703703703703498e-02
1.111111111111111049e-01
3.703703703703703498e-02
3.703703703703703498e-02
3.703703703703703498e-02
3.703703703703703498e-02
3.703703703703703498e-02
3.703703703703703498e-02
7.407407407407406996e-02
3.703703703703703498e-02
3.703703703703703498e-02
1.111111111111111049e-01
3.703703703703703498e-02
3.703703703703703498e-02
3.703703703703703498e-02
3.703703703703703498e-02
7.407407407407406996e-02
3.703703703703703498e-02
1.111111111111111049e-01
7.407407407407406996e-02
7.407407407407406996e-02
3.703703703703703498e-02
3.703703703703703498e-02
7.407407407407406996e-02
7.407407407407406996e-02
3.703703703703703498e-02
3.703703703703703498e-02
1.111111111111111049e-01
1.111111111111111049e-01
3.703703703703703498e-02
2.592592592592592449e-01
3.703703703703703498e-02
3.703703703703703498e-02
7.407407407407406996e-02
7.407407407407406996e-02
3.703703703703703498e-02
7.407407407407406996e-02
7.407407407407406996e-02
3.703703703703703498e-02
7.407407407407406996e-02
3.703703703703703498e-02
7.407407407407406996e-02
1.000000000000000000e+00
7.407407407407406996e-02
3.703703703703703498e-02
1.851851851851851749e-01
3.703703703703703498e-02
3.703703703703703498e-02
3.703703703703703498e-02
3.703703703703703498e-02
7.407407407407406996e-02
3.703703703703703498e-02
3.703703703703703498e-02
3.703703703703703498e-02
1.111111111111111049e-01
7.407407407407406996e-02
1.481481481481481399e-01
2.222222222222222099e-01
3.703703703703703498e-02
3.703703703703703498e-02
3.703703703703703498e-02
3.703703703703703498e-02
3.703703703703703498e-02
1.111111111111111049e-01
3.703703703703703498e-02
3.703703703703703498e-02
1.481481481481481399e-01
1.851851851851851749e-01
1.111111111111111049e-01
3.703703703703703498e-02
2.222222222222222099e-01
3.703703703703703498e-02
7.407407407407406996e-02
3.703703703703703498e-02
1.111111111111111049e-01
3.703703703703703498e-02
3.703703703703703498e-02
3.703703703703703498e-02
1.851851851851851749e-01
1.481481481481481399e-01
7.407407407407406996e-02
1.481481481481481399e-01
7.407407407407406996e-02
3.703703703703703498e-02
7.407407407407406996e-02
3.703703703703703498e-02
7.407407407407406996e-02
1.111111111111111049e-01
3.703703703703703498e-02
3.703703703703703498e-02
7.407407407407406996e-02
4.074074074074073848e-01
3.703703703703703498e-02
3.703703703703703498e-02
1.111111111111111049e-01
3.703703703703703498e-02
3.703703703703703498e-02
1.111111111111111049e-01
3.703703703703703498e-02
1.851851851851851749e-01
3.703703703703703498e-02
5.555555555555555802e-01
3.703703703703703498e-02
3.703703703703703498e-02
3.703703703703703498e-02
2.592592592592592449e-01
1.481481481481481399e-01
7.407407407407406996e-02
3.703703703703703498e-02
3.703703703703703498e-02
3.703703703703703498e-02
3.703703703703703498e-02
5.555555555555555802e-01
3.703703703703703498e-02
7.407407407407406996e-02
7.407407407407406996e-02
1.851851851851851749e-01
7.407407407407406996e-02
3.703703703703703498e-02
3.703703703703703498e-02
3.703703703703703498e-02
3.703703703703703498e-02
7.407407407407406996e-02
3.703703703703703498e-02
3.703703703703703498e-02
1.851851851851851749e-01
3.703703703703703498e-02
1.111111111111111049e-01
3.703703703703703498e-02
3.703703703703703498e-02
1.851851851851851749e-01
1.111111111111111049e-01
3.703703703703703498e-02
3.703703703703703498e-02
3.703703703703703498e-02
7.407407407407406996e-02
7.407407407407406996e-02
1.000000000000000000e+00
3.703703703703703498e-02
3.703703703703703498e-02
3.703703703703703498e-02
7.407407407407406996e-02
1.111111111111111049e-01
3.703703703703703498e-02
3.703703703703703498e-02
3.703703703703703498e-02
1.481481481481481399e-01
7.407407407407406996e-02
1.111111111111111049e-01
1.851851851851851749e-01
3.703703703703703498e-02
3.703703703703703498e-02
3.703703703703703498e-02
3.703703703703703498e-02
7.407407407407406996e-02
4.444444444444444198e-01
3.703703703703703498e-02
1.481481481481481399e-01
3.703703703703703498e-02
3.703703703703703498e-02
7.407407407407406996e-02
3.703703703703703498e-02
3.703703703703703498e-02
3.703703703703703498e-02
3.703703703703703498e-02
3.703703703703703498e-02
