2.702702702702702853e-02
8.108108108108108558e-02
2.702702702702702853e-02
2.702702702702702853e-02
1.081081081081081141e-01
2.702702702702702853e-02
1.891891891891891997e-01
2.702702702702702853e-02
2.702702702702702853e-02
2.702702702702702853e-02
3.513513513513513709e-01
5.405405405405405705e-02
1.621621621621621712e-01
5.405405405405405705e-02
2.702702702702702853e-02
2.702702702702702853e-02
2.702702702702702853e-02
1.621621621621621712e-01
8.108108108108108558e-02
9.189189189189189699e-01
2.162162162162162282e-01
2.702702702702702853e-02
5.405405405405405705e-02
2.702702702702702853e-01
5.405405405405405705e-02
2.702702702702702853e-02
3.783783783783783994e-01
4.864864864864865135e-01
5.405405405405405705e-02
2.702702702702702853e-02
2.702702702702702853e-02
5.405405405405405705e-02
8.108108108108108558e-02
2.702702702702702853e-02
1.081081081081081141e-01
5.405405405405405705e-02
2.162162162162162282e-01
2.702702702702702853e-02
5.405405405405405705e-02
2.702702702702702853e-02
2.702702702702702853e-02
1.621621621621621712e-01
8.108108108108108558e-02
5.405405405405405705e-02
2.702702702702702853e-02
1.891891891891891997e-01
5.405405405405405705e-02
2.702702702702702853e-02
1.351351351351351426e-01
8.108108108108108558e-02
2.702702702702702853e-02
5.405405405405405705e-02
2.702702702702702853e-02
2.702702702702702853e-02
2.702702702702702853e-02
2.702702702702702853e-02
1.351351351351351426e-01
2.702702702702702853e-02
2.702702702702702853e-02
2.702702702702702853e-02
1.351351351351351426e-01
1.891891891891891997e-01
2.702702702702702853e-02
8.108108108108108558e-02
1.351351351351351426e-01
2.702702702702702853e-02
2.702702702702702853e-02
2.702702702702702853e-02
8.108108108108108558e-02
2.702702702702702853e-02
2.702702702702702853e-02
5.405405405405405705e-02
2.702702702702702853e-02
1.621621621621621712e-01
8.108108108108108558e-02
1.621621621621621712e-01
5.405405405405405705e-02
1.621621621621621712e-01
5.405405405405405705e-02
2.702702702702702853e-02
5.405405405405405705e-02
8.918918918918918859e-01
1.351351351351351426e-01
2.702702702702702853e-02
2.702702702702702853e-02
1.621621621621621712e-01
2.162162162162162282e-01
5.405405405405405705e-02
2.702702702702702853e-02
2.702702702702702853e-02
5.405405405405405705e-02
2.702702702702702853e-02
2.702702702702702853e-02
1.351351351351351426e-01
2.702702702702702853e-02
2.702702702702702853e-02
2.702702702702702853e-02
8.108108108108108558e-02
4.324324324324324564e-01
8.378378378378378288e-01
5.405405405405405705e-02
1.081081081081081141e-01
2.702702702702702853e-02
5.405405405405405705e-02
5.405405405405405705e-02
1.081081081081081141e-01
2.162162162162162282e-01
1.081081081081081141e-01
5.405405405405405705e-02
2.702702702702702853e-02
2.702702702702702853e-02
2.702702702702702853e-02
2.702702702702702853e-02
2.432432432432432567e-01
1.081081081081081141e-01
8.108108108108108558e-02
2.702702702702702853e-02
3.243243243243243423e-01
2.702702702702702853e-02
2.702702702702702853e-02
2.702702702702702853e-02
2.162162162162162282e-01
1.891891891891891997e-01
2.702702702702702853e-02
2.702702702702702853e-02
8.108108108108108558e-02
1.081081081081081141e-01
2.702702702702702853e-02
2.702702702702702853e-02
1.621621621621621712e-01
8.108108108108108558e-02
5.405405405405405705e-02
0.000000000000000000e+00
2.702702702702702853e-02
1.081081081081081141e-01
2.702702702702702853e-02
8.108108108108108558e-02
1.081081081081081141e-01
2.702702702702702853e-02
2.702702702702702853e-02
5.405405405405405705e-02
2.702702702702702853e-02
5.405405405405405705e-02
2.702702702702702853e-02
2.702702702702702853e-02
1.351351351351351426e-01
5.405405405405405705e-02
2.162162162162162282e-01
8.108108108108108558e-02
2.702702702702702853e-02
2.702702702702702853e-02
2.702702702702702853e-02
5.405405405405405705e-02
8.108108108108108558e-02
2.702702702702702853e-02
2.702702702702702853e-02
2.162162162162162282e-01
1.621621621621621712e-01
2.702702702702702853e-02
2.702702702702702853e-02
2.702702702702702853e-02
5.405405405405405705e-02
2.162162162162162282e-01
1.621621621621621712e-01
1.081081081081081141e-01
2.702702702702702853e-02
1.081081081081081141e-01
2.702702702702702853e-02
3.783783783783783994e-01
3.513513513513513709e-01
2.702702702702702853e-02
2.702702702702702853e-02
2.702702702702702853e-02
2.702702702702702853e-02
2.702702702702702853e-02
2.702702702702702853e-02
1.351351351351351426e-01
8.108108108108108558e-02
8.108108108108108558e-02
5.405405405405405705e-02
5.405405405405405705e-02
2.702702702702702853e-02
1.351351351351351426e-01
8.108108108108108558e-02
8.108108108108108558e-02
2.702702702702702853e-02
1.081081081081081141e-01
2.702702702702702853e-02
1.081081081081081141e-01
2.702702702702702853e-02
2.702702702702702853e-02
1.081081081081081141e-01
2.702702702702702853e-02
4.594594594594594850e-01
2.702702702702702853e-02
2.162162162162162282e-01
1.081081081081081141e-01
5.405405405405405705e-02
5.405405405405405705e-02
5.405405405405405705e-02
2.702702702702702853e-02
1.000000000000000000e+00
2.702702702702702853e-02
2.702702702702702853e-02
5.405405405405405705e-02
1.081081081081081141e-01
8.108108108108108558e-02
1.081081081081081141e-01
8.108108108108108558e-02
2.702702702702702853e-02
2.702702702702702853e-02
2.702702702702702853e-02
1.891891891891891997e-01
5.405405405405405705e-02
2.702702702702702853e-02
1.081081081081081141e-01
1.081081081081081141e-01
5.405405405405405705e-02
2.702702702702702853e-02
3.783783783783783994e-01
2.702702702702702853e-02
5.405405405405405705e-02
8.108108108108108558e-02
5.405405405405405705e-01
1.891891891891891997e-01
2.702702702702702853e-02
2.702702702702702853e-02
2.702702702702702853e-02
2.702702702702702853e-02
8.108108108108108558e-02
2.702702702702702853e-02
2.702702702702702853e-02
1.081081081081081141e-01
5.405405405405405705e-02
