4.551937984496123857e-01
0.000000000000000000e+00
5.581395348837209225e-02
8.254263565891473142e-01
1.240310077519379914e-03
1.280620155038759700e-01
2.201550387596899055e-02
1.271317829457364358e-02
7.193798449612402723e-02
2.139534883720930342e-02
1.674418604651162906e-02
3.100775193798449786e-04
6.353488372093023528e-01
8.331782945736434520e-01
1.426356589147286837e-02
3.844961240310077605e-02
3.410852713178294440e-03
2.821705426356589386e-01
5.674418604651162990e-02
1.000000000000000000e+00
