2.746607994132746478e-01
0.000000000000000000e+00
1.184451778511184383e-01
2.079207920792079112e-01
1.778511184451778415e-01
1.162449578291162439e-01
4.301430143014301488e-01
2.222222222222222099e-01
8.507517418408507004e-02
4.374770810414374544e-01
3.344334433443344468e-01
2.988632196552988840e-01
5.768243491015768720e-01
6.600660066006600740e-03
1.000000000000000000e+00
2.200220022002200102e-03
2.431243124312431336e-01
6.751008434176750672e-01
1.426475980931426468e-01
2.508250825082508073e-01
4.165749908324165585e-01
