6.768381756208408095e-02
3.343613049829573247e-02
3.252718714494400309e-01
7.839636422658659287e-02
6.492452523940918548e-04
5.843207271546827127e-03
2.566141860087647886e-01
4.312611589027754988e-01
0.000000000000000000e+00
1.136179191689660854e-03
6.817075150137964779e-02
1.590650868365525022e-02
5.953578964453822842e-01
1.000000000000000000e+00
3.863009251744846384e-02
6.145106313910079221e-01
3.286804090245090126e-01
2.110047070280798420e-03
1.136179191689660854e-03
2.033760753124492782e-01
1.864956987502028873e-01
9.621814640480441660e-01
