5.113739763421292217e-01
0.000000000000000000e+00
8.234758871701547411e-02
4.558689717925386575e-01
4.549590536851683500e-04
1.715195632393084757e-01
1.778889899909008310e-01
4.549590536851683500e-04
8.280254777070063243e-02
1.669699727024567815e-01
1.000909918107370337e-02
1.819836214740673400e-03
6.624203821656050595e-01
1.000000000000000000e+00
5.868971792538671406e-02
1.069153776160145647e-01
4.868061874431300895e-02
3.639672429481346800e-03
2.857142857142856984e-01
9.326660600545950974e-02
7.415832575068244115e-01
