5.042864346949067550e-04
1.000000000000000000e+00
7.060010085728693485e-03
1.780131114473020582e-01
2.824004034291477394e-02
1.008572869389813510e-03
6.515380736258195027e-01
8.093797276853252898e-01
1.553202218860312567e-01
0.000000000000000000e+00
5.042864346949066899e-03
2.082702975289964786e-01
1.008572869389813510e-03
2.349974785678265177e-01
3.015632879475542150e-01
1.512859304084720156e-03
8.184568835098335882e-01
1.603630862329803453e-01
1.174987392839132588e-01
3.530005042864346743e-03
1.512859304084720156e-03
1.296016137165910131e-01
1.210287443267776125e-01
