1.161411177021542257e-01
1.000000000000000000e+00
3.059631595379331756e-02
1.205120199812675652e-01
5.775835154542616201e-02
1.136434592569466190e-01
4.964096159850140411e-01
4.942241648454573921e-01
4.302216671870121578e-01
0.000000000000000000e+00
1.183265688417109024e-01
1.938807368092413386e-01
7.836403371838901455e-02
1.617233843271932425e-01
1.142678738682485207e-01
2.176084920387137134e-01
1.414299094598813478e-01
2.357165157664689314e-01
9.078988448329691208e-01
4.436465813300031202e-01
8.492038713705900299e-02
9.241336247268186477e-02
9.428660630658756980e-02
4.314704964096159889e-01
4.133624726818607709e-01
7.680299719013425341e-02
