6.021314387211367247e-01
8.170515097690941864e-02
1.000000000000000000e+00
6.163410301953818893e-01
8.880994671403196622e-03
2.664298401420958987e-02
6.927175843694494128e-02
2.024866785079929010e-01
2.770870337477797651e-01
3.428063943161633875e-01
0.000000000000000000e+00
1.953818827708703534e-02
6.678507992895204026e-01
9.413854351687389599e-02
3.339253996447602013e-01
5.133214920071047516e-01
1.278863232682060369e-01
8.792184724689164899e-01
3.268206039076376745e-01
4.120781527531083288e-01
1.776198934280639324e-02
2.841918294849023197e-02
1.989342806394316099e-01
1.865008880994671325e-01
