0.000000000000000000e+00
7.305630026809650790e-02
6.702412868632707903e-04
2.138069705093833817e-01
2.667560321715817806e-01
1.199731903485254658e-01
1.126005361930294962e-01
4.155495978552278813e-02
2.486595174262734576e-01
4.021447721179624742e-03
2.010723860589812371e-03
3.230563002680965079e-01
1.340482573726541581e-03
5.529490616621983712e-01
1.420911528150134162e-01
1.380697050938337889e-01
1.876675603217158039e-02
9.383378016085790196e-03
4.698391420911527949e-01
1.000000000000000000e+00
1.045576407506702415e-01
