2.838489923360771987e-04
1.000000000000000000e+00
7.663922793074084798e-03
1.001986942946352516e-01
4.257734885041158414e-03
3.122338915696849185e-03
3.531081464660800195e-01
4.893556627873971165e-01
4.694862333238716823e-01
0.000000000000000000e+00
2.554640931024694788e-03
1.001986942946352516e-01
3.122338915696849185e-03
5.052512063582174223e-02
6.670451319897814646e-02
1.135395969344308795e-03
7.615668464376951219e-01
4.913426057337496600e-01
2.270791938688617589e-03
3.690036900369003583e-03
3.406187908032926384e-03
3.670167470905478235e-01
3.420380357649730474e-01
