0.000000000000000000e+00
2.591768631813125556e-01
2.046718576195773187e-01
2.224694104560622897e-03
6.284760845383760008e-01
3.147942157953281250e-01
2.647385984427141348e-01
1.868743047830923321e-01
3.637374860956618661e-01
3.103448275862069061e-01
1.112347052280311449e-03
4.449388209121245795e-03
7.808676307007786921e-01
1.000000000000000000e+00
3.092324805339266014e-01
2.035595105672969862e-01
4.560622914349277135e-02
2.369299221357063501e-01
5.494994438264738656e-01
4.226918798665183635e-02
