4.774305555555555941e-03
8.680555555555555941e-03
9.557291666666666297e-01
2.039930555555555594e-02
2.113715277777777901e-01
3.559027777777777624e-02
1.302083333333333261e-03
8.211805555555555802e-01
7.504340277777777901e-01
1.002604166666666713e-01
0.000000000000000000e+00
9.982638888888888118e-03
2.916666666666666852e-01
1.302083333333333261e-03
3.693576388888888951e-01
4.826388888888888951e-01
4.774305555555555941e-03
1.000000000000000000e+00
1.072048611111111049e-01
9.895833333333332871e-02
1.085069444444444406e-02
5.208333333333333044e-03
8.680555555555555247e-02
7.769097222222222376e-02
