1.962054604349837972e-01
3.068024062933826790e-01
4.164738546968995564e-02
3.757519666820915982e-01
6.015733456732993978e-03
5.552984729291994374e-03
3.701989819527996394e-03
7.251272559000462303e-01
1.000000000000000000e+00
0.000000000000000000e+00
3.239241092086996791e-03
2.202683942619157731e-01
8.792225821378991599e-03
9.347524294308190429e-02
1.633503007866728418e-01
2.174919018972697876e-02
6.788523831559463151e-01
4.072188801480795817e-02
1.378991207774178662e-01
2.822767237390097148e-02
2.313743637204997844e-02
9.305876908838500716e-01
