2.071256038647343034e-01
1.630434782608695607e-02
6.648550724637680709e-01
1.527777777777777901e-01
2.294685990338164380e-02
2.657004830917874399e-02
6.884057971014492794e-02
6.219806763285024021e-02
1.062801932367149760e-01
1.000000000000000000e+00
0.000000000000000000e+00
1.932367149758454014e-02
2.445652173913043514e-01
1.147342995169082086e-01
7.306763285024155119e-02
1.280193236714975979e-01
1.147342995169082190e-02
4.909420289855072617e-01
9.740338164251207687e-01
1.485507246376811530e-01
1.630434782608695607e-02
1.690821256038647219e-02
5.954106280193236511e-01
5.700483091787439394e-01
