5.567010309278350721e-01
1.421969427657305326e-03
0.000000000000000000e+00
5.758976182012087025e-02
3.380732314255243676e-01
4.265908282971916411e-03
1.169569854248133645e-01
2.740846071809456275e-01
7.429790259509420902e-02
2.651972982580874660e-01
1.635264841805901190e-02
4.265908282971916411e-03
6.182012086740135137e-01
1.000000000000000000e+00
5.047991468183433972e-02
1.653039459651617360e-01
3.839317454674724683e-02
3.217205830074653661e-01
1.521507287593316660e-01
5.787415570565233036e-01
