4.047878128400435038e-01
3.264417845484222230e-02
9.630032644178454504e-01
2.818280739934711510e-01
4.787812840043525336e-02
4.243743199129488414e-02
2.176278563656148038e-02
1.338411316648530913e-01
2.089227421109902116e-01
4.972796517954298223e-01
0.000000000000000000e+00
2.720348204570184961e-02
4.646354733405875792e-01
4.787812840043525336e-02
4.722524483133840878e-01
1.000000000000000000e+00
6.093579978237214506e-02
6.746463547334058397e-01
5.027203482045702332e-01
3.068552774755168855e-01
2.502720348204570330e-02
2.176278563656148038e-02
2.665941240478781338e-01
2.295973884657236119e-01
