3.207698476343223692e-03
1.000000000000000000e+00
2.405773857257417769e-02
2.646351242983159824e-01
2.726543704891740139e-02
6.415396952686447385e-03
3.095429029671211141e-01
4.017642341619887536e-01
2.518043303929430876e-01
0.000000000000000000e+00
1.042502004811547700e-02
2.782678428227746692e-01
6.415396952686447385e-03
5.469125902165196118e-01
7.305533279871692098e-01
2.004811547714514808e-02
7.313552526062550019e-01
2.630312750601443428e-01
1.964715316760224650e-01
9.623095429029671077e-03
1.042502004811547700e-02
2.004811547714514808e-01
1.804330392943063466e-01
