1.405502392344497586e-01
0.000000000000000000e+00
1.022727272727272790e-01
7.476076555023923875e-01
5.980861244019138523e-04
2.254784688995215280e-01
3.887559808612440354e-02
1.794258373205741622e-02
1.166267942583732037e-01
3.827751196172248654e-02
2.212918660287081438e-02
5.980861244019138523e-04
6.698564593301435943e-01
8.983253588516746380e-01
1.913875598086124327e-02
5.502392344497607918e-02
2.392344497607655409e-03
5.562200956937798924e-02
8.971291866028707762e-02
1.000000000000000000e+00
