1.926380368098159490e-01
4.453987730061349515e-01
1.000000000000000000e+00
7.012269938650306234e-01
4.294478527607362324e-03
2.822085889570552161e-02
1.128834355828220865e-01
4.220858895705521530e-01
7.650306748466257911e-01
1.699386503067484566e-01
0.000000000000000000e+00
1.104294478527607405e-02
2.073619631901840454e-01
1.269938650306748351e-01
2.092024539877300748e-01
3.926380368098159601e-01
2.564417177914110613e-01
6.104294478527607648e-01
1.631901840490797562e-01
1.441717791411042948e-01
1.472392638036809816e-02
2.576687116564417221e-02
9.693251533742330839e-02
8.711656441717791077e-02
