1.152870647913304021e-03
1.383444777495964912e-03
1.000000000000000000e+00
6.917223887479824994e-03
8.277611252017523513e-02
4.380908462070555627e-03
2.075167166243947585e-03
4.334793636154023466e-01
5.988010145261701833e-01
3.613096610560295185e-01
0.000000000000000000e+00
2.075167166243947585e-03
8.070094535393128321e-02
2.075167166243947585e-03
1.332718468987779681e-01
1.780032280378141540e-01
2.305741295826608367e-04
7.675812773806779399e-01
3.788332949043117237e-01
6.456075628314503212e-03
3.228037814157251606e-03
2.305741295826608042e-03
2.965183306433017973e-01
2.741526400737837044e-01
