2.097498396407953825e-01
3.406029506093649628e-01
1.000000000000000000e+00
4.573444515715202052e-01
9.621552277100705458e-03
2.373316228351507462e-02
2.052597819114817049e-02
5.561257216164208206e-01
8.037203335471455601e-01
1.141757536882617025e-01
0.000000000000000000e+00
2.373316228351507462e-02
2.341244387427838247e-01
3.399615137908915813e-02
2.091084028223220148e-01
3.797305965362411939e-01
1.064785118665811381e-01
7.075048107761385818e-01
1.064785118665811381e-01
1.372674791533033956e-01
1.860166773572802940e-02
1.924310455420141092e-02
7.119948685054522386e-02
6.478511866581142253e-02
