3.620564808110065137e-03
8.682114409847936365e-01
1.846488052136133207e-02
1.622013034033309153e-01
2.643012309920347511e-02
2.534395365677045552e-03
1.000000000000000000e+00
9.102099927588703787e-01
6.480811006517016304e-02
0.000000000000000000e+00
1.049963794351918903e-02
2.009413468501086153e-01
2.534395365677045552e-03
1.788559015206372116e-01
1.897175959449674265e-01
1.230992034757422138e-02
9.456915278783489809e-01
6.951484431571325340e-02
9.739319333816075230e-02
1.556842867487328100e-02
1.194786386676321456e-02
8.073859522085445606e-02
7.385952208544532827e-02
