2.325581395348837177e-02
2.325581395348837177e-02
4.651162790697674354e-02
2.325581395348837177e-02
6.976744186046511531e-02
1.395348837209302306e-01
2.325581395348837177e-02
1.860465116279069742e-01
3.023255813953488191e-01
2.325581395348837177e-02
7.441860465116278966e-01
1.860465116279069742e-01
4.651162790697674354e-02
2.325581395348837177e-02
1.860465116279069742e-01
2.325581395348837177e-02
2.325581395348837177e-02
1.162790697674418589e-01
5.348837209302325091e-01
2.325581395348837177e-02
1.395348837209302306e-01
2.325581395348837177e-02
4.651162790697674354e-02
4.651162790697674354e-02
1.395348837209302306e-01
2.325581395348837177e-02
2.790697674418604612e-01
2.325581395348837177e-02
4.651162790697674354e-02
1.162790697674418589e-01
2.325581395348837177e-02
2.325581395348837177e-02
4.651162790697674354e-02
6.976744186046511531e-02
0.000000000000000000e+00
2.325581395348837177e-02
2.325581395348837177e-02
2.325581395348837177e-02
4.651162790697674354e-02
1.000000000000000000e+00
4.651162790697674354e-02
4.186046511627907196e-01
4.651162790697674354e-02
4.651162790697674354e-02
2.325581395348837177e-02
9.302325581395348708e-02
1.162790697674418589e-01
2.558139534883721034e-01
1.162790697674418589e-01
2.325581395348837177e-02
2.325581395348837177e-02
1.860465116279069742e-01
2.325581395348837177e-02
4.651162790697674354e-02
2.325581395348837177e-02
2.325581395348837177e-02
1.860465116279069742e-01
2.325581395348837177e-02
2.325581395348837177e-02
2.325581395348837177e-02
1.627906976744186163e-01
1.627906976744186163e-01
2.325581395348837177e-02
2.325581395348837177e-02
3.953488372093023062e-01
2.325581395348837177e-02
2.325581395348837177e-02
1.860465116279069742e-01
5.116279069767442067e-01
3.953488372093023062e-01
2.325581395348837177e-01
1.627906976744186163e-01
2.325581395348837177e-02
2.325581395348837177e-02
6.744186046511627675e-01
4.651162790697674354e-02
2.558139534883721034e-01
2.325581395348837177e-02
2.325581395348837177e-01
1.860465116279069742e-01
4.651162790697674354e-02
2.325581395348837177e-02
2.325581395348837177e-02
1.000000000000000000e+00
2.325581395348837177e-02
2.325581395348837177e-02
4.651162790697674354e-02
1.627906976744186163e-01
6.976744186046511531e-02
2.325581395348837177e-02
3.023255813953488191e-01
2.325581395348837177e-02
2.790697674418604612e-01
2.325581395348837177e-02
