3.558718861209964231e-03
0.000000000000000000e+00
3.505338078291814763e-01
1.992882562277580039e-01
1.245551601423487524e-02
7.259786476868327343e-01
1.583629893238434061e-01
3.202846975088968207e-01
3.985765124555160077e-01
1.512455516014235002e-01
3.558718861209964231e-03
7.117437722419928461e-03
7.615658362989323749e-01
5.231316725978647497e-01
2.882562277580071330e-01
9.074733096085409179e-02
7.117437722419929502e-02
5.160142348754448438e-02
2.402135231316726016e-01
7.829181494661921481e-02
1.000000000000000000e+00
