3.523608174770965617e-03
9.732205778717406552e-01
1.691331923890063496e-02
2.431289640591966228e-01
3.241719520789287934e-02
1.409443269908386247e-03
8.978153629316419915e-01
1.000000000000000000e+00
3.805496828752642779e-02
0.000000000000000000e+00
9.866102889358702860e-03
2.938689217758985173e-01
1.409443269908386247e-03
4.510218463706835990e-02
6.483439041578575868e-02
4.933051444679351430e-03
9.105003523608174998e-01
4.016913319238900326e-02
1.465821000704721766e-01
1.127554615926708997e-02
4.933051444679351430e-03
3.875968992248061962e-02
3.594080338266384539e-02
