1.789838337182448058e-01
3.775981524249422683e-01
1.703233256351039393e-01
5.381062355658198237e-01
7.505773672055427240e-03
9.237875288683602623e-03
6.293302540415704471e-02
4.076212471131639981e-01
7.407621247113164165e-01
0.000000000000000000e+00
2.886836027713625928e-03
2.038106235565819990e-01
8.891454965357967200e-02
2.551963048498845366e-01
5.150115473441108094e-01
2.066974595842956119e-01
6.131639722863740927e-01
1.524249422632794337e-01
1.177829099307159400e-01
9.526558891454965650e-02
8.371824480369514931e-02
1.000000000000000000e+00
