2.395833333333333426e-01
1.041666666666666609e-02
1.354166666666666574e-01
1.041666666666666609e-02
1.041666666666666609e-02
4.166666666666666435e-02
3.125000000000000000e-02
2.187500000000000000e-01
1.041666666666666609e-02
1.145833333333333287e-01
1.145833333333333287e-01
1.041666666666666609e-02
1.041666666666666609e-02
2.083333333333333218e-02
0.000000000000000000e+00
2.187500000000000000e-01
1.000000000000000000e+00
1.250000000000000000e-01
2.291666666666666574e-01
4.687500000000000000e-01
1.875000000000000000e-01
2.083333333333333218e-02
9.583333333333333703e-01
1.354166666666666574e-01
4.791666666666666852e-01
1.041666666666666609e-02
3.020833333333333148e-01
5.208333333333333703e-01
1.041666666666666609e-02
4.166666666666666435e-02
2.291666666666666574e-01
6.250000000000000000e-02
5.208333333333333565e-02
3.125000000000000000e-02
3.333333333333333148e-01
1.145833333333333287e-01
2.083333333333333218e-02
1.458333333333333426e-01
1.041666666666666713e-01
2.916666666666666852e-01
1.770833333333333426e-01
1.770833333333333426e-01
3.125000000000000000e-02
1.041666666666666609e-02
8.333333333333332871e-02
5.208333333333333565e-02
4.270833333333333148e-01
3.125000000000000000e-02
