2.363315696649029851e-01
2.804232804232804077e-01
4.938271604938271331e-02
3.897707231040564158e-01
2.116402116402116285e-02
1.763668430335096904e-02
1.763668430335096904e-03
5.996472663139329473e-01
1.000000000000000000e+00
0.000000000000000000e+00
1.763668430335096904e-02
2.663139329805996325e-01
1.058201058201058142e-02
2.486772486772486634e-01
3.439153439153438963e-01
2.116402116402116285e-02
7.425044091710758520e-01
4.409171075837742260e-02
1.640211640211640121e-01
4.409171075837742260e-02
4.056437389770722879e-02
9.717813051146384495e-01
