7.645259938837920552e-04
6.269113149847095334e-01
2.293577981651376274e-03
3.058103975535167995e-01
3.211009174311926784e-02
7.645259938837920552e-04
1.383792048929663732e-01
1.314984709480122305e-01
2.897553516819572073e-01
0.000000000000000000e+00
1.529051987767584110e-03
4.174311926605504541e-01
7.645259938837920552e-04
8.287461773700305345e-01
1.000000000000000000e+00
1.529051987767584110e-03
6.536697247706422242e-01
3.050458715596330306e-01
1.368501529051987797e-01
3.058103975535168221e-03
3.822629969418960168e-03
2.737003058103975595e-01
2.545871559633027248e-01
