2.091571279916753512e-01
7.856399583766909833e-01
1.768990634755462921e-01
8.324661810613943891e-02
1.821019771071800131e-01
8.002081165452653577e-01
6.586888657648283241e-01
1.498439125910509817e-01
0.000000000000000000e+00
2.029136316337148693e-01
2.747138397502601470e-01
1.050988553590010421e-01
2.705515088449531591e-01
1.821019771071800131e-01
2.684703433922996929e-01
1.758584807492195590e-01
4.099895941727367266e-01
1.000000000000000000e+00
1.612903225806451568e-01
9.885535900104058804e-02
1.227887617065556713e-01
1.259105098855358984e-01
2.018730489073881362e-01
1.893860561914672280e-01
1.050988553590010421e-01
