9.359190556492411051e-02
7.719224283305227141e-01
2.655986509274873425e-02
9.232715008431703618e-02
3.372681281618886834e-02
9.148397976391231534e-02
4.439291736930859877e-01
3.187183811129848388e-01
2.807757166947723593e-01
0.000000000000000000e+00
9.654300168634064039e-02
1.370151770657672963e-01
6.661045531197301584e-02
1.247892074198988233e-01
9.148397976391231534e-02
1.000000000000000000e+00
8.014333895446880129e-01
2.019392917369308704e-01
9.911467116357504104e-01
2.887858347386171864e-01
5.607082630691399838e-02
8.347386172006746041e-02
8.052276559865093053e-02
3.735244519392917351e-01
3.625632377740303780e-01
6.281618887015176511e-02
