2.040816326530612082e-02
6.122448979591836593e-02
2.040816326530612082e-02
2.040816326530612082e-02
4.081632653061224164e-02
6.122448979591836593e-02
2.040816326530612082e-02
2.040816326530612082e-02
1.020408163265306145e-01
2.040816326530612082e-02
5.918367346938775420e-01
2.040816326530612082e-02
2.040816326530612082e-02
4.081632653061224164e-02
4.081632653061224164e-02
4.693877551020408379e-01
2.040816326530612082e-02
8.163265306122448328e-02
6.122448979591836593e-02
2.040816326530612082e-02
4.081632653061224164e-02
2.040816326530612082e-02
4.081632653061224164e-02
2.040816326530612082e-02
2.040816326530612082e-02
6.122448979591836593e-02
1.224489795918367319e-01
2.040816326530612082e-02
2.040816326530612082e-02
2.653061224489796088e-01
6.122448979591836593e-02
4.081632653061224164e-02
1.632653061224489666e-01
6.122448979591836593e-02
2.040816326530612082e-02
4.081632653061224164e-02
2.040816326530612082e-02
1.224489795918367319e-01
1.224489795918367319e-01
4.081632653061224164e-02
2.040816326530612082e-02
6.122448979591836593e-02
2.040816326530612082e-02
2.040816326530612082e-02
0.000000000000000000e+00
4.081632653061224164e-02
2.040816326530612082e-02
2.040816326530612082e-02
1.000000000000000000e+00
2.448979591836734637e-01
2.040816326530612082e-02
4.081632653061224164e-02
2.040816326530612082e-02
2.040816326530612082e-02
1.428571428571428492e-01
2.040816326530612082e-02
2.653061224489796088e-01
1.428571428571428492e-01
2.448979591836734637e-01
8.163265306122448328e-02
8.163265306122448328e-02
2.040816326530612082e-02
2.040816326530612082e-02
2.653061224489796088e-01
2.040816326530612082e-02
2.040816326530612082e-02
2.040816326530612082e-02
4.081632653061224164e-02
4.081632653061224164e-02
1.836734693877551117e-01
1.020408163265306145e-01
2.040816326530612082e-02
6.122448979591836593e-02
4.081632653061224164e-02
8.163265306122448328e-02
6.122448979591836593e-02
1.224489795918367319e-01
1.632653061224489666e-01
4.693877551020408379e-01
6.122448979591836593e-02
1.020408163265306145e-01
2.040816326530612082e-02
2.448979591836734637e-01
3.265306122448979331e-01
1.020408163265306145e-01
1.428571428571428492e-01
6.734693877551020114e-01
2.040816326530612082e-02
4.081632653061224164e-02
6.122448979591836593e-02
2.448979591836734637e-01
2.857142857142856984e-01
4.081632653061224164e-02
2.040816326530612082e-02
4.081632653061224164e-02
2.040816326530612082e-02
6.122448979591836593e-02
6.122448979591836593e-02
1.428571428571428492e-01
2.040816326530612082e-02
2.040816326530612082e-02
6.122448979591836593e-02
9.795918367346938549e-01
8.163265306122448328e-02
2.244897959183673464e-01
2.040816326530612082e-02
4.081632653061224164e-02
2.040816326530612082e-02
2.040816326530612082e-02
2.040816326530612082e-02
2.040816326530612082e-02
2.040816326530612082e-02
1.224489795918367319e-01
2.040816326530612082e-02
3.469387755102040782e-01
1.020408163265306145e-01
4.081632653061224164e-02
1.020408163265306145e-01
2.857142857142856984e-01
