3.378313253012047990e-01
4.819277108433734714e-04
0.000000000000000000e+00
8.578313253012048722e-02
5.465060240963854898e-01
1.946987951807228889e-01
1.816867469879518138e-01
1.122891566265060287e-01
1.730120481927710785e-01
9.156626506024096931e-03
1.445783132530120522e-03
7.228915662650602370e-01
1.000000000000000000e+00
8.578313253012048722e-02
1.146987951807228873e-01
4.481927710843373186e-02
1.734939759036144627e-02
1.975903614457831248e-01
1.036144578313253073e-01
7.219277108433734824e-01
