2.407178217821782096e-01
2.500000000000000000e-01
4.950495049504950729e-02
3.539603960396039417e-01
1.051980198019802047e-02
1.361386138613861381e-02
7.425742574257425399e-03
7.388613861386138515e-01
1.000000000000000000e+00
0.000000000000000000e+00
6.806930693069306905e-03
2.444306930693069257e-01
9.900990099009901110e-03
3.032178217821782096e-02
7.487623762376237335e-02
8.044554455445544761e-03
7.456683168316832200e-01
5.321782178217821652e-02
1.423267326732673317e-02
3.960396039603960444e-02
3.341584158415841777e-02
9.740099009900989868e-01
