9.632751354605659233e-02
1.806140878988561106e-03
8.862131246237207050e-01
8.952438290186635061e-01
4.455147501505117569e-02
2.769416014449127203e-02
8.067429259482239434e-02
4.214328717639975741e-02
0.000000000000000000e+00
2.167369054786273327e-02
3.172787477423238967e-01
1.023479831426851380e-02
1.324503311258278145e-02
8.934376881396749459e-01
3.070439494280553794e-02
1.083684527393136664e-02
6.020469596628537021e-03
5.779650812763395540e-02
2.191450933172787441e-01
1.000000000000000000e+00
