0.000000000000000000e+00
1.393728222996515609e-01
8.000000000000000444e-01
4.181184668989547035e-03
2.118466898954703970e-01
4.390243902439024126e-02
3.623693379790941110e-02
3.623693379790941110e-02
2.508710801393728221e-02
2.787456445993031356e-03
7.679442508710800919e-01
2.857142857142857054e-02
2.090592334494773517e-03
9.003484320557491039e-01
8.641114982578397552e-02
7.595818815331011054e-02
2.090592334494773517e-03
9.059233449477352429e-02
7.386759581881532921e-02
1.000000000000000000e+00
