0.000000000000000000e+00
3.771929824561403577e-01
3.898635477582845787e-03
9.746588693957114469e-03
3.713450292397660890e-01
8.576998050682260732e-02
3.801169590643274643e-02
3.079922027290448172e-01
8.089668615984405009e-02
7.115009746588693562e-02
6.822612085769980128e-03
6.345029239766082352e-01
3.898635477582845787e-03
1.000000000000000000e+00
6.822612085769980128e-03
5.165692007797270668e-02
2.972709551656920191e-01
9.746588693957114469e-04
1.033138401559454134e-01
1.705653021442495032e-01
6.881091617933723370e-01
