3.294663573085847008e-01
3.170920340293890277e-02
2.273781902552204082e-01
1.972157772621809801e-01
2.938901778808971493e-02
2.629543696829079666e-02
2.320185614849187838e-03
3.789636504253673377e-01
5.119876256767208478e-01
0.000000000000000000e+00
5.413766434648105245e-03
4.717710750193349067e-01
1.624129930394431487e-02
3.619489559164733028e-01
7.602474864655839326e-01
1.856148491879350271e-02
8.321732405259086862e-01
2.180974477958236568e-01
1.716937354988399000e-01
1.198762567672080476e-01
1.105955143078112962e-01
1.000000000000000000e+00
