1.050640890943475500e-03
1.000000000000000000e+00
5.463332632906072600e-03
8.699306577011976793e-02
1.197730615675562070e-02
2.101281781886951000e-03
4.950619878125656625e-01
6.314351754570287634e-01
3.904181550745954854e-01
0.000000000000000000e+00
2.311409960075646100e-03
1.025425509560832088e-01
2.311409960075646100e-03
4.643832737970161884e-02
6.072704349653288564e-02
6.303845345660853000e-04
7.552006724101701929e-01
3.998739230930867805e-01
5.694473628913637037e-02
2.731666316453036300e-03
3.782307207396511800e-03
2.798907333473418801e-01
2.664425299432653937e-01
