3.098591549295774406e-01
1.408450704225352144e-02
1.408450704225352144e-02
1.690140845070422504e-01
1.408450704225352144e-02
1.408450704225352144e-02
2.535211267605633756e-01
1.126760563380281716e-01
2.676056338028168780e-01
8.450704225352112520e-02
1.549295774647887203e-01
0.000000000000000000e+00
2.535211267605633756e-01
1.000000000000000000e+00
1.549295774647887203e-01
5.633802816901408578e-02
5.633802816901408717e-01
1.971830985915492829e-01
1.408450704225352144e-02
1.000000000000000000e+00
1.971830985915492829e-01
4.366197183098591283e-01
2.816901408450704358e-01
4.366197183098591283e-01
1.408450704225352144e-02
2.957746478873239382e-01
5.633802816901408578e-02
4.225352112676056260e-02
2.816901408450704358e-01
9.859154929577464144e-02
1.408450704225352144e-02
1.408450704225352144e-02
3.661971830985915610e-01
1.690140845070422504e-01
1.408450704225352144e-02
2.535211267605633756e-01
3.661971830985915610e-01
1.690140845070422504e-01
9.859154929577464144e-02
4.225352112676056260e-02
1.408450704225352144e-02
1.408450704225352144e-02
5.915492957746478764e-01
4.225352112676056260e-02
