5.886402753872633786e-01
8.777969018932874068e-02
3.098106712564543952e-01
5.456110154905335907e-01
2.237521514629948333e-02
5.163511187607573542e-03
5.679862306368330810e-02
1.703958691910499035e-01
2.547332185886402867e-01
0.000000000000000000e+00
6.540447504302926429e-02
5.972461273666093140e-01
9.466437177280551118e-02
2.444061962134251309e-01
4.268502581755593828e-01
8.777969018932874068e-02
7.951807228915662717e-01
2.908777969018933041e-01
3.528399311531841831e-01
1.910499139414802150e-01
1.686746987951807109e-01
1.000000000000000000e+00
