4.892367906066535932e-03
7.299412915851272166e-01
1.663405088062622217e-02
3.140900195694716346e-01
3.522504892367905871e-02
9.784735812133071864e-04
3.630136986301369939e-01
4.911937377690802076e-01
5.577299412915850962e-02
0.000000000000000000e+00
1.663405088062622217e-02
3.219178082191780921e-01
9.784735812133071864e-04
6.868884540117417004e-01
1.000000000000000000e+00
1.956947162426614373e-03
6.242661448140900404e-01
6.457925636007827430e-02
1.663405088062622217e-02
2.348336594911937247e-02
2.250489236790606529e-02
4.011741682974559464e-02
3.228962818003913715e-02
