1.796375266524520287e-01
1.966950959488272810e-01
1.226012793176972232e-01
3.043710021321961445e-01
2.985074626865671585e-02
1.652452025586353956e-02
1.012793176972281474e-02
5.101279317697228199e-01
9.461620469083155127e-01
0.000000000000000000e+00
9.061833688699359735e-03
1.855010660980810355e-01
1.705756929637526620e-02
1.092750533049040573e-01
3.363539445628997981e-01
3.944562899786780569e-02
5.501066098081023314e-01
1.252665245202558564e-01
3.091684434968016912e-02
5.277185501066097850e-02
4.104477611940298559e-02
1.000000000000000000e+00
