2.149425287356321879e-01
3.057471264367815911e-01
1.264367816091954144e-01
4.586206896551723866e-01
2.873563218390804558e-03
6.321839080459770027e-03
3.563218390804597652e-02
6.120689655172413257e-01
8.494252873563218342e-01
0.000000000000000000e+00
8.045977011494252762e-03
2.373563218390804530e-01
5.402298850574712569e-02
6.666666666666666574e-02
1.011494252873563204e-01
5.632183908045976933e-02
7.097701149425287293e-01
1.109195402298850525e-01
1.425287356321839061e-01
6.551724137931035086e-02
5.977011494252873480e-02
1.000000000000000000e+00
