0.000000000000000000e+00
1.214841412327947318e-01
6.038300418910831358e-01
1.196888090963494885e-03
2.351885098743267399e-01
1.160981448234590097e-01
6.104129263913823933e-02
1.238779174147217194e-01
1.119090365050867675e-01
2.513464991023339409e-02
1.196888090963494885e-03
7.055655296229802476e-01
1.000000000000000000e+00
8.198683423099939471e-02
7.061639736684620361e-02
5.804907241172950483e-02
1.555954518252543328e-02
8.737283064033513069e-02
1.603830041891083080e-01
9.455415918611609349e-01
