1.823129251700680298e-01
9.387755102040816479e-02
0.000000000000000000e+00
1.823129251700680298e-01
3.564625850340136237e-01
2.721088435374149472e-03
1.891156462585034115e-01
1.687074829931972664e-01
8.299319727891156517e-02
1.306122448979591955e-01
1.673469387755102122e-01
4.897959183673469274e-01
1.115646258503401322e-01
5.510204081632652517e-01
1.000000000000000000e+00
9.115646258503401489e-02
6.244897959183673963e-01
2.721088435374149472e-03
7.482993197278911546e-02
6.802721088435374763e-02
7.278911564625850650e-01
