3.974562798092209567e-03
1.000000000000000000e+00
2.702702702702702853e-02
1.462639109697933260e-01
2.702702702702702853e-02
5.961844197138315218e-03
8.088235294117647189e-01
9.280604133545310441e-01
1.387122416534181113e-01
0.000000000000000000e+00
1.589825119236883827e-02
1.685214626391096926e-01
5.564387917329093394e-03
1.053259141494435613e-01
1.784578696343402104e-01
7.551669316375199045e-03
7.901430842607313210e-01
1.466613672496025478e-01
9.419713831478537802e-02
1.589825119236883827e-02
8.744038155802861048e-03
9.419713831478537802e-02
8.664546899841017724e-02
