2.490660024906600229e-03
8.899958488999585304e-01
6.641760066417600611e-03
1.241178912411789181e-01
8.302200083022000764e-04
1.245330012453300115e-03
7.841427978414279298e-01
1.000000000000000000e+00
8.634288086342881141e-02
0.000000000000000000e+00
4.981320049813200458e-03
1.627231216272312098e-01
1.245330012453300115e-03
4.234122042341220693e-02
7.388958073889580203e-02
3.320880033208800305e-03
7.127438771274388074e-01
8.758821087588210264e-02
6.558738065587380039e-02
7.887090078870900509e-03
3.735990037359900560e-03
5.230386052303860611e-02
4.815276048152760530e-02
