1.515151515151515194e-02
1.439393939393939503e-01
7.575757575757575968e-03
2.272727272727272790e-02
7.575757575757575968e-03
2.272727272727272790e-02
7.575757575757575968e-03
0.000000000000000000e+00
2.272727272727272790e-02
1.000000000000000000e+00
3.030303030303030387e-02
2.272727272727272790e-02
7.575757575757575968e-03
7.575757575757575968e-03
1.515151515151515194e-02
1.515151515151515194e-02
3.787878787878787984e-02
7.575757575757575968e-03
7.575757575757575968e-03
7.575757575757575968e-03
7.575757575757575968e-03
7.575757575757575968e-03
7.575757575757575968e-03
1.969696969696969613e-01
1.515151515151515194e-02
7.575757575757575968e-03
7.575757575757575968e-03
2.272727272727272790e-02
7.575757575757575968e-03
7.575757575757575968e-03
5.303030303030303177e-02
3.787878787878787984e-02
7.575757575757575968e-03
1.515151515151515194e-01
7.575757575757575968e-03
2.272727272727272790e-02
7.575757575757575968e-03
1.515151515151515194e-02
5.303030303030303177e-02
7.575757575757575968e-03
7.575757575757575968e-03
7.575757575757575968e-03
1.515151515151515194e-02
2.272727272727272790e-02
6.060606060606060774e-02
1.515151515151515194e-02
7.575757575757575968e-03
7.575757575757575968e-03
1.515151515151515194e-02
7.575757575757575968e-03
7.575757575757575968e-03
1.515151515151515194e-02
7.575757575757575968e-03
1.515151515151515194e-02
4.545454545454545581e-02
7.575757575757575968e-03
2.272727272727272790e-02
2.272727272727272790e-02
7.575757575757575968e-03
1.515151515151515194e-02
7.575757575757575968e-03
2.272727272727272790e-02
7.575757575757575968e-03
1.818181818181818232e-01
7.575757575757575968e-03
4.545454545454545581e-02
3.030303030303030387e-02
7.575757575757575968e-03
7.575757575757575968e-03
7.575757575757575968e-03
7.575757575757575968e-03
4.545454545454545581e-02
7.575757575757575968e-03
3.787878787878787984e-02
7.575757575757575968e-03
7.575757575757575968e-03
2.272727272727272790e-02
2.272727272727272790e-02
2.272727272727272790e-02
7.575757575757575968e-03
3.181818181818181768e-01
7.575757575757575968e-03
7.575757575757575968e-03
1.060606060606060635e-01
1.666666666666666574e-01
1.515151515151515194e-02
2.272727272727272790e-02
8.333333333333332871e-02
7.575757575757575968e-03
1.515151515151515194e-02
3.787878787878787984e-02
1.515151515151515194e-02
4.545454545454545581e-02
5.303030303030303177e-02
3.030303030303030387e-02
7.575757575757575968e-03
7.575757575757575968e-03
7.575757575757575968e-03
7.575757575757575968e-03
1.515151515151515194e-02
1.515151515151515194e-02
7.575757575757575968e-03
7.575757575757575968e-03
6.818181818181817677e-02
9.848484848484848064e-02
7.575757575757575968e-03
1.515151515151515194e-02
7.575757575757575968e-03
5.303030303030303177e-02
2.272727272727272790e-02
7.575757575757575968e-03
9.772727272727272929e-01
7.575757575757575968e-03
7.575757575757575968e-03
7.575757575757575968e-03
3.787878787878787984e-02
1.515151515151515194e-02
7.575757575757575968e-03
3.030303030303030387e-02
7.575757575757575968e-03
1.136363636363636326e-01
1.515151515151515194e-02
1.515151515151515194e-02
7.575757575757575968e-03
7.575757575757575968e-03
7.575757575757575968e-03
5.303030303030303177e-02
1.515151515151515194e-02
2.272727272727272790e-02
7.575757575757575968e-03
7.575757575757575968e-03
7.575757575757575968e-03
7.575757575757575968e-02
1.515151515151515194e-02
1.515151515151515194e-02
2.272727272727272790e-02
7.575757575757575968e-03
7.575757575757575968e-02
7.575757575757575968e-03
7.575757575757575968e-03
1.515151515151515194e-02
8.333333333333332871e-02
7.575757575757575968e-03
2.272727272727272790e-02
1.742424242424242542e-01
6.818181818181817677e-02
7.575757575757575968e-03
7.575757575757575968e-03
7.575757575757575968e-03
1.515151515151515194e-02
1.515151515151515194e-02
7.575757575757575968e-03
7.575757575757575968e-03
3.787878787878787984e-02
2.272727272727272790e-02
1.060606060606060635e-01
7.575757575757575968e-03
1.515151515151515194e-02
7.575757575757575968e-03
2.272727272727272790e-02
7.575757575757575968e-03
1.515151515151515194e-02
4.545454545454545581e-02
2.272727272727272790e-02
7.575757575757575968e-03
7.575757575757575968e-03
1.515151515151515194e-02
1.515151515151515194e-02
7.575757575757575968e-03
7.575757575757575968e-03
7.575757575757575968e-03
2.045454545454545581e-01
1.515151515151515194e-02
6.060606060606060774e-02
5.303030303030303177e-02
7.575757575757575968e-03
1.515151515151515194e-02
3.787878787878787984e-02
3.030303030303030387e-02
7.575757575757575968e-03
1.515151515151515194e-02
1.818181818181818232e-01
7.575757575757575968e-03
1.515151515151515194e-02
3.030303030303030387e-02
7.575757575757575968e-03
7.575757575757575968e-03
7.575757575757575968e-03
7.575757575757575968e-03
7.575757575757575968e-03
4.545454545454545581e-02
1.515151515151515194e-02
7.575757575757575968e-03
6.818181818181817677e-02
3.787878787878787984e-02
7.575757575757575968e-03
7.575757575757575968e-03
7.575757575757575968e-03
7.575757575757575968e-03
7.575757575757575968e-03
3.257575757575757458e-01
3.030303030303030387e-02
7.575757575757575968e-03
7.575757575757575968e-03
7.575757575757575968e-03
7.575757575757575968e-03
1.515151515151515194e-02
1.515151515151515194e-02
3.030303030303030387e-02
1.515151515151515194e-02
7.575757575757575968e-03
7.575757575757575968e-03
7.575757575757575968e-03
1.515151515151515194e-02
7.575757575757575968e-03
4.545454545454545581e-02
3.030303030303030387e-02
1.515151515151515194e-02
7.575757575757575968e-03
7.575757575757575968e-03
2.272727272727272790e-02
7.575757575757575968e-03
1.818181818181818232e-01
1.212121212121212155e-01
3.030303030303030387e-02
7.575757575757575968e-03
1.515151515151515194e-02
7.575757575757575968e-03
5.303030303030303177e-02
7.575757575757575968e-03
1.742424242424242542e-01
7.575757575757575968e-03
7.575757575757575968e-03
1.515151515151515194e-02
