1.984126984126984017e-03
1.000000000000000000e+00
3.108465608465608293e-02
1.210317460317460320e-01
2.017195767195767084e-02
1.355820105820105745e-02
4.298941798941798842e-01
5.013227513227512810e-01
4.285714285714285476e-01
0.000000000000000000e+00
9.259259259259258745e-03
1.468253968253968311e-01
1.355820105820105745e-02
1.167328042328042298e-01
1.349206349206349131e-01
5.291005291005290712e-03
8.852513227513227889e-01
4.454365079365079638e-01
7.142857142857142461e-02
1.190476190476190410e-02
7.936507936507936067e-03
3.908730158730158721e-01
3.700396825396825573e-01
