3.756574004507888791e-03
1.000000000000000000e+00
9.015777610818932752e-03
1.145755071374906092e-01
4.132231404958677801e-03
2.253944402704733188e-03
7.182569496619083393e-01
9.132231404958677246e-01
1.337340345604808300e-01
0.000000000000000000e+00
4.883546205860255819e-03
1.404958677685950452e-01
2.253944402704733188e-03
2.712246431254695667e-01
4.380165289256198191e-01
9.767092411720511638e-03
7.554470323065364257e-01
1.393688955672426621e-01
6.611570247933884481e-02
7.137490608564989007e-03
5.259203606311044395e-03
9.353869271224643511e-02
8.752817430503380403e-02
