7.189378757515030305e-02
0.000000000000000000e+00
7.615230460921844358e-02
1.951402805611222313e-01
2.231963927855711294e-01
8.992985971943888435e-02
3.446893787575150414e-01
3.682364729458917907e-01
4.884769539078156336e-02
3.519539078156312395e-01
9.569138276553106059e-02
8.667334669338677688e-02
5.711422845691382921e-01
1.000000000000000000e+00
1.252505010020040031e-03
2.302104208416833608e-01
2.439879759519038016e-01
7.515030060120240401e-04
6.162324649298597246e-01
2.169338677354709366e-01
8.857715430861723416e-01
