6.648936170212766013e-03
0.000000000000000000e+00
5.319148936170212637e-03
9.607712765957446277e-02
9.973404255319148152e-04
3.324468085106382898e-04
6.356382978723403854e-01
8.194813829787234161e-01
5.651595744680851241e-02
4.654255319148935949e-03
1.013962765957446832e-01
3.324468085106382898e-04
6.695478723404255650e-01
1.000000000000000000e+00
6.648936170212765796e-04
6.496010638297872175e-01
6.582446808510637737e-02
4.986702127659574726e-03
2.659574468085106318e-03
4.886968085106382920e-02
3.889627659574468321e-02
8.676861702127659504e-01
