6.930693069306930187e-01
3.808073115003808053e-03
0.000000000000000000e+00
1.241431835491241392e-01
7.616146230007616322e-04
2.711348057882711493e-01
2.467631378522467667e-01
4.569687738004570010e-03
3.731911652703731597e-02
3.046458492003046303e-01
8.377760853008377195e-03
3.252094440213252335e-01
6.504188880426504671e-01
1.000000000000000000e+00
1.469916222391469962e-01
1.744097486671744024e-01
4.417364813404417445e-02
3.808073115003807879e-02
3.511043412033511002e-01
1.447067783701447008e-01
4.166031987814166060e-01
