3.868078175895765455e-03
1.000000000000000000e+00
9.568403908794789053e-03
5.964983713355048733e-02
1.832247557003257275e-03
3.664495114006514551e-03
3.625814332247557226e-01
5.309446254071661375e-01
2.756514657980456140e-01
0.000000000000000000e+00
1.832247557003257275e-03
6.331433224755700362e-02
3.460912052117263646e-03
6.083061889250814813e-01
8.835504885993484825e-01
1.099348534201954365e-02
7.223127035830618770e-01
2.854234527687296574e-01
4.071661237785016469e-04
1.425081433224755683e-03
1.221498371335504778e-03
2.082654723127035923e-01
1.940146579804560290e-01
