1.651619755708975124e-01
2.002124269782262211e-01
1.000000000000000000e+00
3.127987254381306426e-01
1.009028146574614954e-02
1.911842804036112745e-02
2.389803505045140844e-02
4.668082846521507956e-01
7.365905469994689092e-01
1.895910780669144979e-01
0.000000000000000000e+00
1.062134891131173708e-02
2.044609665427509215e-01
4.460966542750929159e-02
2.278279341476367459e-01
4.333510355815188286e-01
8.337758895379712709e-02
6.829527349973446571e-01
1.789697291556027747e-01
9.824747742963356456e-02
1.168348380244291045e-02
1.115241635687732290e-02
1.184280403611258636e-01
1.046202867764206013e-01
