2.616580310880828875e-01
6.010362694300518394e-01
4.533678756476684085e-02
6.321243523316062429e-01
3.367875647668393951e-02
9.067357512953367130e-03
2.202072538860103471e-02
6.670984455958549608e-01
9.831606217616580823e-01
0.000000000000000000e+00
3.886010362694300446e-03
3.044041450777202340e-01
2.720207253886010312e-02
5.569948186528497075e-02
4.922279792746114130e-02
2.590673575129533515e-02
7.189119170984455964e-01
4.533678756476684085e-02
2.007772020725388518e-01
3.367875647668393951e-02
2.720207253886010312e-02
1.000000000000000000e+00
