2.305113160100586700e-01
2.036881810561609329e-01
3.688181056160938498e-02
3.487007544006705539e-01
1.089689857502095481e-02
5.867560771165129981e-03
4.191114836546521415e-03
6.269907795473596002e-01
1.000000000000000000e+00
0.000000000000000000e+00
1.927912824811399764e-02
2.590108968985750382e-01
9.220452640402346245e-03
1.081307627829002499e-01
1.257334450963956407e-01
1.844090528080469249e-02
6.789606035205364432e-01
3.352891869237217132e-02
1.198658843252305151e-01
2.682313495389773705e-02
2.347024308466051992e-02
9.061190276613578787e-01
