7.425149700598802915e-02
1.013173652694610710e-01
3.377245508982035793e-01
2.213173652694610805e-01
7.185628742514969976e-04
2.395209580838323325e-04
5.628742514970060118e-02
1.944910179640718662e-01
3.386826347305389451e-01
0.000000000000000000e+00
1.197604790419161663e-03
7.736526946107784297e-02
7.353293413173653259e-02
5.034730538922155274e-01
1.000000000000000000e+00
2.055089820359281561e-01
5.065868263473053412e-01
3.314970059880239517e-01
5.101796407185629073e-02
1.738922155688622795e-01
1.614371257485029965e-01
9.128143712574849911e-01
