3.386004514672686164e-03
9.548532731376975224e-01
3.762227238525206897e-03
1.350639578630549176e-01
1.429646350639578699e-02
1.128668171557561982e-03
6.629044394281414787e-01
1.000000000000000000e+00
1.252821670428893863e-01
0.000000000000000000e+00
2.257336343115123965e-03
1.282919488337095626e-01
1.128668171557561982e-03
1.245297215951843423e-01
1.448457486832204766e-01
1.504890895410082715e-03
7.103085026335590468e-01
1.388261851015801240e-01
2.370203160270880488e-02
4.890895410082769096e-03
3.762227238525206897e-03
1.072234762979683981e-01
9.330323551542513139e-02
