5.733491498616054109e-03
0.000000000000000000e+00
6.010280743376828633e-02
5.140371688414392681e-03
2.669039145907473390e-02
6.267299327797548614e-02
3.542902332937920007e-01
1.111111111111111049e-01
5.436931593515223482e-02
3.505338078291814763e-01
1.107156979043100002e-02
1.581652827204428624e-02
2.562277580071174454e-01
1.000000000000000000e+00
4.942665085013839450e-03
1.593515223408461801e-01
4.389086595492289189e-02
2.372479240806643110e-03
4.464215104784499677e-01
1.423487544483985900e-01
5.043495452748121277e-01
